0.999998152256012,2.4369734319407144e-07,6.352738068926556e-08,6.786684281223643e-08,1.7598163992715854e-07,-9.639758502544282e-08,1.2965375617568498e-07,-8.64437552650088e-08
-1.1066306626617006e-07,2.962424048291723e-07,1.0392282234761296e-07,-8.843908005928824e-08,-1.2284343142709986e-07,1.000000238418579,1.3433574963528372e-07,-1.8178444349814527e-07
-8.492818892591458e-08,3.408516136005346e-07,3.900334490936075e-07,1.0000008344650269,1.7429468357477162e-07,-5.1584301274942845e-08,6.769712257437277e-08,-4.0323861583146936e-08
5.537174985192905e-08,-1.0777826275898406e-07,0.999998152256012,-2.972364541165007e-07,4.821090016093876e-08,-1.825797113497174e-07,2.025228553748093e-07,-2.9030875481339535e-09
-8.290955832990221e-08,-4.803266620001523e-07,9.82092132062462e-08,-5.4904546686884714e-08,2.413053152849898e-07,5.7190398194961745e-08,0.9999992847442627,7.62355796268821e-08
2.042318669737142e-07,1.0495524804809975e-07,1.0403090300314943e-07,-2.450769898132421e-07,1.0000005960464478,-1.1492139151414449e-07,1.6314268691530742e-07,-7.080493702460444e-08
-1.614316147424688e-08,8.947426977101713e-08,-1.282369055388699e-07,1.0152644591698845e-07,9.5110806341836e-08,-1.1431740176703897e-07,1.6974060201846441e-07,1.0000020265579224
-3.2078155243198125e-08,0.9999989867210388,2.0414097434695577e-07,-1.2466997434401605e-09,-1.3473538951203068e-09,-1.19460239034197e-07,6.494657611710863e-08,-6.671083951914625e-08
