8.314354005278801e-08,0.999997615814209,-1.3815369470648875e-07,7.284656788897337e-08,1.3721046343562193e-07,8.455189970391075e-08,-7.029937876268377e-08,1.3004466836719075e-07
2.3527803705292172e-08,2.8306066823802212e-08,-5.9462863077897055e-08,3.278297242559347e-07,-4.764484984320916e-08,-1.3059509740287467e-07,-8.683873886639049e-08,0.9999986290931702
-6.807238772665869e-09,-2.786831885259744e-07,-2.380770425247647e-08,1.1208093120274043e-08,1.107316691673077e-07,5.663983060344435e-08,1.0000001192092896,-2.3307418928197876e-07
0.9999985098838806,2.3440060203938629e-07,1.3292466860548302e-07,2.7420955461820995e-07,2.2941817690025346e-07,5.7735700664807155e-08,1.4344011312061866e-08,-1.284013162461406e-08
-9.352756791258798e-08,7.730240270120703e-08,1.0000008344650269,2.1682225792574172e-07,3.6143148918199586e-08,1.619387468565492e-08,1.2723194231512025e-07,9.738172934703471e-08
1.3967078871246486e-07,2.1926219062606833e-07,-1.8693955894377723e-07,-1.5186749635631713e-07,1.1643222563861855e-07,0.9999982118606567,-2.640081209204226e-10,-7.43027399607854e-08
7.819514991069809e-08,-1.1963406620907335e-07,-5.6329870545823724e-08,-9.719580162936836e-08,0.9999977350234985,-4.45979502217142e-08,5.9531192420081425e-08,1.946897398852343e-08
6.70360122967395e-08,1.7902554816373595e-07,-1.5990252677511307e-08,1.0000019073486328,6.104900762693433e-08,5.1634213349416314e-08,1.1531884069881926e-07,8.344724733433395e-08
