-5.133138003543536e-08,6.706090260877318e-08,1.2894814993558157e-08,1.5163864475198352e-07,-4.4248679387237644e-08,-9.771407150083178e-08,-1.1967306079441187e-07,7.538601920487054e-08,6.704923283251674e-09,-4.955951382612511e-08,-2.618511700802628e-07,-5.8354274301564146e-08,4.673370312957559e-08,6.702207855369124e-08,1.000000238418579,-4.575558776309663e-08
-8.662620842869728e-08,1.6968694893648717e-08,9.346999263470934e-08,9.035274217694678e-08,-8.040271382014907e-08,1.6713888939534627e-08,3.151657068656277e-08,-1.1989925496891374e-07,1.7492959614173742e-07,3.913212509587538e-08,-2.3650002844988194e-07,-6.301699073674172e-08,1.0000017881393433,8.783851512816909e-08,8.210918878148732e-08,6.063397783862001e-09
-1.7104449057114834e-07,2.422621321329643e-07,-9.617370722025953e-08,4.5872262433022115e-08,4.6240121065466155e-08,0.9999991655349731,-9.142149792751297e-08,5.2834607799923106e-08,1.6434105987173098e-07,6.534940411029311e-08,1.7690609865894658e-07,1.6227645005528757e-08,5.256897139815919e-08,5.962274673976253e-09,-9.604308814914475e-08,-5.8906394428959175e-08
1.5731704650079337e-07,2.0203484041303454e-07,5.943541125930096e-08,-1.248971415179767e-07,8.336854762092116e-08,9.64468753750225e-08,-1.1236735986130952e-07,-1.4555646998815064e-07,2.1579567999197025e-07,6.34018348932841e-08,-2.4487139427264992e-08,4.150935595248484e-08,-3.352445787641045e-08,0.9999994039535522,1.2677735128363565e-07,4.84061445149564e-07
2.74724101245738e-07,-1.357597199103111e-07,-8.003175366866344e-08,3.124684155864088e-08,-1.466436998498466e-07,7.131966839324377e-08,-5.4074931199465937e-08,2.5364337830069417e-07,0.999997615814209,-4.256163776972244e-08,3.7643879124971136e-08,-2.7663340063099895e-08,1.3265976406273694e-07,-2.339713134347221e-08,4.065061887104093e-08,-5.187892426761209e-08
3.285766680960478e-08,-1.9905061776626098e-07,-9.929402011721322e-08,-3.489479283302899e-08,-1.5752100068766595e-07,-4.569360001482892e-08,1.9059203282267845e-07,1.560642282072422e-08,-1.644374663101189e-07,0.9999988675117493,-3.5407932585940216e-08,-8.285732633339649e-08,-3.0489766800201323e-07,-3.520491276276516e-08,1.0968586394710655e-07,-4.7088569488096255e-08
-3.101664702853668e-08,2.171335324874235e-07,5.9513748595918514e-08,-1.6513208578317062e-08,8.675919360712214e-08,-6.83573517790137e-08,-9.389474797671937e-08,-3.2418327577943273e-07,9.770861453262114e-08,-3.566198358839756e-07,0.9999975562095642,3.1075817474857104e-08,5.135948200063467e-08,-9.396708833264711e-08,-1.0414418483151167e-07,-6.405254282526585e-08
1.0000019073486328,1.7803384366743558e-07,1.4719415908359679e-08,-2.026392564857815e-08,-1.90906163766158e-07,3.2507743719101256e-10,-1.221631293901737e-07,6.799001539548044e-08,-5.691635607263379e-08,-5.966056733086589e-07,5.2233030345405496e-08,1.168459675682243e-07,1.1437929003932368e-07,1.7970283749946248e-07,-1.9905893111626938e-07,1.664844830884249e-07
-3.3014540434805895e-08,5.2526104354910785e-08,-1.0683347539952592e-07,-5.9025843768267805e-08,1.0000019073486328,5.4690463713313875e-08,-7.605971319435412e-08,-9.511278875606877e-08,1.0049294729697067e-07,7.50173896335582e-08,-1.1885293105251549e-07,-7.118305944686654e-08,1.0753864643220368e-07,-2.7851035255821444e-08,7.334851659379638e-08,5.383575540918173e-08
-9.828122671251549e-08,-1.700349194777573e-08,0.9999984502792358,-1.3684473110231465e-08,1.3312200053405832e-07,-1.295128715383953e-08,4.500940633533901e-07,-4.412660459252038e-08,-6.549959863377808e-08,5.353464516133499e-08,-1.1596397797575264e-07,-1.1554465828567118e-07,-1.946648886530511e-08,2.0492686303441587e-07,1.4259603631217033e-07,-1.728910632436964e-07
6.15215682842063e-08,6.342050085095252e-08,-2.5167250328195223e-07,-3.0271388595792814e-07,1.9827930941573868e-07,9.829458491594778e-08,-1.251555232784085e-07,1.0000007152557373,-6.558504850318059e-08,7.343992081132455e-08,3.237104451159212e-08,-4.498481587233982e-08,9.158115688023827e-08,6.572707655916332e-11,-7.011996672190435e-08,-4.418811272444145e-08
2.289569955848947e-08,-1.0824739327119914e-08,-1.6212817399718915e-07,0.9999985694885254,6.036683153354261e-09,-6.938910246390151e-08,-1.2934167159528442e-07,-1.0347716283831687e-07,-1.4690988336951705e-07,-1.3254793884698302e-07,-6.076295733237203e-08,6.752672021548278e-08,1.514485745701677e-07,-9.331012762459068e-08,6.101996774532381e-08,-3.59552987383438e-09
1.5419608700995013e-08,6.828320664453713e-08,1.0207408251972083e-07,4.5167379170152344e-08,-6.167720556504719e-08,-6.528407681116732e-08,-7.587090067318059e-09,-3.451993180192403e-08,-5.112443446364523e-08,1.2276711913727922e-07,-9.509564335985488e-08,9.277309231947584e-08,-4.4976896873549777e-08,-8.062804113251332e-08,1.9104609805253858e-07,1.0000017881393433
-8.330884071483524e-08,-1.409687087061684e-07,9.838431935804692e-08,-2.6732874403023743e-07,3.030105517609627e-07,1.7054904333235754e-07,-5.814296244466277e-08,5.673108560699802e-08,2.988704395079367e-08,-9.466447181694093e-08,-8.026020736906503e-08,0.9999998211860657,-2.081839340917213e-07,1.2244129266036907e-07,-1.8211625985031787e-08,-1.3586388547537354e-07
8.2833274461791e-08,0.9999982118606567,-9.217639984626658e-08,2.474684777098446e-07,-2.2278453570834245e-07,2.3408944116454222e-07,4.0347710950072724e-08,2.7753232600957745e-08,-6.59656151924537e-08,-2.7006322511624603e-07,-1.932699973394847e-07,2.964004011118959e-07,-4.6103611595071925e-08,4.5385778690842926e-08,9.417097146524611e-08,3.421965644179181e-08
-3.2353248968775006e-08,-6.747306713350554e-08,4.9811377245134736e-09,2.3394080983507592e-07,1.3181879410240072e-07,-2.7158387183590094e-07,1.0000004768371582,-1.989638747090794e-07,1.3982169200232875e-08,-1.6309786587953568e-07,1.0149820184324199e-07,1.7171977617636003e-08,5.863457630539415e-08,1.3185643865654129e-07,8.345939761511545e-08,-3.611311072404533e-08
