-4.815457899098874e-08,0.9999976754188538,-1.0252286131162691e-07,-1.0757696600194322e-07,-2.768184081958225e-08,3.850609164857133e-09,-2.4366698880839976e-08,5.2173174225345065e-08
0.9999980330467224,1.0805076300357541e-07,7.963171100300315e-08,-1.9945136386922968e-07,-3.0499754188895167e-07,5.949566173057974e-08,6.293822707448271e-08,1.2986640740564326e-07
7.634145049451035e-08,2.2757014050966973e-08,-1.6773453737073396e-08,-1.0900692615223306e-07,0.9999976754188538,5.832459137877777e-08,2.2202815586069846e-08,-3.154256376092235e-07
5.758673538025505e-08,-1.8114916144895687e-07,-2.34382753205864e-07,-1.6368140620670601e-07,1.9488389568778075e-08,1.1734659466355879e-07,5.961727822523244e-08,1.0000003576278687
-1.9663559669425013e-08,-3.893944011679196e-08,-1.3031184664669127e-07,-2.3081614841657938e-08,-4.031143774341217e-08,-2.013667357858573e-11,1.0000015497207642,3.226426059654841e-08
-7.790123390805093e-08,-5.334963404379778e-08,-1.0309259579344143e-07,0.999997615814209,-1.4431096317935044e-08,-6.41688373548277e-08,6.505747052187871e-08,-2.7832314231091004e-08
1.4294793970748287e-07,3.7504378269659355e-08,-3.4334600940155724e-08,-1.1046494563515807e-07,8.160067466178589e-08,1.0000015497207642,-9.129441025379492e-08,2.545371380335837e-08
-2.3475909216585933e-08,7.483998132329361e-08,0.9999997615814209,1.460766583250006e-07,-6.096376381492519e-08,-4.550000198833004e-08,-9.831178715558053e-08,1.9412455287692865e-07
