0.9999995231628418,-1.68571062886258e-07,-9.023054303725075e-08,1.4141870785522315e-08,-1.3667420972751643e-08,-2.686552136310638e-07,1.202144375156422e-07,-6.121901208189229e-09
-8.387286243305425e-08,3.3265884269439994e-08,2.2585815884212934e-08,-1.5456375024314184e-07,0.9999986886978149,2.4651876628922764e-07,-2.2391077436623164e-07,3.24291988818004e-08
-7.227493625805437e-08,1.6949672954069683e-07,1.0000005960464478,1.2201928711874643e-07,8.1904921955811e-08,1.0784932413798742e-07,6.498193982906741e-08,2.921458275295663e-08
-5.680045944700396e-08,0.9999990463256836,-9.50744905026113e-08,-1.9232304637739617e-09,1.1676306854724317e-07,6.820499720561202e-08,5.2746543133253e-08,9.898533903651696e-08
1.9787661287296032e-08,-5.810439418496571e-08,2.1095829083606077e-07,-1.6983503314804693e-07,-1.7198576074406446e-07,1.0000016689300537,9.121483657281715e-08,1.6012738512927172e-07
-1.1473194660993613e-07,-9.695875746729143e-08,2.8407200147739786e-08,7.335200535862896e-08,1.6569221372719767e-07,2.2614784711549873e-07,0.9999980926513672,-8.767112547047873e-08
9.568187664399375e-08,9.682717205805602e-08,-9.558732472214615e-08,1.0000008344650269,-1.1550820744332668e-08,-5.8501182564896226e-08,4.8302737809535756e-08,-2.390323743384215e-07
2.7530331792036122e-08,-7.555035352879713e-08,1.2382058933724238e-08,-1.0594120425366782e-07,-9.9225147209836e-08,-6.7794786673403e-08,-2.2828707813005167e-07,0.999998152256012
