0.9999994039535522,-1.0610218481588163e-07,6.375501726552102e-08,-2.5768914113655228e-08,-1.9622365243776585e-07,7.839935278752819e-08,4.647009177460859e-08,4.209650938946652e-08,2.9469003948179306e-07,2.3136749405239243e-08,-1.8239047960832977e-07,8.032522913481444e-08,-7.005378677149565e-08,-2.4007957222238474e-07,1.2172188235126669e-07,-9.97164377736226e-08
-1.2873351806774735e-07,-4.198114744724535e-09,9.602062078784002e-08,6.110028927253097e-09,0.9999977350234985,1.0452904319890877e-07,-5.8421598225777416e-08,-6.459522694512998e-08,-1.1573781932838756e-07,-1.0702306241228143e-07,6.589618095631522e-08,-3.611791044022539e-08,1.9093971559414058e-07,1.0392415816795619e-07,-1.3508966389963462e-07,-6.453144862916815e-08
6.684773268261779e-08,0.9999986886978149,1.6756962040176404e-08,-1.6076560882538615e-07,6.094862214922614e-08,5.304515227066986e-08,-5.1855757021712634e-08,-1.0081516421678316e-07,-3.188973352052926e-08,4.064710168449892e-08,1.877950523976324e-07,-1.7132627760929608e-07,1.3648762831053318e-07,2.3452887631947306e-08,-2.617734651266801e-07,4.437702330051252e-07
1.3336767779037473e-07,-8.751371893822579e-08,9.438978310072343e-08,-5.155222027042328e-08,-5.91536277738669e-08,2.918114319072629e-07,6.696781440496125e-08,8.645759663750141e-08,3.278827165331677e-08,-4.601183078989379e-08,1.5748837256523984e-07,3.567030049111963e-08,0.9999976754188538,8.499872450329349e-08,1.8227570564022244e-08,7.849989458463824e-08
-6.751940162530445e-08,5.704917072080207e-08,9.54130285890642e-08,-1.522354864391673e-07,1.8739555684987863e-07,-9.707290082872078e-09,9.539856193896412e-08,6.787888651160756e-08,1.466710575215302e-08,3.423307148864296e-08,3.5047185065195663e-07,0.9999989867210388,6.905649030386485e-08,7.470035967571675e-08,5.894004573292477e-08,4.0367105214045296e-08
9.157451330565891e-08,1.6327562946116814e-07,-5.076960007954767e-08,-2.955173954433121e-07,-3.135038539880952e-08,0.999997615814209,9.813011558890139e-08,7.444689487101641e-08,-5.728087160150608e-08,-4.0804625456303256e-08,-1.5023546495740447e-07,-1.6164412386387994e-07,6.725058199208434e-08,-9.379868259884461e-08,5.524850976712514e-08,8.442941634712042e-08
-1.1423378509789472e-07,-1.1311098546684661e-07,-8.680692076268315e-08,2.557318623530591e-07,6.251478623653384e-08,2.1290445317845297e-07,2.284830102894375e-08,-5.1364057895852966e-08,-5.81264671950521e-08,0.9999975562095642,6.740192759480124e-08,-1.0159322982872254e-07,1.8005586355229752e-08,-2.586629364031978e-07,1.7215233683032238e-08,-2.32749840733959e-07
-5.148769943730258e-08,1.425641329433347e-07,0.9999998807907104,1.8567547499515058e-08,-1.0323825350155857e-08,-1.0784687276554905e-07,-2.8771901838808844e-07,4.416869217038766e-07,-6.541849018049106e-08,-2.3008018956716114e-07,1.281072457004484e-07,-5.184976004102282e-08,6.75625813073566e-08,-1.1388257092903586e-07,6.82506495763846e-08,2.724104035678465e-07
2.0162117664312973e-07,-1.223586707510549e-07,7.900555942796927e-08,1.6012103287721402e-07,-1.2829472950670606e-07,7.081552411136727e-08,-2.029378443069163e-09,-1.0534060379541188e-07,0.9999977946281433,-1.9767325554198578e-08,2.3569468154960305e-08,-8.950220831138722e-08,1.6605436314875988e-07,4.850652501886543e-08,-3.2318595799551986e-08,5.663541813305528e-08
-6.899963977957668e-08,2.2425579615514835e-08,1.413968391261733e-07,-8.602788881262313e-08,-6.743660208030633e-08,-6.47780424856137e-08,-1.1108435415962958e-07,-8.799130313263959e-09,6.763733750858592e-08,1.3476589799665817e-07,1.000002145767212,-7.310804761573308e-08,-6.766035198779718e-08,-9.874647588503649e-08,8.664483885922891e-08,-7.629210330151182e-08
1.322849527696235e-07,-2.839710759872105e-07,-1.5521632690251863e-07,-6.409823782860258e-08,6.694316567745773e-08,3.5361682648726855e-07,5.060655450250806e-09,-3.780967006150604e-07,-8.117119421058305e-08,2.894840100964302e-08,4.663115404923701e-08,-4.0750578023107664e-08,-1.1148519263315393e-07,1.7999478529873159e-07,-2.91724990830744e-08,0.999998152256012
-3.4712620333721134e-08,-1.2998799547858653e-07,-9.225936992152128e-08,0.9999983906745911,1.8608449181556352e-07,7.286413961082872e-08,5.695343574529943e-08,-4.129884700887487e-08,1.0343964618186874e-07,3.9664098494540667e-07,-2.1564461860634765e-07,-7.735114215812189e-10,1.4880731669109082e-07,-5.643242673158966e-08,7.268234014645714e-08,4.567264610955135e-08
-1.8529041767578747e-07,-6.586265755004206e-08,-1.4399829240119288e-07,9.913444642961622e-08,8.342657054072333e-08,9.960724156599099e-08,6.588473411284212e-08,4.441925582909789e-08,1.9344642510077392e-07,6.506984817633565e-08,-2.1126797378201445e-07,5.3192785287592415e-08,2.6831665422832884e-07,1.0000016689300537,-1.0128189131819454e-07,-3.403767934173629e-08
1.0076070644515767e-08,1.4022641892097454e-07,-6.466711255370683e-08,2.3365450374512875e-07,-1.518095018582244e-07,5.5324235859188775e-08,6.409619146552359e-08,1.0000015497207642,-1.020995270550884e-07,4.8485251369356774e-08,2.6662269192456733e-07,-1.4314788643332577e-07,-2.618592702674505e-07,6.802591201449104e-08,1.587614377740465e-07,-8.233164550119909e-08
-1.0994065746672277e-07,6.784062378528688e-08,1.8837447157693532e-08,-8.578792676239289e-10,7.323825457206112e-08,8.558045294648764e-08,1.000002145767212,-2.25079418214591e-07,4.23673292004878e-08,-7.641236265953921e-08,-5.208579167970129e-08,1.1500731744717996e-07,-1.6881277531410888e-07,1.6400234414959414e-07,1.3594251413451275e-07,-1.1661352061764774e-07
1.217717198187529e-07,-1.731116228143037e-08,1.3329784565030423e-07,-8.548767027605209e-08,2.583798064392795e-08,-3.281456883996725e-08,6.149080888917524e-08,-8.274172813571568e-08,-4.728791580532743e-08,-3.238270096517226e-08,5.100494249177245e-09,-5.525365054381837e-08,2.3948368621518057e-08,8.167372556044938e-08,0.9999979734420776,2.974540080913357e-08
