0.04456809535622597,-0.22092120349407196,-0.23057584464550018,0.8176707625389099,-0.15146341919898987,-0.2697814404964447,0.19789275527000427,0.07604687660932541,-0.07464192062616348,-0.2849884629249573
0.21800394356250763,0.10709374397993088,-0.012898385524749756,-0.25534889101982117,0.3103061020374298,-0.525044322013855,-0.21314752101898193,-0.027970682829618454,0.19867616891860962,-0.6465203166007996
-0.4383885860443115,0.607754111289978,0.148561030626297,0.31983307003974915,0.3854670524597168,0.06649918854236603,-0.23581285774707794,0.18245279788970947,-0.2627021074295044,-0.05630956590175629
0.35995006561279297,0.4652818441390991,-0.2472534477710724,0.08657162636518478,-0.34377342462539673,0.41726168990135193,-0.1270732283592224,0.29131758213043213,0.3981441557407379,-0.18303361535072327
0.2755175530910492,0.3595755696296692,-0.07747684419155121,-0.16673576831817627,-0.2820114493370056,-0.5241313576698303,0.17304132878780365,0.3267894685268402,-0.41623371839523315,0.3110641539096832
0.2610180079936981,-0.17324811220169067,-0.5903794169425964,0.025653256103396416,0.615562915802002,0.07733117043972015,-0.11327268928289413,0.23521435260772705,-0.018703551962971687,0.3150298595428467
-0.31293612718582153,-0.362844854593277,-0.19197119772434235,-0.19993333518505096,-0.3096955716609955,0.06253290176391602,-0.49889400601387024,0.4521818459033966,-0.2969050407409668,-0.22858008742332458
-0.38809913396835327,-0.0686378926038742,0.1002826914191246,0.015190847218036652,0.007084666285663843,-0.32718849182128906,0.0932006761431694,0.4519006907939911,0.6634284257888794,0.2724727988243103
0.4528146982192993,-0.17519524693489075,0.5599249005317688,0.2811550796031952,0.026240432634949684,-0.059508465230464935,-0.5431297421455383,0.10548069328069687,0.029507430270314217,0.24593859910964966
-0.1763705462217331,0.16583721339702606,-0.3853433430194855,0.09334836900234222,-0.2427051067352295,-0.27896031737327576,-0.4983024597167969,-0.5416184663772583,0.15705114603042603,0.28485143184661865
