-0.05530552938580513,0.013654808513820171,-0.44092926383018494,-0.19355508685112,0.2797788083553314,0.27670708298683167,0.0066742124035954475,0.3213241696357727,-0.14946337044239044,-0.4149506688117981,0.09369156509637833,0.2628295123577118,-0.13811516761779785,-0.3014894127845764,0.348879873752594,-0.05163973197340965
-0.3071426451206207,-0.23126956820487976,0.006223770324140787,0.26622891426086426,-0.13812939822673798,0.1862570196390152,-0.035391997545957565,0.12517699599266052,0.5715072751045227,0.19717994332313538,-0.306674987077713,0.04994283989071846,-0.02431519143283367,-0.06086141988635063,0.37935343384742737,-0.3167320787906647
0.2962517738342285,-0.2636001408100128,0.4634835124015808,0.03226304426789284,0.09093398600816727,-0.131173238158226,-0.20065897703170776,0.3731926381587982,-0.3260732591152191,0.11661045253276825,0.14886923134326935,-0.07836288958787918,-0.045882418751716614,0.1653899997472763,0.4746478796005249,-0.1374991238117218
-0.14825592935085297,0.23584067821502686,-0.06550814211368561,-0.2816446125507355,-0.03977813571691513,-0.4912523627281189,0.14808045327663422,0.407482385635376,0.23795868456363678,-0.23297156393527985,-0.009317930787801743,-0.22163991630077362,-0.22736024856567383,0.30233195424079895,-0.10794840008020401,-0.3050258159637451
-0.07990136742591858,0.2875494062900543,-0.014342743903398514,-0.28037112951278687,0.17841684818267822,0.10898997634649277,-0.1606699675321579,-0.3540242910385132,0.010765373706817627,-0.01380535215139389,-0.14473062753677368,-0.6531983613967896,0.05061841011047363,-0.025480050593614578,0.4276333153247833,0.05705403536558151
0.2518928349018097,-0.20568427443504333,-0.07978390157222748,-0.13186416029930115,-0.4799833595752716,0.22727826237678528,-0.0853741392493248,-0.06177527457475662,-0.10038536041975021,0.013010889291763306,-0.029835272580385208,-0.2525743544101715,-0.6387584209442139,-0.2150668054819107,-0.15393903851509094,-0.15636928379535675
0.335149884223938,0.21031895279884338,-0.1968071609735489,0.0027523150201886892,0.117363840341568,0.2032698541879654,-0.5890939831733704,0.29896700382232666,0.27510032057762146,0.13653625547885895,-0.1662672609090805,0.045028205960989,-0.05423138290643692,0.2889842092990875,-0.1615123599767685,0.2768711447715759
0.02599163167178631,0.4686204791069031,0.16299380362033844,0.470596045255661,0.09878059476613998,-0.1780601292848587,-0.31669697165489197,0.019412333145737648,-0.01000717468559742,-0.08526695519685745,0.11971006542444229,-0.04733138531446457,-0.07105283439159393,-0.5092337131500244,-0.1114497035741806,-0.2980371415615082
0.016650214791297913,0.14139500260353088,0.4335670471191406,0.02714560180902481,-0.29682034254074097,0.01748008467257023,-0.07262087613344193,-0.1475081592798233,0.1117015928030014,-0.6356121301651001,-0.24416017532348633,0.2548762559890747,-0.11245769262313843,0.1056893914937973,0.17561011016368866,0.2825973331928253
-0.14037802815437317,-0.20411789417266846,0.34363099932670593,-0.46141842007637024,0.38875147700309753,0.10058989375829697,-0.28700801730155945,-0.17246076464653015,0.018596963956952095,-0.033852797001600266,-0.20883043110370636,0.20918826758861542,-0.022455541417002678,-0.07379967719316483,-0.3239248991012573,-0.3667939305305481
-0.4223164916038513,-0.12916691601276398,0.1103382334113121,-0.2986566126346588,-0.2807096540927887,-0.1893354058265686,-0.30616530776023865,0.2831646502017975,0.048115652054548264,0.12382913380861282,0.1744062602519989,-0.06415913999080658,0.13150572776794434,-0.40361669659614563,-0.032059185206890106,0.42616620659828186
-0.14527076482772827,0.5240674614906311,0.31966134905815125,-0.16489017009735107,-0.15522371232509613,0.5064164996147156,0.2926396131515503,0.2939065396785736,-0.1603936403989792,0.28582191467285156,-0.022901538759469986,0.083713099360466,0.011228060349822044,0.03427261859178543,-0.045444078743457794,-0.06312928348779678
-0.27164655923843384,0.07337680459022522,-0.012946821749210358,-0.0049654897302389145,-0.08140423893928528,0.15596146881580353,-0.2555863559246063,-0.2758110463619232,0.12943275272846222,0.0028668278828263283,0.725813627243042,0.1525902897119522,-0.17735359072685242,0.3524969816207886,0.10031718760728836,-0.12515559792518616
0.5480847358703613,0.0815371721982956,0.019621163606643677,-0.35662567615509033,-0.22936712205410004,-0.026304440572857857,0.08823655545711517,-0.06787340342998505,0.395162969827652,-0.005039981100708246,0.24576179683208466,0.11711085587739944,0.40066254138946533,-0.23385795950889587,0.11162544041872025,-0.20425540208816528
0.020851971581578255,0.2569458484649658,-0.14551156759262085,-0.19129326939582825,-0.06157044321298599,-0.40726253390312195,-0.04835159331560135,-0.24104095995426178,-0.12836025655269623,0.42251455783843994,-0.21671149134635925,0.4693610370159149,-0.2994450032711029,-0.04104708507657051,0.30159980058670044,0.03337639197707176
0.12634067237377167,-0.03674808889627457,0.2691026031970978,0.0016341693699359894,0.44932878017425537,-0.0062199984677135944,0.33705368638038635,0.0037370389327406883,0.4145718812942505,0.11858265846967697,0.20682957768440247,-0.0358956940472126,-0.44243288040161133,-0.1886279582977295,0.003230371279641986,0.3652087450027466
