2.6365754024482158e-08,2.005411836591975e-08,0.9999992251396179,-9.159205660580483e-08,9.29490298062774e-08,-1.3752422489687888e-07,2.480128102888557e-07,2.883860439339969e-08
-1.0576485465207952e-08,0.9999982714653015,-8.173974919145621e-08,5.6762171851687526e-08,1.6129477842241613e-07,1.2146645644861565e-07,-7.214526931420551e-08,-1.0873618094819903e-07
1.8100330123616004e-07,7.04489266922792e-08,1.3096554063452004e-08,-1.0538860806263983e-07,3.056358721664765e-08,6.769212745894038e-08,-1.79580013082159e-08,1.0000017881393433
-1.9643144000269785e-08,-8.627651482129295e-08,1.0282715834364353e-07,9.353910002118937e-08,5.998437302423554e-08,6.032193078375769e-10,0.9999985694885254,-1.0083740420441245e-07
-8.129425310698934e-08,4.078036042187705e-08,1.6557159199237503e-07,-4.2720486703728966e-08,1.2854141573370725e-07,0.9999990463256836,4.927708729951519e-08,1.127009241486121e-07
-1.1877011729666265e-07,1.1765449414724571e-07,-7.783050648413337e-08,1.4130979053561532e-08,0.9999984502792358,-5.217917475874856e-08,5.748366227464885e-09,-7.2574621867715905e-09
1.0000019073486328,2.3906773094495293e-07,4.388362384588618e-08,2.1346858147808234e-07,-1.2171156527074345e-07,4.413492504795613e-08,2.739847673183249e-07,4.494112815223161e-08
-3.147826177496427e-08,8.073921264895034e-08,-6.627494109068266e-09,1.0000020265579224,-2.1799489502427605e-07,8.739373669186534e-08,-1.3544442367674492e-07,2.934094993634062e-07
