-0.15049424767494202,3.600559284677729e-05,0.48166176676750183,0.15854352712631226,-0.23821565508842468,-0.21197402477264404,-0.018588148057460785,-0.4614778757095337,-0.014370141550898552,-0.05208325758576393,0.11203043162822723,0.21757440268993378,0.406569242477417,-0.2348320037126541,-0.2443271279335022,0.2495635598897934
-0.06251201033592224,0.15500377118587494,-0.2897033095359802,0.2816926836967468,0.041565120220184326,-0.1643531173467636,0.00035217739059589803,-0.22588109970092773,0.34459614753723145,0.16096192598342896,-0.5751451849937439,-0.027760813012719154,0.17182497680187225,-0.206473708152771,0.4148194491863251,0.09260820597410202
-0.2151133269071579,-0.3100321590900421,0.16814391314983368,0.07457460463047028,0.24695833027362823,-0.30534249544143677,0.17177659273147583,-0.14186535775661469,0.18732784688472748,0.23473381996154785,0.035906195640563965,-0.42088958621025085,-0.37786611914634705,0.23992247879505157,-0.1055186539888382,0.37390923500061035
-0.19806785881519318,0.037612393498420715,0.07974445074796677,-0.36209040880203247,0.05294063314795494,-0.516521155834198,-0.1937127560377121,-0.13726544380187988,-0.07106666266918182,0.12981103360652924,-0.24515938758850098,0.23524728417396545,-0.007026026025414467,0.3585844337940216,-0.05461074411869049,-0.47640490531921387
0.22151458263397217,0.38344234228134155,0.2764991223812103,-0.10238783061504364,-0.0061773029156029224,0.07393116503953934,-0.3074306845664978,-0.40330779552459717,-0.1778704822063446,-0.06796324998140335,0.1693556159734726,-0.22369302809238434,-0.253557950258255,0.11883411556482315,0.5062136650085449,0.06820736825466156
-0.25533372163772583,0.28063535690307617,-0.41246646642684937,-0.29128018021583557,-0.2319003939628601,-0.28530165553092957,0.0631178468465805,-0.02842649072408676,0.3890542685985565,-0.2398260533809662,0.48195627331733704,-0.08166446536779404,0.02522488869726658,-0.04783390834927559,0.03840305656194687,0.0942346379160881
-0.05712534487247467,0.19341644644737244,-0.1662268340587616,0.26102861762046814,-0.15571020543575287,-0.08543819934129715,-0.007713539060205221,0.11554726958274841,-0.29826512932777405,-0.37936872243881226,-0.21335779130458832,-0.06006328761577606,0.18949075043201447,0.6110629439353943,-0.08605089783668518,0.34624287486076355
-0.5271815657615662,0.1860623061656952,0.11657317727804184,-0.03238297998905182,-0.09255731850862503,0.48166993260383606,-0.3340679705142975,-0.044826678931713104,0.20619703829288483,-0.028436411172151566,-0.20776213705539703,-0.34614789485931396,-0.010481420904397964,0.015995169058442116,-0.29246416687965393,-0.162569060921669
-0.16564078629016876,0.07656438648700714,-0.30844902992248535,-0.048052236437797546,0.7276083827018738,0.05970663204789162,-0.1499752402305603,-0.21411070227622986,-0.30127882957458496,0.06265255063772202,0.2016368955373764,-0.0273219533264637,0.3297276496887207,-0.07799114286899567,-0.09397915750741959,0.09056311845779419
-0.6107733249664307,-0.013468489050865173,0.23097673058509827,0.010922332294285297,0.15612034499645233,0.09880541265010834,0.3047042191028595,0.1656893491744995,-0.14713610708713531,-0.2502664625644684,0.00028429777012206614,0.3218638002872467,-0.16106337308883667,-0.06991396099328995,0.4461800456047058,0.03296852111816406
0.004700738936662674,0.40954872965812683,0.13767655193805695,0.0674954280257225,0.1404959261417389,-0.3158138394355774,-0.36981603503227234,0.4692864418029785,-0.048955388367176056,0.056307386606931686,-0.09023474901914597,0.12161625176668167,-0.2731073498725891,-0.3330923616886139,-0.19881010055541992,0.2805388569831848
0.19098804891109467,0.07671775668859482,-0.04086676985025406,-0.5056413412094116,0.1462918370962143,0.19883781671524048,0.21257296204566956,-0.2792433202266693,0.11886028200387955,-0.29051974415779114,-0.37222254276275635,0.2449345737695694,-0.23498104512691498,-0.04833131283521652,-0.254970908164978,0.31074121594429016
-0.04202480614185333,0.14930078387260437,-0.22430674731731415,0.48354336619377136,0.007812040392309427,0.14784979820251465,-0.04185540974140167,-0.29689693450927734,0.12052542716264725,0.1369871348142624,0.20112064480781555,0.48399314284324646,-0.4318031668663025,0.18820035457611084,-0.19652190804481506,-0.10727559030056
-0.14328277111053467,-0.17151011526584625,-0.13103976845741272,-0.30399462580680847,-0.26672953367233276,0.2193017154932022,-0.2740420699119568,0.08372534811496735,-0.05768423154950142,0.5336950421333313,0.039921171963214874,0.28264060616493225,0.08988918364048004,0.16495144367218018,0.17619113624095917,0.45072752237319946
0.10376390069723129,-0.4309171140193939,0.09152080863714218,0.06982697546482086,0.22457607090473175,0.002167726634070277,-0.5276975035667419,0.08019457012414932,0.4340631365776062,-0.4256126582622528,0.06524036079645157,0.185414656996727,0.0735573098063469,0.13073694705963135,0.1449125111103058,0.05712507665157318
-0.149836927652359,-0.40443840622901917,-0.34156155586242676,0.023872077465057373,-0.27301400899887085,-0.13892057538032532,-0.264309823513031,-0.2124401181936264,-0.4372856020927429,-0.2317110300064087,-0.10938633233308792,-0.1078343465924263,-0.3114348351955414,-0.34933745861053467,-0.01835128292441368,-0.0071013374254107475
