1.4442714757478825e-07,-7.640270638376023e-08,-2.5863968744488375e-07,0.9999982714653015,4.2639157982193865e-08,7.165012050336372e-08,4.625098526389593e-08,-7.260641154971381e-08
-1.2678628991125152e-07,-2.3390390424538055e-07,-4.0231839193438645e-08,1.6287249593460729e-07,2.528855702621513e-07,-9.315517246477611e-08,7.167320603684857e-08,0.9999989867210388
9.977225090551656e-08,-9.659832045372241e-08,3.4990019770475556e-08,4.5470103238187676e-09,-9.60608943501029e-08,-1.0509854320162049e-07,1.0000017881393433,-1.969161189663282e-08
7.763512144265405e-08,-7.025757042811165e-08,0.9999984502792358,-2.1193400812080654e-07,2.1893822577112587e-07,-3.5404187315180025e-07,-6.226057536196095e-08,5.747666520505845e-08
-3.230580034596642e-07,1.0000020265579224,8.167735643382912e-08,2.1130098559751787e-07,-3.0783159132852234e-08,-1.3827467171267926e-07,3.08856762387677e-08,-1.6788801815437182e-07
0.9999994039535522,-1.564523870456469e-07,1.5915932749521744e-07,6.617484160642562e-08,1.2601481103047263e-07,7.200431184628542e-08,-9.73333484921568e-08,-1.3048371272361692e-07
9.19538933885633e-08,3.2055471610448194e-09,-1.6256784363122279e-07,5.110818079856472e-08,1.000001311302185,-5.307698458523191e-08,-2.0432537439774023e-08,9.013748325514825e-08
-1.965405616033422e-08,4.6532363739970606e-08,-3.571724960238498e-07,-3.012357652210085e-08,1.2811166527626483e-07,1.0000014305114746,-5.653492252122305e-08,3.956545242544962e-07
