-0.05074020102620125,0.49718835949897766,-0.4127812087535858,-0.24647566676139832,0.11384280025959015,-0.5313454866409302,0.4713810682296753,-0.040013134479522705
-0.41383859515190125,0.3701596260070801,-0.4550500214099884,0.029601765796542168,0.029869724065065384,0.550855815410614,-0.17137610912322998,0.3873836100101471
-0.10646218061447144,-0.38087889552116394,-0.37208840250968933,-0.1722026765346527,0.7161004543304443,-0.06748790293931961,-0.29706066846847534,-0.26437780261039734
-0.033055711537599564,0.509476900100708,0.4721118211746216,-0.10946047306060791,0.3858329951763153,0.36279961466789246,0.09161636233329773,-0.46430960297584534
-0.873400092124939,-0.08542974293231964,0.3365410268306732,0.04030504822731018,-0.045883599668741226,-0.3319076597690582,-0.051732923835515976,-0.006546431221067905
-0.16636556386947632,-0.07656040042638779,-0.3706330358982086,0.04694299027323723,-0.49951696395874023,0.16926752030849457,0.011398686096072197,-0.7406703233718872
-0.13666687905788422,-0.37333086133003235,-0.03956640511751175,0.29146313667297363,0.204430490732193,0.29884254932403564,0.7885559797286987,0.05011984333395958
0.06746099144220352,0.24210137128829956,-0.0948982685804367,0.8988670706748962,0.17626400291919708,-0.22344742715358734,-0.16482408344745636,-0.10819787532091141
