4.4475932270415797e-08,-1.7841625776782166e-07,-9.35801196533248e-08,-1.2933273296766856e-07,-1.7595472456832795e-07,-1.1114577347370869e-07,1.9503600867665227e-07,0.9999983310699463,3.29919089381292e-07,-2.528976210669498e-07
-5.088048737889039e-08,1.1927672005640488e-07,4.267572251137608e-08,-8.628206593641607e-09,7.21236688150384e-08,7.753070718763411e-08,-6.684091857778185e-08,2.509426089147837e-08,0.9999988079071045,-6.969558796754427e-08
-3.120388925026418e-08,0.9999975562095642,-1.4808513526531897e-07,-6.269454644325378e-08,4.860072344570199e-09,-2.9940076728962595e-07,-1.887618310547623e-07,2.3500581036728363e-08,-1.15982921045088e-07,-4.430182443115882e-08
-6.302508381850203e-08,1.8711706673002482e-07,3.908145629338833e-07,1.0000020265579224,-1.0325055477267142e-08,-1.103770941313087e-07,-7.29089038031816e-08,1.0249738124912255e-07,-6.755549719628107e-08,1.0161816277332036e-07
-1.0860843779880724e-08,1.1049542791852218e-07,2.3041511099108902e-07,-8.140259666333804e-08,1.014912953678504e-07,-1.8249644995194103e-07,0.999997615814209,-8.429769593476522e-08,-1.5120593843676033e-07,9.073887952126825e-08
-5.929330626486262e-08,-6.05285777055542e-08,1.828566951189714e-07,4.2564227697994284e-08,6.634012805761813e-08,1.0012013440530154e-08,5.949605252908441e-08,-5.7329991420829174e-08,7.233795784600261e-09,0.9999997615814209
1.9313861798764265e-07,6.016291109744998e-08,1.731989840436654e-08,1.4649585544646015e-08,0.9999976754188538,1.4986557062002248e-07,-7.353143871569046e-08,-5.686114334935155e-08,-4.4488881911775024e-08,-7.135908219879639e-08
-3.7656704421351606e-08,6.062910529180954e-08,8.989947986037805e-08,2.1936094185548427e-07,6.590394718841708e-08,1.0000026226043701,-1.0088798774177121e-07,5.796258761847639e-08,6.657234052909189e-08,-3.49915069364215e-07
0.9999986290931702,-6.137007346751489e-08,-1.7704850563404761e-07,-1.606562705092074e-07,-1.066766870394531e-07,5.8049536733051355e-08,2.8997703793720575e-07,1.8925824463167373e-07,7.031741233731736e-08,-4.1660744187765886e-08
1.1056361159944572e-07,-7.874658081163943e-08,0.9999980330467224,-9.079504792453008e-08,-7.19939237114886e-08,-4.365350747548291e-08,2.0268035427761788e-07,-1.0414642304112931e-07,5.791481427763756e-08,-6.234828475726317e-08
