1.3056411951595237e-08,2.4263966835746942e-08,1.5394410013414017e-07,-3.747846051282977e-07,2.7371578426027554e-07,1.000002145767212,3.851724983405802e-08,-1.1248915399164616e-07
0.9999983310699463,1.1257525045493821e-07,-4.812001819232137e-08,-7.136193147516678e-08,1.0172337994163172e-07,-2.752994987531565e-08,-7.426928760878582e-08,7.587372152784155e-08
-1.7293446319399663e-07,-7.63653247304319e-08,-5.701705330096729e-09,8.823750619058046e-08,-2.1452789766840397e-08,1.621410206098517e-07,1.1026494206589632e-07,0.9999980330467224
6.766699556237654e-08,2.4894687200571752e-08,-2.1144854756016684e-09,0.9999986886978149,-1.02016841196928e-07,-2.020852747364188e-07,-6.65151418388632e-08,-5.9240100824808906e-08
-1.0610286693690796e-07,-2.5492280997241323e-07,-8.573139353984516e-08,-1.4274854720497387e-07,0.9999994039535522,-5.0582613653205044e-08,1.6386718471039785e-07,-1.876541944056953e-07
9.337723838598322e-08,0.9999986886978149,1.0214530732355342e-07,1.5960932131520167e-08,9.343520623872337e-09,2.2424410417443141e-07,-4.233856643054423e-08,-7.600201001878304e-08
-2.7616907871674812e-08,8.066805179396397e-08,1.3745977867074544e-07,-7.219362174737398e-08,-8.671194962062145e-08,-1.1022839174756882e-07,1.000002145767212,1.2299570073537325e-07
-6.698351739942154e-08,5.511606460117946e-08,1.0000009536743164,9.543295931280227e-08,-2.8287658437875507e-08,-2.3434600393557048e-07,-7.643043886673695e-08,-9.944138668060987e-08
