-1.2068861110492435e-07,2.242408392305606e-08,-8.550833285880799e-08,6.536133412282652e-08,-7.74400774616879e-08,1.2284957051633683e-07,-3.803203796337584e-08,1.0000015497207642
-1.720386109127503e-07,-7.093488108012025e-08,-8.529964645731525e-08,-4.82770929011167e-07,-1.8848071192678617e-07,0.9999975562095642,-8.920413563373586e-08,-1.0356308166592498e-07
-9.991364180450546e-08,0.9999980330467224,-3.671145520911523e-07,6.359894832996815e-09,5.40361249079524e-08,7.874574237121124e-08,-2.275546933105943e-07,6.250852635503179e-08
2.7530708734957443e-07,5.242278078299023e-08,1.6347594566923362e-07,2.7125173218678356e-08,-7.739019025621019e-08,7.447042804642479e-08,0.9999977350234985,-2.9071225426946512e-08
1.201094477210063e-07,-4.2504797193032573e-07,1.0000003576278687,3.088188371691558e-09,-3.387307003777096e-07,1.1506296715424469e-07,-3.6784663848266064e-07,-6.5753233968735e-08
8.59334932101774e-08,-3.9049414368719226e-08,-1.339660116173036e-07,3.0235895565056126e-08,0.9999992251396179,-2.1135640793090715e-07,-7.554438496981675e-08,-9.394499045356497e-08
1.8781621236030333e-07,6.700431498529724e-08,-1.1806071853470712e-07,1.0000019073486328,-1.8967951120885118e-07,4.767456207588339e-09,-1.2113649461298337e-07,1.221936241080357e-08
0.999999463558197,-6.171269006927105e-08,2.594701982161496e-07,1.6317623874329001e-07,1.0517554827060849e-08,1.9233667103435437e-07,2.62846327814259e-07,1.2824941109101928e-07
