6.928521401050602e-08,-2.83691896640903e-08,-1.497637924785522e-07,-6.733536395131523e-08,2.0770355035892862e-07,1.6651040368742542e-07,0.9999980330467224,-1.3700984879960743e-07
-2.3257274506249814e-07,-9.655296651089884e-08,2.4806669784993574e-07,1.3639536611265157e-08,3.5513613738658023e-07,-6.542306607570936e-08,-3.3283751577073417e-07,0.9999980330467224
1.917975112064596e-08,1.3948178434475267e-07,-6.268140850806958e-08,-1.615584110936652e-08,0.9999982118606567,-5.868889374482933e-08,-6.74831781566354e-08,-6.753582226792787e-08
-2.389127189417195e-07,5.490643317784816e-08,2.1079133105672554e-08,0.9999989867210388,-6.929411000555774e-08,-2.4594535830146924e-07,-2.8275758623408365e-08,-7.727567208348773e-08
4.602668468578486e-08,3.5783408236511605e-08,1.0000019073486328,-4.6129851938303545e-08,-4.585417912039702e-08,2.2622042195052927e-07,6.889611370297644e-08,-2.694111245205022e-08
3.139737998480996e-07,4.2405523004163115e-07,-1.4917601731667673e-07,-6.197577562261358e-09,6.755273318503896e-08,0.9999995827674866,-8.840196130677214e-08,-1.0067670075386559e-07
0.9999975562095642,-2.2108589803337964e-07,-1.0941011652221277e-07,2.9086751851536974e-07,6.414025222056807e-08,7.117112943433312e-08,1.8155365921757038e-07,1.1217777995398137e-07
6.011671160877086e-08,1.0000008344650269,-2.4713983748370083e-07,-2.4006965304579353e-08,-7.987420502786335e-08,-4.680892473629683e-08,6.967536592128454e-08,1.1188093651526287e-07
