0.9999993443489075,-1.1121880305609011e-07,-1.2210421118652448e-07,-3.138530857427213e-08,2.177021656279976e-07,3.575388518584077e-08,-9.501601283545824e-08,7.278332958549072e-08
-7.587922112861634e-08,-1.0209935652483182e-07,-5.3357634755002437e-08,3.740305203336902e-07,-1.6111971490317956e-07,-6.236093952338706e-08,0.9999992251396179,2.926704496530874e-07
-1.7229626791959163e-07,-6.200200353134733e-09,2.6048235213238513e-07,1.0994474308745339e-07,4.141816489777739e-08,2.6094626903727658e-08,1.8463060769136064e-07,0.9999977350234985
6.39730828311258e-08,6.221665671546361e-08,-5.378241141329454e-08,-1.9027622499834251e-07,8.360021297448839e-08,0.9999995231628418,-9.470559447777305e-09,5.1885844953858395e-08
1.6138385205977102e-07,1.000000238418579,-1.5604757663822966e-07,1.2686969341757504e-07,3.355991751163856e-08,8.421366715083423e-08,-1.3010741817254257e-08,-5.666755065192319e-09
-9.282453916625855e-09,1.5540987385875837e-09,-5.915250866905808e-08,1.0581353393490645e-07,0.9999995231628418,-3.34111796007619e-08,1.5612619108651415e-07,-1.6381041234581062e-07
2.3978374841249206e-08,6.99726498964992e-08,0.9999994039535522,-9.758451824382064e-08,-2.3704249940692534e-07,1.9374799364868522e-07,8.862806311071836e-08,-1.5243467998971028e-07
3.2120276216573984e-08,1.646082523620862e-07,1.7496134319117118e-07,1.0000011920928955,4.1637815684225643e-07,-2.170362023434791e-08,1.5910728734525037e-07,-5.391391866282902e-08
