-2.6674200626075617e-07,4.274706810747375e-08,0.9999982118606567,1.8704930937474273e-08,2.2841379632154712e-07,5.362990762591835e-08,-1.1723594894874623e-07,-1.819635855326851e-07
6.738654434457203e-08,1.9995246702819713e-07,1.1892666407220531e-07,-1.9617043278685742e-07,3.4152020589317544e-07,7.606995211517642e-08,0.9999983310699463,-7.834793791516859e-08
-5.167581207388139e-08,3.402296044896502e-08,-1.505386535427533e-07,-1.5473503367502417e-07,0.9999995827674866,2.3620248157385504e-07,9.105794163133396e-08,8.344355961753536e-08
-1.4568041706297663e-07,1.000001311302185,8.802945217212255e-08,2.5387620894434804e-07,-3.752230970377468e-09,-1.563686282679555e-07,6.269237928790972e-08,9.542907264403766e-08
1.0402114725138745e-07,-2.2743502370303759e-07,5.119000334730117e-08,8.847023735825132e-08,-1.3003257492982812e-07,1.0000019073486328,-8.509406512757778e-08,2.0720246141081589e-07
-2.110269434751899e-07,-1.4673337034309952e-07,1.7626038584239723e-07,1.0000011920928955,-1.2382336933569604e-07,5.0327894740576085e-08,-1.4795445224535797e-07,9.815565249482461e-08
8.32280875329161e-08,-1.29463643361305e-07,-9.331812833579534e-08,-1.6832690619139612e-07,1.7502710392136578e-08,-6.071157088172185e-08,9.860792005156327e-08,0.9999999403953552
1.000000238418579,2.056802372862876e-07,-1.2114525382855845e-08,1.5766527639016203e-08,-1.7636354598948856e-09,4.2280269951788796e-08,-6.313950251524147e-08,-1.4375551415923837e-07
