0.2536866068840027,-0.3022856116294861,-0.13177567720413208,-0.6288387775421143,0.2732108235359192,-0.47931334376335144,-0.3312680423259735,-0.13168098032474518
0.21725833415985107,-0.6399465799331665,0.1394340693950653,-0.11990004777908325,-0.5135149359703064,0.42287537455558777,-0.010144109837710857,-0.25850969552993774
-0.12851451337337494,0.22345063090324402,0.6800225377082825,0.07387717813253403,0.09567089378833771,-0.05136639252305031,-0.32533136010169983,-0.5899437665939331
0.707409679889679,0.17998601496219635,0.30050572752952576,0.1618356704711914,-0.06786204129457474,0.048078007996082306,-0.35903817415237427,0.4635304808616638
0.32749518752098083,0.21186599135398865,-0.24026086926460266,0.2484971582889557,-0.5053516626358032,-0.5390718579292297,0.19546939432621002,-0.3797324597835541
-0.5078362226486206,-0.08506493270397186,-0.005808140616863966,0.05060523748397827,-0.5003024935722351,-0.2743358910083771,-0.5494264960289001,0.3237912952899933
-0.07683878391981125,0.10432156920433044,0.528311550617218,-0.46810194849967957,-0.2576085031032562,-0.23038288950920105,0.5286623239517212,0.29335659742355347
0.021091051399707794,0.5947784185409546,-0.2712708115577698,-0.524506151676178,-0.27542057633399963,0.4093300402164459,-0.1893356889486313,-0.1335807591676712
