0.08612682670354843,-0.29422396421432495,-0.12506772577762604,-0.4779612720012665,-0.44982779026031494,-0.34317904710769653,-0.04822946712374687,0.5826534628868103
0.017299629747867584,0.050606366246938705,-0.4120047092437744,-0.46338197588920593,0.030949696898460388,-0.40030038356781006,-0.09438904374837875,-0.6652533411979675
0.17084425687789917,-0.02727615088224411,0.23916976153850555,0.3497386872768402,0.07238278537988663,-0.4821047782897949,-0.7435006499290466,0.00958950724452734
-0.6544570922851562,-0.017883306369185448,0.40641844272613525,-0.2491849958896637,0.43788352608680725,-0.3483560085296631,0.13378332555294037,0.11449240893125534
0.278106689453125,0.5197334289550781,-0.16669203341007233,0.2598518133163452,0.1218797042965889,-0.5233668088912964,0.46756041049957275,0.22326010465621948
0.1062019094824791,0.2689661383628845,0.6763643026351929,-0.13148994743824005,-0.561733603477478,-0.07563845068216324,0.1606496423482895,-0.30748850107192993
0.11671929806470871,-0.7459619641304016,0.08650518208742142,0.34171339869499207,-0.02375219762325287,-0.27399131655693054,0.4150041937828064,-0.24042506515979767
0.6576770544052124,-0.10433219373226166,0.31543096899986267,-0.4133281111717224,0.518415629863739,0.11620982736349106,0.03775954619050026,0.05055118352174759
