0.04867180064320564,0.47301217913627625,0.043252311646938324,0.4752179980278015,-0.16123239696025848,-0.32714536786079407,0.6342615485191345,-0.10430976748466492
0.54920893907547,-0.6819858551025391,-0.008549213409423828,0.256967157125473,0.06702224910259247,-0.29029494524002075,0.17743700742721558,0.21659035980701447
0.4379015564918518,0.43872687220573425,-0.5463932156562805,0.026854217052459717,0.1936587542295456,0.16475948691368103,-0.12971502542495728,0.48478713631629944
0.019825106486678123,0.14229173958301544,0.6375482678413391,0.3663438558578491,-0.22844763100147247,0.13324597477912903,-0.33124276995658875,0.5089403390884399
-0.1460905373096466,-0.1338404268026352,-0.25993412733078003,-0.2957369089126587,-0.800676167011261,-0.01620851829648018,0.19673313200473785,0.35449540615081787
0.27251335978507996,-0.08104755729436874,-0.1923767328262329,0.42479079961776733,-0.3965715765953064,0.5323652029037476,-0.1710231900215149,-0.4814363718032837
0.5105472207069397,0.13335485756397247,0.429449200630188,-0.5095293521881104,-0.017001807689666748,0.3556514084339142,0.3794533610343933,-0.08215410262346268
-0.38416868448257446,-0.23698239028453827,-0.06355079263448715,0.21372947096824646,0.28491631150245667,0.5946763157844543,0.4772232472896576,0.2897823452949524
