-2.7524436063686153e-08,3.492831623930215e-08,2.6062070901389234e-07,-2.316621987574763e-07,-1.7025787713009777e-07,1.7618852155010245e-07,-1.843351782326863e-08,1.0000009536743164
1.2586843922690605e-07,1.0031966724000085e-07,6.74100775199804e-08,1.000002145767212,-1.875532618100806e-08,-2.7687279136046072e-09,-1.2335570431787346e-07,8.288172814729933e-09
-1.9498477854540397e-07,1.0000003576278687,2.7205877550784408e-09,7.824895220664985e-08,-1.471266131147786e-07,6.937548135965699e-08,1.246741021532216e-07,-1.9703161058259866e-07
1.8829819481425147e-08,-6.566079235881261e-08,-9.602996442481526e-08,-1.3903081352850677e-08,-1.716508180038545e-08,-8.462782119522672e-08,1.0000027418136597,2.2532825028065417e-07
0.9999991655349731,-1.0580935594362018e-07,8.285538655172786e-08,-8.558362196708913e-08,1.3148864752565714e-07,1.7888031322854658e-07,-4.927484908989754e-08,-6.828319953910977e-08
-5.484051968096537e-08,3.7146978826285704e-09,1.0000017881393433,1.218408129943782e-07,-6.636677341020913e-08,-1.1172080860433198e-07,9.780726450969723e-09,-4.3050704334746115e-08
2.4673020959653513e-08,7.848925775988391e-08,1.1508298314311105e-08,2.456561674080149e-07,-8.974608789458216e-08,1.0000019073486328,-2.960098299809033e-07,-2.3019900652343495e-07
-1.9991574617961305e-07,1.695128730716533e-07,6.39265778090703e-08,-6.697241161646161e-08,1.0000017881393433,-9.684779200824778e-08,-8.75199361871637e-08,-1.369037221365943e-07
