-0.025166895240545273,0.3167784810066223,0.023756118491292,0.39304742217063904,0.43742117285728455,-0.6152788996696472,0.2462444007396698,0.3367861211299896
-0.23988433182239532,-0.46949413418769836,-0.3676292896270752,0.04498519375920296,0.4509110748767853,0.3929620683193207,0.42252060770988464,0.22043901681900024
-0.5462368130683899,-0.1513625532388687,-0.2631295323371887,-0.263939768075943,0.13347382843494415,-0.2984127402305603,-0.6346588134765625,0.1736506223678589
-0.17962278425693512,-0.19999729096889496,-0.4114381968975067,-0.01024001557379961,-0.3387100398540497,-0.4802745282649994,0.3925037086009979,-0.5088245868682861
-0.39227256178855896,-0.27073559165000916,0.4047602713108063,0.6790757775306702,0.019741853699088097,0.08938471972942352,-0.17603108286857605,-0.32936644554138184
-0.2704989016056061,0.41835302114486694,0.15851907432079315,-0.35333383083343506,0.5166378021240234,0.11697115004062653,0.11612354218959808,-0.554759681224823
-0.3670930862426758,-0.19310249388217926,0.6141877174377441,-0.38752129673957825,-0.22050003707408905,-0.15250888466835022,0.37503600120544434,0.29668891429901123
-0.4993783235549927,0.5750742554664612,-0.24409396946430206,0.1938006430864334,-0.39607852697372437,0.3199455440044403,0.13734425604343414,0.21133646368980408
