-0.5254092812538147,-0.2321164906024933,-0.01082572340965271,-0.41841086745262146,0.07519137114286423,-0.1370982974767685,-0.35547593235969543,-0.19933243095874786,-0.13500264286994934,0.37933415174484253,-0.27140316367149353,-0.26183363795280457
-0.016366537660360336,0.4619864523410797,-0.4424562156200409,-0.04949236661195755,-0.384423166513443,0.14556555449962616,0.05904674530029297,-0.43147242069244385,-0.055340610444545746,-0.21173062920570374,-0.4220989942550659,-0.058316562324762344
0.2442803680896759,-0.3247649669647217,0.053231943398714066,-0.23634223639965057,-0.6191921234130859,-0.26762494444847107,0.15110190212726593,-0.24317824840545654,0.3423827290534973,0.10965234786272049,0.274193674325943,-0.18639202415943146
0.28129106760025024,-0.2253902703523636,-0.3696165978908539,0.09937496483325958,0.09219937771558762,0.4320383667945862,-0.32109370827674866,0.08831460028886795,-0.031211713328957558,-0.07664334028959274,0.17570766806602478,-0.61628258228302
0.30398914217948914,0.28102463483810425,0.0455901175737381,-0.17180167138576508,0.5025937557220459,-0.39793670177459717,-0.2058306336402893,-0.49428677558898926,0.06909490376710892,-0.16633723676204681,0.23803932964801788,-0.10138744860887527
-0.08429688215255737,-0.13969354331493378,0.09295205771923065,0.1538420170545578,-0.18275198340415955,0.0204902533441782,0.06473536044359207,-0.31939181685447693,-0.8052428960800171,-0.07483937591314316,0.38046184182167053,0.047760702669620514
-0.12928996980190277,0.3925233483314514,0.3660750389099121,0.401390016078949,-0.09568659961223602,0.2983253598213196,-0.12384486198425293,-0.2611938714981079,0.22104519605636597,0.49425679445266724,0.18797555565834045,-0.15454897284507751
0.1566108763217926,0.1366480141878128,-0.2722833454608917,-0.35320359468460083,-0.13135598599910736,0.22796602547168732,-0.440033495426178,0.08479111641645432,-0.013699665665626526,0.2564178705215454,0.3150271475315094,0.5680569410324097
0.5379941463470459,-0.19908080995082855,-0.008031006902456284,0.35865870118141174,-0.03573466092348099,-0.2484794408082962,-0.22182847559452057,-0.06307875365018845,-0.19677360355854034,0.3786529004573822,-0.4749423861503601,0.1354769766330719
0.28965261578559875,-0.20067603886127472,0.34167835116386414,-0.39018186926841736,0.20607686042785645,0.5666149854660034,0.3067418932914734,-0.2922981083393097,-0.028631826862692833,0.04812390357255936,-0.22733718156814575,0.09475517272949219
0.24757851660251617,0.4561079442501068,0.047065746039152145,-0.34637948870658875,-0.047216374427080154,-0.13543695211410522,0.2801394462585449,0.4037665128707886,-0.3355989456176758,0.337246298789978,0.026203399524092674,-0.3454717695713043
-0.09741342067718506,-0.13131314516067505,-0.5716423392295837,0.1297914683818817,0.31029394268989563,-0.0292739886790514,0.5166380405426025,-0.1816011220216751,0.07812883704900742,0.43662405014038086,0.16789253056049347,0.08764150738716125
