-0.04197896271944046,-0.06250501424074173,-0.013204268179833889,-0.10752607882022858,0.27999627590179443,-0.3428631126880646,0.09366825222969055,0.10168074071407318,0.4115728735923767,-0.11740291863679886,0.07301782071590424,0.27412909269332886,0.01757696084678173,-0.15665102005004883,0.5126736760139465,0.4649653434753418
0.3438813388347626,0.21160072088241577,-0.16522695124149323,-0.19437697529792786,0.03879208490252495,0.15561963617801666,0.3637539744377136,0.19097153842449188,0.13812470436096191,-0.0756615549325943,0.18472522497177124,-0.08961697667837143,-0.12642893195152283,-0.29106515645980835,-0.5296729803085327,0.3593955338001251
0.10322681814432144,-0.0245024636387825,0.353331059217453,0.3096797466278076,-0.08605770021677017,0.25077465176582336,0.5192492604255676,-0.1693750023841858,-0.29986220598220825,0.2687993049621582,0.2783257067203522,0.06036446988582611,-0.15252785384655,-0.08778179436922073,0.3327235281467438,0.12018389254808426
-0.12671644985675812,0.3193154036998749,0.04254618287086487,-0.030640101060271263,-0.3649566173553467,0.10029982775449753,0.019005676731467247,0.03243124485015869,0.4004676938056946,0.4254801571369171,-0.28165358304977417,-0.20301048457622528,-0.17832671105861664,0.3925543427467346,0.07124944776296616,0.2857275903224945
-0.19535303115844727,-0.03403889760375023,0.0505218468606472,0.09190235286951065,-0.19312849640846252,-0.41806361079216003,0.3908040523529053,-0.1271539181470871,0.054740309715270996,0.13854868710041046,-0.3779257535934448,0.47947773337364197,-0.04760870337486267,-0.17942023277282715,-0.33052027225494385,-0.17344962060451508
-0.09175606817007065,0.4803290069103241,0.00013985471741762012,-0.40532493591308594,-0.4088763892650604,0.008082994259893894,0.19400420784950256,0.21236731112003326,-0.19821025431156158,-0.37953612208366394,0.051282886415719986,0.12308265268802643,0.07360444217920303,-0.012164006941020489,0.3056248426437378,-0.21565254032611847
-0.19088955223560333,0.3901396095752716,0.06030155345797539,0.08751063793897629,0.3801420331001282,0.3716900050640106,-0.013136213645339012,-0.4907066822052002,0.14738774299621582,-0.34999096393585205,-0.1396114081144333,0.21800090372562408,-0.23616009950637817,0.07569251209497452,-0.059311263263225555,-0.013327887281775475
0.1688678115606308,-0.22359643876552582,-0.585405707359314,0.3692793548107147,-0.29462945461273193,-0.012787691317498684,0.21852317452430725,-0.12229350209236145,0.2130134105682373,-0.3349021375179291,0.04954023286700249,-0.089304119348526,-0.23543035984039307,0.15712261199951172,0.1599660962820053,-0.13811010122299194
-0.4518614113330841,-0.3599487841129303,-0.29584935307502747,-0.37663114070892334,0.0604562945663929,0.4022361636161804,0.05634287744760513,0.17350976169109344,-0.015938691794872284,0.23095187544822693,0.05320695787668228,0.16764917969703674,-0.3545970916748047,-0.12298688292503357,0.05585628002882004,-0.0981675237417221
-0.28213128447532654,0.09626845270395279,0.3388509750366211,0.37450873851776123,0.06355573982000351,-0.09787679463624954,-0.035856347531080246,0.5219886302947998,0.260800838470459,-0.15613870322704315,0.2921196222305298,-0.076690174639225,-0.3255332410335541,-0.004196280613541603,-0.13176561892032623,-0.24843360483646393
0.1888604313135147,0.03484965115785599,0.14915306866168976,-0.1945056915283203,-0.3047524392604828,-0.1387496441602707,-0.3637857437133789,-0.39485490322113037,0.2330341935157776,0.11362317949533463,0.2390020191669464,-0.04969360679388046,-0.3607100546360016,-0.4597488343715668,0.06277246028184891,-0.17445926368236542
0.05620192363858223,-0.39855238795280457,0.35926371812820435,-0.12011677026748657,-0.32865452766418457,0.059280700981616974,-0.1657603234052658,0.0024027929175645113,-0.136077418923378,-0.39412611722946167,-0.03538903966546059,0.24074092507362366,-0.2316233515739441,0.2865212559700012,-0.17746879160404205,0.39393889904022217
-0.10710678994655609,0.08309397846460342,-0.134446918964386,0.3013910949230194,-0.3133869469165802,0.3351099491119385,-0.26287901401519775,0.04498706012964249,0.18761347234249115,0.08837645500898361,0.2821294963359833,0.46178412437438965,0.46191713213920593,-0.13937772810459137,-0.08938892930746078,0.12015409022569656
0.626663863658905,-0.022430233657360077,0.10598213970661163,-0.014486413449048996,0.1243685856461525,0.2543804943561554,-0.07671718299388885,0.3159380257129669,0.15934738516807556,0.11210793256759644,-0.3170299232006073,0.3667294681072235,-0.11585111171007156,0.059867896139621735,0.15234000980854034,-0.31031689047813416
0.01291956752538681,0.29927051067352295,-0.3038698136806488,0.28225645422935486,0.011484854854643345,-0.1607007533311844,-0.333719938993454,0.18321926891803741,-0.49667415022850037,0.09532962739467621,-0.15089018642902374,0.15055933594703674,-0.39200079441070557,-0.1583837866783142,0.06476147472858429,0.2884771525859833
0.12158478051424026,0.13717322051525116,-0.14722436666488647,-0.17880861461162567,0.14598385989665985,-0.27413100004196167,-0.0001302724558627233,-0.11194578558206558,-0.05907130986452103,0.23211973905563354,0.5356635451316833,0.32649508118629456,-0.11761153489351273,0.5563080310821533,-0.13328398764133453,-0.10854365676641464
