-0.12177439033985138,0.34342625737190247,0.07313374429941177,-0.031776074320077896,0.06991191953420639,-0.04390110820531845,0.004577369894832373,-0.004579558037221432,-0.15615256130695343,-0.08280660212039948,0.21866126358509064,-0.38696154952049255,0.5731136798858643,0.39892062544822693,-0.31525760889053345,0.19554463028907776
-0.4326232075691223,0.11673508584499359,0.09574765712022781,0.06537862122058868,0.09955272823572159,0.27498719096183777,0.40359625220298767,-0.414961040019989,-0.2119620442390442,0.41449615359306335,0.09703687578439713,-0.16995662450790405,-0.06778451800346375,-0.08512241393327713,0.3068583309650421,-0.06417062878608704
0.3087492287158966,0.22592003643512726,0.4025827944278717,0.2502606511116028,0.09492643922567368,0.20415355265140533,-0.12465089559555054,-0.1133817657828331,0.46866121888160706,-0.123347707092762,-0.1956474930047989,-0.33112332224845886,0.07516435533761978,0.05628305301070213,0.31846386194229126,-0.23839308321475983
0.17952166497707367,0.11975599080324173,0.12459209561347961,-0.03351926431059837,-0.1810680627822876,-0.05658193305134773,-0.1267024278640747,-0.21847805380821228,0.07927194982767105,-0.11729934811592102,0.5617446899414062,-0.0837256908416748,-0.0002572814701125026,-0.5725051760673523,0.07084750384092331,0.40201738476753235
-0.05898607149720192,0.13495734333992004,0.055463727563619614,-0.044600266963243484,0.08292168378829956,0.5399346947669983,-0.44092124700546265,-0.42787623405456543,-0.056946661323308945,-0.09409057348966599,-0.07337626069784164,0.43772777915000916,-0.03200352191925049,0.11888843029737473,-0.25190144777297974,0.09822390973567963
-0.21251963078975677,0.6055081486701965,0.22702929377555847,-0.2979252338409424,-0.08269982039928436,-0.022437795996665955,0.25219184160232544,0.26259785890579224,0.21537655591964722,-0.06141554191708565,-0.22327251732349396,0.11231693625450134,-0.34926125407218933,-0.06023532152175903,-0.15098203718662262,0.21670418977737427
0.21511602401733398,0.2864512801170349,-0.6105193495750427,-0.17811819911003113,-0.06643236428499222,0.18998625874519348,-0.16732189059257507,0.04086979106068611,0.07150178402662277,0.39002659916877747,-0.2911866009235382,-0.21816782653331757,0.18766416609287262,-0.26503682136535645,0.01942029409110546,0.03967491537332535
0.15805675089359283,0.23634785413742065,-0.4017135202884674,0.3783479928970337,0.17222686111927032,-0.2750345766544342,0.2701047658920288,-0.4408903121948242,-0.06063355877995491,-0.3749088943004608,-0.14377501606941223,-0.037952691316604614,-0.23544107377529144,0.030205102637410164,-0.12532593309879303,0.059955283999443054
-0.07973746210336685,-0.08280827105045319,-0.1673848181962967,0.042046431452035904,0.49296602606773376,0.0063763828948140144,-0.22246217727661133,0.1645277738571167,0.17352358996868134,0.11528493463993073,0.13072901964187622,-0.09782493859529495,-0.27786386013031006,0.3107856214046478,0.31828442215919495,0.5405758023262024
0.1768060028553009,0.15474800765514374,0.05881805345416069,0.20674169063568115,0.17008064687252045,0.3542701005935669,0.04888268932700157,0.4283061921596527,-0.6195829510688782,-0.2875553369522095,-0.0674528256058693,-0.0029214173555374146,0.007414513733237982,-0.20210544764995575,0.2077113837003708,0.05609526485204697
0.6692885756492615,0.06298920512199402,0.07114588469266891,-0.0849541649222374,0.000634271651506424,0.12382052838802338,0.40883108973503113,-0.015453671105206013,-0.01748729683458805,0.3350478708744049,0.24112409353256226,0.2778170108795166,-0.03034656122326851,0.31239253282546997,-0.04736899584531784,0.0667346939444542
-0.05242195352911949,0.25686854124069214,-0.16811531782150269,0.24336321651935577,-0.49219393730163574,0.05700309947133064,-0.28118976950645447,0.12661965191364288,-0.11145579069852829,0.07817012071609497,0.3503757119178772,-0.14836356043815613,-0.4198673963546753,0.3095880448818207,0.04252546280622482,-0.2567683160305023
-0.07478781044483185,-0.3280034363269806,-0.03436923027038574,0.39720267057418823,-0.3934984803199768,0.39863818883895874,0.26493608951568604,0.10672638565301895,0.2185972034931183,-0.021500926464796066,-0.16589310765266418,-0.153070330619812,0.011052058078348637,0.018107416108250618,-0.24630042910575867,0.4149966537952423
0.23774732649326324,-0.20868799090385437,0.27757349610328674,-0.2911488115787506,-0.05272674188017845,-0.07714666426181793,-0.15295149385929108,-0.21187375485897064,-0.3584968149662018,0.09515062719583511,-0.2843396067619324,-0.48825424909591675,-0.3737809658050537,0.04446395859122276,-0.20646235346794128,0.14128994941711426
0.011061997152864933,0.11534015089273453,0.13439705967903137,0.14083848893642426,-0.4071328341960907,-0.32921531796455383,-0.1318710595369339,-0.13995720446109772,-0.2030845284461975,0.11183297634124756,-0.3395717144012451,0.26704683899879456,0.22928078472614288,0.1668003797531128,0.44421157240867615,0.34564509987831116
-0.0008917847881093621,0.12283821403980255,0.24097159504890442,0.5403832197189331,0.24091272056102753,-0.23754429817199707,-0.1935688704252243,0.12826935946941376,-0.04551827162504196,0.5006901621818542,-0.044906917959451675,0.09774605929851532,-0.02758678048849106,-0.22972461581230164,-0.3854387700557709,-0.0031084464862942696
