0.08328472822904587,0.41017991304397583,-0.3994119465351105,-0.4880688488483429,0.22002959251403809,-0.06389834731817245,0.2874114215373993,0.09286871552467346,-0.4927729368209839,-0.20130299031734467
0.47548866271972656,0.12346740067005157,-0.1891372799873352,-0.29268744587898254,-0.1359158307313919,0.3311651945114136,-0.2333229035139084,-0.18428054451942444,0.08945833146572113,0.6424034237861633
0.012837440706789494,0.13180291652679443,-0.2601846754550934,0.14352916181087494,-0.5117887854576111,0.6000010967254639,0.28117048740386963,-0.014913216233253479,0.19605261087417603,-0.3930882513523102
0.3809278607368469,-0.3010792136192322,0.4914221465587616,-0.20567166805267334,-0.08004190772771835,0.17912057042121887,-0.08310289680957794,-0.36907342076301575,-0.41023531556129456,-0.3613077998161316
-0.3362935185432434,-0.16656716167926788,-0.47535794973373413,0.24156461656093597,0.0335109680891037,0.15934041142463684,-0.5458064675331116,-0.28587427735328674,-0.4079824984073639,-0.04744790866971016
-0.25047749280929565,0.24874721467494965,-0.01218491606414318,-0.4108700454235077,-0.20910219848155975,-0.3295428156852722,-0.19109755754470825,-0.5578910708427429,0.4012768268585205,-0.21288080513477325
0.23598340153694153,-0.04852103069424629,-0.20693954825401306,0.3536866307258606,0.4861489236354828,-0.01322205550968647,0.41340553760528564,-0.5825106501579285,0.16516238451004028,0.004597684368491173
0.5915199518203735,0.3033924698829651,-0.14679080247879028,0.3655572235584259,-0.12713247537612915,-0.37631362676620483,-0.3631287217140198,0.14214451611042023,0.03998009115457535,-0.3023868203163147
-0.005880814976990223,0.18437381088733673,0.12769600749015808,-0.1397160291671753,0.6053456664085388,0.4448823928833008,-0.3738451600074768,0.1741136759519577,0.33347731828689575,-0.2906816899776459
0.20063139498233795,-0.7003355622291565,-0.4344131052494049,-0.3283381164073944,0.03136983513832092,-0.14305631816387177,-0.006590850651264191,0.19537824392318726,0.2736486494541168,-0.1954648345708847
