-0.1493517905473709,-0.026620497927069664,-0.5747167468070984,0.6827822923660278,-0.23421773314476013,0.08878889679908752,0.3289564549922943,-0.09768359363079071
0.18103715777397156,-0.04751476272940636,0.12202990055084229,0.2073907107114792,-0.3733784258365631,-0.849929928779602,-0.19827885925769806,-0.07720129936933517
0.49951958656311035,-0.39539241790771484,0.3224560618400574,0.19260630011558533,-0.2910885214805603,0.24980933964252472,0.23269948363304138,0.5017799735069275
-0.40787622332572937,-0.18824759125709534,0.09767992794513702,-0.23579059541225433,-0.7564466595649719,0.2795608937740326,-0.21207290887832642,-0.19421504437923431
0.1630873680114746,-0.5695626735687256,-0.6186097860336304,-0.24406862258911133,0.10742037743330002,-0.047419190406799316,-0.4105099141597748,0.15635690093040466
0.48215046525001526,0.6618874073028564,-0.2904435396194458,-0.08518169075250626,-0.3101921081542969,0.1977946013212204,-0.29673588275909424,0.12011174857616425
-0.4186111390590668,0.1143060252070427,0.14261893928050995,0.4097021222114563,0.11761417239904404,0.05048608034849167,-0.5471733808517456,0.5547279119491577
-0.30779093503952026,0.17232871055603027,-0.2321995049715042,-0.4042556881904602,-0.16490814089775085,-0.2919889986515045,0.44427290558815,0.5902532339096069
