-0.08091935515403748,-0.0695406123995781,0.31297945976257324,0.24397626519203186,0.04133913666009903,-0.35136958956718445,-0.32274582982063293,0.2850553095340729,-0.2831518054008484,-0.21117262542247772,-0.5262510180473328,0.3447241485118866
0.2826954126358032,-0.4668121039867401,0.23959726095199585,0.21774570643901825,0.30208513140678406,-0.22925929725170135,0.4478093981742859,0.048048634082078934,0.3756384253501892,0.0828680470585823,-0.20622342824935913,-0.245340496301651
-0.35603612661361694,0.0633498802781105,0.12879206240177155,-0.42024773359298706,0.5904083847999573,-0.05515551567077637,-0.05354820936918259,0.15573251247406006,0.06881752610206604,0.5042794942855835,0.016799530014395714,0.1948549747467041
0.35431647300720215,-0.07077129185199738,-0.40760210156440735,-0.009522019885480404,0.08992418646812439,0.2193065583705902,-0.15441647171974182,-0.07677121460437775,0.4467795789241791,-0.007784306537359953,-0.2166435718536377,0.6088461875915527
0.18411633372306824,0.6769222617149353,-0.2924646735191345,0.12573924660682678,0.2753194570541382,-0.24987547099590302,-0.06833576411008835,0.2553308308124542,0.1898593157529831,-0.0940939337015152,-0.16263799369335175,-0.3564784526824951
-0.26900142431259155,0.14467790722846985,-0.20056863129138947,0.6751079559326172,0.12844635546207428,0.15389178693294525,0.4283510148525238,0.07985489070415497,-0.20306456089019775,0.2054390162229538,0.11935628950595856,0.2880588173866272
-0.10207609087228775,-0.3952350318431854,-0.3739894926548004,0.13536477088928223,0.3886773884296417,-0.2967834770679474,-0.31174707412719727,0.008640291169285774,-0.07401742786169052,-0.32596704363822937,0.47441545128822327,-0.04431768134236336
-0.1697782576084137,-0.19823509454727173,-0.11119668930768967,-0.1278974413871765,0.12945778667926788,0.6098716259002686,0.07931529730558395,0.5642884373664856,-0.031222017481923103,-0.33699458837509155,-0.1903943121433258,-0.1973550021648407
-0.5178902745246887,-0.15858173370361328,-0.4241352379322052,-0.012907756492495537,-0.08083656430244446,-0.09672039747238159,-0.0027673733420670033,-0.3990614116191864,0.0660996362566948,0.06144634261727333,-0.5331985354423523,-0.24288125336170197
0.39755403995513916,-0.23253905773162842,-0.26573050022125244,0.09154077619314194,-0.04772081598639488,0.08947662264108658,-0.2786862254142761,0.16735899448394775,-0.41705024242401123,0.5909172892570496,-0.1161169558763504,-0.2373366504907608
0.26434850692749023,0.11337725818157196,0.09812205284833908,-0.07003796845674515,0.5157043933868408,0.25440576672554016,0.10014355182647705,-0.5199062824249268,-0.44952431321144104,-0.2407684624195099,-0.17685993015766144,-0.020169967785477638
-0.13996432721614838,0.0385618694126606,0.35182851552963257,0.443450003862381,0.12440059334039688,0.3802809417247772,-0.537824273109436,-0.1966225653886795,0.332064151763916,0.11122722923755646,0.04725734889507294,-0.2135763168334961
