-0.33050504326820374,-0.5441164374351501,-0.17434687912464142,0.5968227982521057,0.43340206146240234,0.007499791216105223,-0.06636222451925278,-0.1257524937391281
-0.24906978011131287,-0.2528795003890991,0.5731952786445618,-0.4113178253173828,0.16886016726493835,0.15151745080947876,0.2227829396724701,-0.5245754718780518
-0.10817816853523254,0.18160834908485413,0.6759915351867676,0.2630731165409088,0.21900169551372528,0.15849056839942932,-0.04029291123151779,0.5953474044799805
-0.7958210706710815,0.45374417304992676,-0.2154243141412735,-0.1938462108373642,0.15523508191108704,-0.22206072509288788,-0.034465041011571884,0.0469219945371151
0.3164283037185669,0.5584580898284912,0.09956865757703781,0.35223063826560974,0.3984285891056061,-0.24199511110782623,0.18147164583206177,-0.4514155983924866
-0.2710013687610626,0.21846193075180054,0.08443320542573929,0.46020305156707764,-0.618651807308197,0.4306023120880127,0.0499342679977417,-0.29878750443458557
0.06774882227182388,0.1229076087474823,0.054958175867795944,-0.09664580971002579,0.15134553611278534,0.23936080932617188,-0.9146495461463928,-0.22617655992507935
-0.07440212368965149,-0.1625259667634964,0.3429531753063202,0.15048295259475708,-0.3836769461631775,-0.7754219174385071,-0.2667195796966553,-0.09033001959323883
