-8.491457492709742e-08,7.650992017715907e-08,1.5914013218321088e-08,-8.19576442268044e-08,-2.313749902782547e-08,-5.2522377558261724e-08,7.645856214821833e-08,-5.8741299824305315e-08,-4.984069050806283e-07,0.9999982714653015,3.39857599840343e-08,9.279582968702016e-08,-4.4167455826027435e-07,1.435867034160765e-07,6.184532708175539e-08,-8.112995431019954e-08
6.674424923858169e-08,8.508757076697293e-08,8.035941334583185e-08,-8.16624279309508e-08,-2.1809226424807093e-08,1.1536383937027495e-07,1.0000008344650269,4.268618525316015e-08,-4.857734481333864e-08,1.634188180332785e-07,6.506677152628981e-08,-1.0131057592843717e-07,-3.306076834519445e-08,3.784286661812075e-07,4.953689725084587e-08,3.623418720621885e-08
4.0990748573221936e-08,-1.3683399302522048e-08,1.0000019073486328,-2.996120684883863e-08,1.7554474140979437e-07,3.332115738885477e-08,-7.369372667653806e-08,-2.5347256382701744e-07,5.573549799464672e-08,-5.115897483420895e-09,1.6503673805345898e-07,-2.8761337489413563e-07,-6.140682984323576e-08,1.8216715602648037e-07,1.9913204418742225e-09,1.9200516021555813e-07
-1.064979882059447e-09,-1.1131477606340923e-07,1.4047638785541494e-07,-8.664597572760613e-08,1.3764115180947556e-07,-3.270550763545543e-08,-4.133800857175629e-08,-1.1870795901813835e-07,5.560934823733987e-08,3.4683328209439424e-08,8.825768560427605e-08,-7.166925541923774e-08,-6.403628560747165e-08,4.1696303298977e-08,0.999997615814209,-8.88811086952046e-08
7.164738491383105e-08,-6.165498689369997e-08,4.6439538436970906e-08,-5.206236508570328e-08,1.2206137967041286e-07,5.623624943495997e-08,-2.1169975994439483e-08,-2.2386794285012002e-07,1.5034034106520267e-07,3.689973659959378e-09,2.2749549799527813e-08,3.954325578092721e-08,0.9999986886978149,1.166578016409403e-07,-1.0325764066010379e-07,2.0197975914015842e-07
-7.598887918902619e-08,0.9999988079071045,6.089420168109427e-08,1.971032617120727e-07,1.290857909452825e-07,-9.601446038232098e-08,-3.7226918436772394e-08,-1.6327053486975274e-08,2.062085115994705e-07,-1.7539601770977242e-08,-6.50842864047263e-08,-1.816215444705449e-07,1.4096882239300612e-07,-6.129752705419378e-08,1.326151419789312e-07,-2.809662476010999e-07
1.6621953591311467e-07,1.298633520718795e-07,2.7441060534982853e-10,7.380623401331832e-08,1.000001072883606,-5.980683681627852e-08,-6.863536583523455e-08,2.3515150360253756e-07,1.2819461403523746e-07,2.4955015831551464e-08,-7.620891295800902e-08,-2.6098436478605436e-07,1.174626884647978e-08,6.404277286264914e-08,-2.3069361532179755e-07,7.348280206542768e-08
5.60608341970692e-08,4.2342531259009775e-08,-5.763629218336064e-08,1.2501047308433044e-07,-4.334000536232452e-08,0.999997615814209,7.974104931918191e-08,-1.0669754857417502e-07,2.5719854690464672e-08,5.4058087783914743e-08,9.98403493213118e-08,1.9064206924213067e-07,-1.1598986304761638e-07,-6.931178297975293e-09,2.276548087820629e-07,-7.985124028664359e-08
2.73753585133818e-07,1.7621066206174874e-07,1.0803597660924424e-07,-2.4072601689795192e-08,-1.386291756944047e-07,-1.5291634269942733e-07,1.2409441474403593e-08,1.242872684770191e-07,-2.693737997105927e-07,-8.447901223007648e-08,-1.1887750162031807e-07,1.732955112743184e-08,-3.5400626074988395e-07,-1.3095373674332222e-07,-4.73422687718994e-08,1.0000007152557373
-1.449068491865546e-07,2.3943240989865444e-07,-2.603761402042437e-07,1.000002145767212,1.3563938416893961e-08,-1.2792349934898084e-07,7.386075395743319e-08,-1.8175039429024764e-07,3.969238449030854e-08,2.104784044831831e-07,-1.1293815305180033e-07,-6.345322844936163e-08,-1.4624137456564767e-08,9.573481207780787e-08,1.7663352025465429e-07,5.803360991762929e-08
4.533624178293394e-07,-1.7969290411201655e-07,1.3800298859223403e-07,1.5426341803959076e-07,-2.1571473496351246e-07,8.310028221103494e-08,4.076892068383131e-08,0.9999984502792358,9.011233004230235e-08,1.6701866556445566e-08,-1.5414228471399838e-07,1.1497782281821856e-07,-1.8555746805759554e-07,-1.1149548129196774e-07,-2.2614869976678165e-08,-6.017118892032158e-08
4.088336069685283e-08,6.180967204727494e-08,-6.364734872477129e-08,-5.02832477877746e-08,-1.7506829763647147e-08,6.850931555391071e-08,8.877300672338606e-08,3.638625045709887e-08,0.9999988079071045,-1.1419560053127498e-07,2.290832696871803e-07,-2.8731815149285467e-08,-1.039312635953138e-07,1.206489343985595e-07,-3.592100483729155e-08,-2.4223251671173784e-07
-1.2430248830241908e-08,2.0454578475437302e-07,-5.4581139607989826e-08,-2.1303312891518544e-08,1.5180067691744625e-07,1.1871516392147896e-07,3.316335295266981e-08,1.1408307898364001e-07,2.416556128537195e-07,8.620697400374411e-08,6.191314838588369e-08,1.000002145767212,-5.07147206008085e-07,4.684700982693357e-08,-1.103409630331953e-07,2.3326124676259496e-07
8.938012996395628e-08,-1.1330190829994535e-07,2.0002489975468052e-07,-2.6464975988460537e-08,2.264229266302209e-07,-2.2673667388062313e-08,-6.746627434495167e-08,-8.896908809674642e-08,4.6861072178217e-07,-2.323394596714934e-07,0.9999983310699463,-2.074257139383917e-07,-6.752713943569688e-08,6.280217457188542e-10,-1.3669362886048475e-07,-6.347562475639279e-08
0.9999988675117493,7.093101572763771e-08,-3.5905824091742033e-08,-1.2098307422547805e-07,1.8243339638956968e-07,-1.5196042113529984e-07,-3.9095535697697414e-08,-6.427508481010591e-08,1.3172276602801958e-08,-2.060244383983445e-07,-6.33074179745563e-08,8.231675963088492e-08,8.145484997612584e-08,1.8967024573157687e-07,-7.718843164639111e-08,-1.9922524074900139e-07
-2.2341643202139494e-08,-9.742749540464501e-08,3.50989424191539e-08,-2.6698680244408024e-07,3.958751193522403e-08,-4.253228880202187e-08,-8.840695642220453e-08,1.7280802921959548e-07,5.5677077170912526e-08,-1.3122877362548024e-07,-7.220152919984457e-09,-2.858525363080844e-07,4.692225630265057e-08,1.0000020265579224,6.604285829325818e-08,1.317912108333985e-07
