8.4038511261042e-08,-4.514559392987394e-08,6.786083872611925e-08,2.184451064479731e-09,-2.0511759402097596e-08,1.4457371833032084e-07,-1.944831922173762e-07,1.0000019073486328,1.0194404609364938e-07,-3.009630802353058e-07
1.0366881753043344e-07,6.52969021075478e-08,1.0000003576278687,1.280483417076539e-07,6.045431888423991e-08,-1.145372507949105e-07,1.0694586904946846e-07,-7.535695090155059e-08,1.2455096509711439e-07,-1.5692886989882027e-08
7.811568991655804e-08,2.1976330089046314e-08,4.07003009073037e-09,8.20879932916796e-08,1.000001311302185,-1.1501378516243221e-08,6.262600038553501e-08,-4.004653675337977e-08,1.5880449666383356e-07,-1.6907139865907084e-07
0.9999977350234985,2.384557831192069e-07,-7.875127039369545e-08,-2.570263575307763e-07,2.803134862006118e-07,5.625153320920617e-08,-2.0627214780688519e-07,2.0661985900005675e-07,-1.3300405221627898e-08,-1.0058319332983956e-07
-3.792457619056222e-07,-1.910122762183164e-07,-3.6837526806721144e-08,-7.017374059614667e-08,-7.05107652265724e-08,-1.8521918221381384e-08,1.0000019073486328,-1.3442483748349332e-07,2.699786989524e-07,-3.0974248943493876e-08
6.054613521655483e-08,9.804545442193557e-08,5.305797756705033e-08,-5.727134766431163e-09,1.7259428375382413e-07,0.999998152256012,3.0010230744892397e-08,-1.6643986100461916e-07,8.236501969349774e-08,5.5104352192358874e-09
2.7733536356322475e-08,1.3467277426570945e-07,1.2982546593320876e-07,1.000002145767212,5.24982155525322e-08,1.2408641225647443e-07,-4.888846305561856e-08,-1.044747310885441e-08,1.2154369244399277e-07,-5.376596945438905e-08
1.121304151752156e-07,-6.430349941410896e-08,1.1278709166617773e-07,-2.5044101903404226e-07,6.278974495899092e-08,2.6209116299469315e-07,-5.7445820544899107e-08,1.3290018863187925e-08,2.450983416224517e-08,0.999999463558197
-5.472024966479694e-08,2.34070441251788e-07,-9.148701707317741e-08,-5.766521482541975e-08,-6.543267261349683e-08,-3.0210702561817016e-07,1.831144231800863e-07,-1.9505186799051444e-07,1.0000004768371582,-7.203890817208958e-08
3.3225514783907784e-08,1.000002145767212,1.0294446184389017e-07,4.0836464876292666e-08,2.2271851207733562e-07,-1.4646268198248436e-07,-1.0268766281740227e-08,2.033729273875906e-08,-5.7107676809664554e-08,-1.3159709055798885e-07
