-0.005781612358987331,0.1721268892288208,-0.24903962016105652,0.7494752407073975,0.4301902651786804,-0.13941729068756104,0.37075480818748474,-0.06816980242729187
-0.6530868411064148,-0.5446449518203735,0.0795818567276001,0.2513127326965332,-0.29759061336517334,-0.3250597417354584,0.03142115846276283,0.11015770584344864
-0.06061781197786331,-0.3053049147129059,0.11188659816980362,0.058381449431180954,0.45249688625335693,0.499246746301651,-0.12039510160684586,0.6470650434494019
-0.12781329452991486,0.4251941442489624,0.08454708009958267,-0.29147443175315857,0.1334320306777954,-0.5681160092353821,0.18474340438842773,0.5797238349914551
-0.16162452101707458,-0.22530479729175568,-0.08225971460342407,-0.44706493616104126,0.17461934685707092,0.18849533796310425,0.7841665744781494,-0.18852947652339935
-0.5563535690307617,0.41582444310188293,0.5457102656364441,0.007568517234176397,0.24908128380775452,0.2152571976184845,-0.11605468392372131,-0.3128261864185333
0.00916289258748293,-0.3300042450428009,-0.11711014062166214,-0.2548472285270691,0.6406562924385071,-0.4168882966041565,-0.36656856536865234,-0.3061749041080475
-0.4665801525115967,0.25914832949638367,-0.7705204486846924,-0.14796432852745056,-0.02903621830046177,0.21733658015727997,-0.2239937037229538,0.03608953580260277
