-3.492995972464996e-07,-7.279239611079902e-08,2.644003060936484e-08,6.898248017250808e-08,6.75489886248215e-08,-4.6062321956696906e-08,-3.6205975995073914e-09,-1.1949008182909893e-07,6.564691545918322e-08,1.000002145767212,-6.224555448852698e-08,-2.2625648909979645e-07
-1.2313891772919305e-07,1.6636136024317238e-07,-9.597840744390851e-08,1.4370536405294843e-07,-1.0570696673539715e-07,-4.2563065960621316e-08,-3.013814762198308e-07,2.2515045827731228e-07,1.000001072883606,-2.4543046706071436e-08,-3.1462423777384174e-08,-1.0990942911348611e-07
-1.5294382649244653e-08,1.371034752395417e-08,-4.359191407843355e-08,8.052369793176695e-08,-2.9133170542650078e-08,1.5419580279285583e-07,-1.3428072520582646e-07,2.4472049631185655e-07,-1.5261510100117448e-07,-5.487016707661496e-08,0.9999998807907104,-2.5716514073792496e-07
1.0000003576278687,6.132128049785024e-08,2.0784690946129558e-07,-2.4357692751664217e-08,-6.404071228871544e-08,-1.734580052925594e-07,-1.4458551023111e-09,1.8877757668178674e-07,8.24200352411708e-09,8.329831757691863e-08,-9.05136019468955e-08,-9.342231521713984e-08
2.1018986728904565e-07,-1.1946190170419868e-07,7.208821983795133e-08,-8.94848000143611e-08,1.000002145767212,-2.843727742174451e-08,1.2304222707371082e-07,1.538496263719935e-08,-1.8660432488104561e-07,-6.171062949533734e-08,2.169403927609892e-07,2.9270186274743537e-08
7.655675915430038e-08,1.0571939412784559e-07,2.3437533513970266e-07,-2.830252299190761e-07,7.136705448829161e-08,2.567298622579983e-07,-6.697082000073351e-08,-6.45408420041349e-08,2.263300018512382e-07,-7.884295882831793e-08,1.605583150876555e-07,1.0000027418136597
6.188282525299016e-11,-1.241021720943536e-07,-4.479656467992754e-08,7.713978789070097e-09,-5.411346037931253e-08,1.0000009536743164,1.213903288999063e-07,5.933003421887406e-08,-8.203986823218656e-08,-3.304746343246734e-08,-8.242925986223781e-08,-8.113255489661242e-08
-2.5643160483923566e-07,1.823759134822467e-07,0.9999985098838806,1.7170476951378078e-07,-1.5667145802922278e-08,1.0225830493482135e-07,-8.340626322933531e-08,2.1973688646426126e-08,-3.1459581606441134e-08,1.5491683313939575e-07,-1.6389277845973993e-07,1.2854906117354403e-07
-2.7320783146933536e-07,1.9756884128696584e-08,2.3194073150989425e-07,-1.3912710983277066e-07,1.0294980512526308e-07,9.473483686406325e-08,1.0000001192092896,-1.473803337148638e-07,8.43391916305336e-08,-1.857488385326178e-08,-3.5401057640882527e-09,5.549858173026223e-08
-1.4411020821114562e-08,7.021080250524392e-08,6.945622743614877e-08,0.999997615814209,-1.0895983137970688e-07,5.557775129005904e-09,-2.2309258440600388e-07,2.260040474766356e-07,4.978888910045498e-07,6.60304655397681e-09,-1.9290480324229975e-08,-1.568543552821211e-07
-5.1360444786041626e-08,0.999998927116394,-6.360799176263754e-08,-2.2010622657830936e-08,6.108930250547928e-08,1.6758786358650468e-08,5.409971493008925e-08,-1.018692827869927e-07,-1.0719934662173358e-10,6.658049045427106e-08,-2.3602331111760577e-07,7.426703518831346e-08
-7.372830879148751e-08,-5.334704411552593e-08,1.6676854386332707e-07,-7.782328736993804e-08,1.1038425640208516e-07,-7.140658908610931e-08,-8.194680845008406e-08,1.0000019073486328,2.886964978188189e-07,2.779800212238115e-08,6.735874080732174e-08,5.251551371543428e-08
