-9.179022697480832e-08,-1.4270288772877393e-07,-1.3577388813246216e-07,-8.443792864909483e-08,1.226191130854204e-07,-7.392546308437886e-08,1.0000016689300537,-6.652880557567187e-08
1.989811835301225e-07,1.0000003576278687,-4.756300953090431e-08,4.0640628640176146e-08,-2.9509789101211936e-07,2.5934898673085627e-08,3.1789056720299413e-08,-2.9786420441269e-07
1.000001311302185,1.177794146656197e-07,6.189238632714478e-08,7.385010292182415e-08,-2.2804941579579463e-07,8.30952444630384e-08,2.8052703271441715e-08,6.747116998440106e-08
5.4861363452118894e-08,1.559438516096634e-07,-6.414405362420439e-08,6.277816311239803e-08,-8.493169900702924e-08,0.9999991655349731,2.05306456280141e-08,1.8284465852502763e-07
1.1520386067331856e-07,7.758766429333264e-08,1.0000007152557373,2.3057451059571576e-08,-1.1491339790836719e-07,-7.088480202810388e-08,1.95408460967883e-07,2.2664649179660046e-07
-2.878722114019183e-07,-1.5734114811039035e-07,-5.5047866709401205e-08,-6.904207339175628e-08,-1.8451648031714285e-07,1.5771151495869162e-08,1.0957247553733396e-07,0.9999994039535522
-1.4136931270058994e-07,-8.885363200761276e-08,1.4346130683406955e-07,-1.0498288105509346e-07,1.0000028610229492,7.491880182897148e-08,-1.1033112912173237e-07,-2.4640879559001405e-08
7.459488671202053e-08,-5.629632227055481e-08,-6.729735702037942e-08,1.0000008344650269,-9.873899919909945e-09,-5.911556399951223e-08,-8.768457604446667e-08,-6.138422037338387e-08
