0.2757624089717865,-0.3802144229412079,0.31251201033592224,0.017708392813801765,-0.3264811635017395,0.17832674086093903,0.006566882133483887,0.1485038548707962,0.23616404831409454,-0.6820241808891296
-0.05320420861244202,0.09282132238149643,0.4770476520061493,0.635608434677124,0.007264104671776295,-0.22761334478855133,-0.16951990127563477,0.30627161264419556,0.32563936710357666,0.2766575515270233
0.4199264943599701,0.3433127701282501,0.5128584504127502,0.02071601338684559,0.01965736784040928,-0.20564004778862,0.06828595697879791,-0.3577091097831726,-0.5066233277320862,-0.10190016776323318
0.11307008564472198,-0.4401128590106964,0.26095905900001526,-0.10781698673963547,0.6117196679115295,0.09328725934028625,0.47501394152641296,0.2585364878177643,-0.11002640426158905,0.16218087077140808
0.6623303294181824,0.03214995563030243,-0.16774646937847137,7.605375867569819e-05,-0.1275884360074997,0.42845863103866577,-0.28204864263534546,0.31723088026046753,-0.11486348509788513,0.3727053105831146
-0.23612740635871887,0.03657729923725128,0.1343245804309845,-0.29395532608032227,-0.49182096123695374,-0.2424374222755432,0.1847478598356247,0.5891554951667786,-0.38053247332572937,0.10839010030031204
-0.2976646423339844,-0.44818180799484253,0.18333473801612854,0.2696651816368103,-0.33480459451675415,0.40152716636657715,-0.0020561497658491135,-0.3752218782901764,-0.323847234249115,0.29190191626548767
0.28923648595809937,-0.5597836375236511,-0.17432361841201782,-0.05873724818229675,-0.10745808482170105,-0.672395646572113,-0.2033204734325409,-0.1715461015701294,0.006555927451699972,0.18620483577251434
-0.0580744743347168,0.03166685998439789,0.46713048219680786,-0.6423168778419495,-0.06185154989361763,0.09440340101718903,-0.20625269412994385,-0.1866169273853302,0.42014896869659424,0.31338924169540405
-0.24885451793670654,-0.13288572430610657,0.12346919625997543,-0.09210647642612457,0.3648783564567566,0.028225211426615715,-0.7371236681938171,0.19121572375297546,-0.36051082611083984,-0.22993533313274384
