0.05677330493927002,0.09373337775468826,0.35385066270828247,0.4301339387893677,-0.2815749943256378,-0.20472203195095062,-0.38167035579681396,-0.33780789375305176,0.05259336158633232,-0.22738420963287354,0.06293972581624985,-0.12988489866256714,0.0033135837875306606,-0.34315937757492065,0.2510546147823334,0.20170217752456665
-0.07592026144266129,-0.006848189048469067,0.4818815588951111,0.21383462846279144,0.4706874191761017,-0.3040902316570282,0.1657552570104599,0.24120107293128967,0.2979448437690735,0.12255090475082397,0.1413358449935913,0.04902485013008118,-0.3671441376209259,0.06516891717910767,0.1183767318725586,-0.19328945875167847
0.4360843002796173,-0.03550947457551956,0.06093055009841919,0.10645052045583725,0.4677252471446991,0.07593215256929398,0.1230304017663002,-0.5562251210212708,-0.35138580203056335,0.1089911088347435,0.14064514636993408,-0.11573319137096405,0.16192719340324402,0.012010375037789345,-0.06624511629343033,-0.21257786452770233
0.024494562298059464,0.04673992842435837,0.25955307483673096,-0.2735556662082672,-0.16341762244701385,-0.2848134934902191,-0.10911533236503601,0.10466963797807693,-0.45082733035087585,-0.34258148074150085,0.16207344830036163,-0.21184450387954712,-0.2985728085041046,0.1287211775779724,-0.4653630256652832,-0.10148679465055466
0.0976087674498558,-0.24314303696155548,-0.29869869351387024,-0.30171728134155273,0.3011372983455658,-0.15718409419059753,-0.16115930676460266,0.04460258409380913,0.14666935801506042,-0.5425311923027039,0.02536182664334774,0.10480055212974548,-0.019018257036805153,-0.4126236140727997,0.20325416326522827,-0.26141348481178284
-0.21367570757865906,0.31353458762168884,-0.06638827174901962,-0.4202815890312195,0.13483574986457825,-0.390215128660202,0.013545220717787743,-0.31259074807167053,-0.1735527068376541,0.20233653485774994,-0.3627837598323822,-0.05370417982339859,-0.19344066083431244,0.03211485967040062,0.3580639362335205,0.18556246161460876
-0.16496464610099792,-0.6649824976921082,0.015951234847307205,0.12103378027677536,-0.018223749473690987,-0.07015513628721237,-0.10254862904548645,-0.2553900182247162,-0.1273617297410965,0.14719033241271973,-0.2772192656993866,0.4034598767757416,-0.2929357886314392,-0.049345962703228,-0.23720914125442505,0.11250913888216019
-0.12007924169301987,-0.28713127970695496,-0.030772533267736435,0.2516256272792816,-0.12376782298088074,0.052461545914411545,0.12817975878715515,0.119814433157444,-0.3762957453727722,-0.25398319959640503,-0.12952576577663422,-0.16062048077583313,-0.010522359050810337,0.4116881787776947,0.5604942440986633,-0.2399679273366928
0.34417450428009033,0.07203231751918793,-0.0037893210537731647,0.0031959041953086853,-0.10408760607242584,-0.3818177282810211,-0.1440301239490509,0.2902752459049225,-0.2984473407268524,0.1953451931476593,0.19339990615844727,0.5906304717063904,0.25846847891807556,0.050473034381866455,0.1758144050836563,0.031064201146364212
-0.19674263894557953,-0.07319314032793045,-0.1511649191379547,-0.12330647557973862,-0.07920581847429276,-0.11431951075792313,0.023769453167915344,-0.40462151169776917,0.273001104593277,-0.15040993690490723,0.6136344075202942,0.17189010977745056,-0.02535128779709339,0.4569372534751892,0.06759826838970184,0.13039425015449524
0.04100136458873749,0.0993286594748497,-0.00817283894866705,0.006861436180770397,0.054392024874687195,0.35339683294296265,0.3819887936115265,0.07891856133937836,-0.2999490201473236,-0.14753180742263794,0.2727416455745697,0.1894635558128357,-0.4056570827960968,-0.3025301992893219,0.18422798812389374,0.44306573271751404
-0.17169667780399323,0.3624986708164215,-0.16553501784801483,0.1461288183927536,-0.2793141305446625,0.11197996139526367,0.02518179453909397,-0.19609686732292175,-0.05062970519065857,0.10202357172966003,0.05287007987499237,0.2920440137386322,-0.3075138330459595,-0.1696145385503769,-0.017519518733024597,-0.6603173613548279
-0.05007842183113098,-0.37907588481903076,0.19735783338546753,-0.37747636437416077,-0.27446943521499634,0.035280197858810425,0.04358426854014397,0.020715583115816116,-0.03515291586518288,0.4529604911804199,0.3478911817073822,-0.2797005772590637,0.04174954071640968,-0.31487011909484863,0.23461946845054626,-0.17845697700977325
-0.5280689597129822,0.0967724621295929,0.40238332748413086,-0.16450601816177368,0.27081140875816345,0.3453727066516876,-0.28435349464416504,-0.004824443720281124,-0.21198385953903198,-0.10136609524488449,0.051323723047971725,0.25791528820991516,0.3482871651649475,-0.02172020636498928,0.024213777855038643,-0.05072861909866333
0.017002353444695473,-0.024314550682902336,0.34537360072135925,-0.1370147466659546,-0.25574764609336853,-0.15314768254756927,0.6621929407119751,-0.1711416393518448,0.1334090679883957,-0.2667732238769531,-0.21731893718242645,0.21354521811008453,0.3226444125175476,-0.09558119624853134,-0.06146661937236786,-0.07486104220151901
-0.48316484689712524,-0.013571768067777157,-0.3258676528930664,0.33544453978538513,0.13045556843280792,-0.39220044016838074,0.23998460173606873,0.07537400722503662,-0.22844986617565155,0.054886896163225174,0.20519931614398956,-0.17342470586299896,0.2690891623497009,-0.2787221372127533,-0.18145444989204407,0.05599983036518097
