-3.87259468936918e-08,1.000002145767212,3.5205232506996254e-08,-5.634374389273944e-08,-2.3302192175833625e-08,3.225467537504301e-08,7.546268676605905e-08,1.1013600698106529e-07
8.151035757464342e-08,2.2976139746333502e-07,2.8131378115858752e-08,0.9999975562095642,1.248490533178881e-09,1.0458801824597685e-07,2.25100311723736e-08,3.542543254297925e-07
0.999998927116394,-2.4447086133250195e-08,-8.043607380159301e-08,-5.838465710894525e-08,-3.1351410711977223e-07,-5.83741908144475e-08,3.0955952468048054e-08,-1.2777493907378812e-07
-1.049587083912229e-07,2.707228645704163e-07,1.0000019073486328,-3.3652252540150585e-08,5.8990536899727886e-08,2.2249977860155923e-07,1.3711849078390514e-07,1.4539614312525373e-07
7.420563008508907e-08,8.985629129654171e-09,-1.6710448846879444e-07,6.680614461629375e-08,-1.2590675169121823e-07,-1.08203870752277e-07,1.000000238418579,1.0882761358743664e-07
2.5122325553184055e-08,1.0719552534510512e-07,1.2984879838029428e-08,-3.924914437902771e-08,1.000002384185791,9.282916835218202e-08,-5.4441287034023844e-08,1.1926483978186297e-07
-1.4841550921573798e-07,1.5210501658202702e-07,1.1143279632364056e-09,1.4799277359145435e-08,-3.5464407233121165e-07,-1.5219906401853223e-07,8.200193235552433e-08,1.0000016689300537
1.211722207017374e-07,6.162799337516844e-08,-4.012838701328292e-07,-2.266618537305476e-07,9.860563920938148e-08,0.9999982714653015,-5.12442959177406e-08,1.5089628391251608e-07
