0.3216303288936615,0.05882785841822624,0.5486428141593933,-0.13716648519039154,0.015150451101362705,-0.27674028277397156,0.11565834283828735,-0.5446834564208984,0.241419717669487,0.23918740451335907,-0.2178652584552765,-0.15309801697731018
-0.17986609041690826,0.08598002791404724,0.2686196565628052,0.1922120302915573,0.17713503539562225,0.08626148104667664,0.03889824077486992,0.327217161655426,0.1558835804462433,0.6238043308258057,0.46605542302131653,-0.2703959047794342
0.07982329279184341,-0.7568354606628418,0.10517030954360962,0.2784534990787506,0.3818744421005249,-0.17017093300819397,-0.19092002511024475,-0.015435413457453251,0.14894890785217285,-0.044406868517398834,0.09026934951543808,0.29740676283836365
-0.20969422161579132,0.10114051401615143,-0.4190521240234375,-0.08474647998809814,0.3954772353172302,-0.1226034164428711,-0.05227429419755936,-0.016843434423208237,0.06627713888883591,0.5071532726287842,-0.5544930696487427,0.13964751362800598
-0.6503663063049316,-0.1627884954214096,0.16470754146575928,-0.42207056283950806,0.28553083539009094,0.07622227817773819,-0.12678472697734833,-0.2241045981645584,-0.02481970191001892,-0.2503160536289215,0.040279436856508255,-0.3559796214103699
0.21953842043876648,-0.0960981473326683,0.2931198477745056,-0.004163011908531189,-0.01368618756532669,0.32871294021606445,-0.39703044295310974,0.4592058062553406,0.0696621909737587,-0.07322058826684952,-0.5188647508621216,-0.31694650650024414
0.1405567228794098,-0.11417681723833084,-0.3125721514225006,-0.3075285255908966,-0.29112860560417175,-0.5378536581993103,-0.4878336787223816,0.09758179634809494,0.1305180788040161,0.11035091429948807,0.208548903465271,-0.28404396772384644
-0.22627031803131104,-0.37002524733543396,0.1486135870218277,-0.41233038902282715,-0.46517032384872437,0.003554851980879903,0.3822755813598633,0.28797081112861633,0.18858544528484344,0.18868301808834076,-0.14073586463928223,0.2887064814567566
0.3736550211906433,0.10345781594514847,-0.03959066793322563,-0.43636852502822876,0.524290919303894,-0.15975265204906464,0.36968883872032166,0.3751138150691986,0.09044259041547775,-0.23409010469913483,0.12379997968673706,-0.04008633270859718
-0.09252674877643585,0.1711963713169098,0.4171842634677887,-0.11883997172117233,0.05986475199460983,-0.3511412739753723,-0.2353668510913849,0.19632230699062347,-0.6525639295578003,0.07558204233646393,-0.01547800749540329,0.3483510911464691
-0.35149723291397095,0.27513784170150757,0.1438436359167099,0.37903690338134766,-0.03843812271952629,-0.4943007528781891,0.0756630003452301,0.24310636520385742,0.42194777727127075,-0.34150272607803345,-0.17615638673305511,0.007625964004546404
-0.0012157176388427615,0.3235984742641449,0.10503745824098587,-0.2618425786495209,0.05804094299674034,0.27508312463760376,-0.43624401092529297,-0.061900969594717026,0.46979600191116333,-0.03935881331562996,0.19742360711097717,0.5303521752357483
