-6.651220907372135e-09,-1.648581715585351e-09,2.8712415556242377e-08,1.6730679419652006e-07,1.2233252277837892e-07,7.12560819238206e-08,-4.4083996897370525e-08,-1.2304562346798775e-07,1.8883842756167724e-07,0.9999990463256836,-2.140953725415784e-08,-9.926027644269197e-08
-2.6210912551505317e-07,1.8268988810632436e-07,-1.6822491488710511e-07,-1.219086698256433e-07,1.0000027418136597,-1.5992091562111455e-07,-2.5642183487661896e-08,-2.920595534305903e-07,-3.098231786680117e-07,-2.036055519738511e-07,8.425993769378692e-08,1.553736268533612e-07
8.879074897549799e-08,0.9999986886978149,1.41738155434723e-07,-1.1031363378322112e-08,2.1652832060681249e-07,-1.2003804172877608e-08,-5.991665119609024e-08,3.997502773245287e-08,-3.490721667276375e-07,-6.58615277870922e-08,-4.2074894679444697e-08,2.491274813110067e-07
-5.290328175533432e-08,6.269583252560551e-08,3.709491380732288e-08,2.712937714477448e-07,2.408629384831329e-08,-6.226490256722172e-08,4.2551968704174215e-07,6.67006929688796e-08,1.0000011920928955,1.3170755153169011e-07,-4.874623016348778e-08,-4.7732413577250554e-08
1.1919520659375848e-07,-2.1444714093377115e-07,2.721727412335895e-07,-6.684524578304263e-08,-6.407033481536928e-08,-1.34320018219114e-07,-1.2519492997853376e-08,3.607168963526419e-08,-8.982125621059822e-08,1.1025804269593209e-07,-4.8739110525275464e-08,1.0000004768371582
9.32767747485741e-08,1.3593584924365132e-07,6.317787892839988e-08,5.668343661113795e-08,-1.759141952106802e-07,-7.04405138662878e-08,1.0610462908289264e-07,0.9999999403953552,-4.7498694755176984e-08,-3.313318472919491e-07,3.716654362051486e-08,-1.1585239434452888e-07
8.710667742661826e-09,-1.4660712110980967e-07,-1.9101906900687027e-07,7.55269979890727e-08,1.2653549674723763e-07,-2.984003231176757e-07,1.8860809802845324e-07,-1.1238238073474349e-07,1.1244971886981148e-07,-8.586918909259111e-08,0.9999994039535522,7.438642057877587e-08
-8.453666566765605e-08,2.5538254178059105e-08,-9.082584995212528e-08,-9.973542347552211e-08,-6.249411654835058e-08,-6.96542823419577e-11,1.0000016689300537,3.864940012476836e-08,6.354066606206743e-09,5.551084925059513e-08,1.0628515845212405e-08,6.09455952371718e-08
1.358132806217327e-07,-7.376983290896533e-08,1.8934469991904734e-08,5.671862624012647e-08,8.829738362692297e-08,1.0000027418136597,-5.563160598853756e-08,3.54962253368285e-07,-1.4135237336176942e-07,1.6606387021056435e-07,-5.76793510731477e-08,2.0447078696861354e-08
1.0000028610229492,9.243297682814955e-09,2.7303573801873426e-07,-6.261136320517835e-08,1.867191912197086e-07,2.3574861529596092e-07,-8.175397425702613e-08,-2.2613139094573853e-07,6.736079427582808e-08,-7.893465436836777e-08,-1.5427094979258982e-07,-1.2561741868921672e-07
2.8792678463673838e-08,-8.068682433304275e-08,6.980388178590147e-08,0.999997615814209,-6.740361868651235e-08,-3.7405831676551315e-07,3.1885605267234496e-07,6.607912439449137e-08,1.2305515895150165e-07,3.234976730936978e-08,2.504248541868037e-08,-2.290893474921063e-09
-3.758694333555468e-07,1.332453791746957e-07,0.9999983310699463,1.7825539089244558e-07,-5.571203587351192e-07,9.203205308949691e-08,7.238418930910484e-08,6.494882143215364e-08,-9.862760208534382e-08,6.258896689814719e-08,1.1583435544082477e-08,-1.4629415012734626e-08
