-4.8005581732013525e-08,-9.999992300890881e-08,7.460258899527616e-08,-7.961235226616736e-09,-5.984076665299654e-07,-1.453366706982706e-07,-2.3420415118380333e-07,1.0000009536743164,1.0722853005518118e-07,9.169206549586306e-08,5.958719029308668e-08,-1.556560924598216e-08,-2.9193660822102174e-08,1.767147637110611e-07,-1.0895672630795161e-07,-6.053291912166969e-08
-5.91455844300981e-08,-8.51691055459014e-08,-8.417584496100972e-08,-3.180999499363679e-07,-4.607134229672738e-08,1.5159108102125174e-07,4.492334326755554e-08,-1.5716194923243165e-07,6.435064392462664e-08,2.482389618307934e-07,-7.919210531781573e-08,2.876235214444023e-07,3.714995102654939e-07,6.534884278153186e-08,0.9999979138374329,-9.380840992889716e-08
8.798963335721055e-08,5.13025320003635e-08,-3.108988977373883e-08,9.710178261457258e-08,5.4210353539474454e-08,9.441099280138587e-08,-4.262794561782357e-08,-8.360716918787148e-08,-7.115930600321008e-08,-5.450109696880645e-08,1.9746825330457796e-07,0.9999972581863403,4.4642305851994024e-08,4.20431867098614e-09,-8.140963103642207e-08,-1.7833424692526023e-07
-1.4506832712868345e-07,-6.457596413156352e-08,-9.969632230877323e-08,-1.0490312263300439e-07,-2.341503630987063e-07,9.192319794237847e-08,-3.974134088480241e-08,9.505318843139321e-08,-1.8310819882572105e-07,-1.412936541100862e-07,-9.989575744384638e-08,7.305885674213641e-08,8.132574436103823e-08,0.9999975562095642,-1.2988296305138647e-07,-1.4525741676152393e-07
9.496829278532459e-08,5.304340788825357e-08,5.579763495688894e-08,2.0993147131775913e-07,-4.5493294464904466e-07,-3.2811084338391083e-07,-2.8791776074399422e-08,-5.957200288619902e-10,-7.474757524050801e-08,9.689307489679777e-08,-2.0208888784623014e-08,1.9587078625704635e-08,9.683041213293109e-08,1.8891063291448518e-07,6.063492463681541e-08,1.0000027418136597
-3.6652438861750625e-09,1.0000019073486328,1.1143610834096762e-07,6.622881443263395e-08,-2.5944673964772846e-08,1.8483078179087897e-08,5.915691403401979e-08,3.981221752269448e-08,1.295717027005594e-07,-1.0197949507073645e-07,7.387440348338714e-08,-3.6162074223966556e-08,-6.824018328188686e-08,7.163555437728064e-08,1.376472624770031e-07,1.0251713433717669e-07
4.245146385528642e-07,-9.650968735286369e-08,2.0115068366521882e-07,-7.505099830495965e-08,5.452237061831511e-08,-1.4284982796652912e-07,2.7046689865528606e-07,8.192839295873e-09,0.999997615814209,-1.890471779120162e-08,-1.0043032006024077e-07,-9.514183219039296e-09,2.1666278371412773e-07,2.7196220386827008e-08,1.0094777991298542e-07,-1.1406712729922219e-07
3.443831815275189e-07,-1.218085543541747e-07,1.171883425854503e-07,-1.166831751220343e-07,-1.694924094408634e-07,-1.304033077076383e-07,-7.336061713658637e-08,-1.343824607147326e-07,-9.431119707414837e-08,0.9999997019767761,1.555415991560949e-07,2.2780103137165497e-08,1.1033064595267206e-07,-4.991440860635521e-08,1.7993900769397442e-07,-4.266686914888851e-08
9.133095346669506e-08,4.7515815282395124e-08,-5.352318410700718e-08,1.376175333689389e-07,-1.0469992162143171e-07,-8.009403984488017e-08,9.772775655392252e-08,1.0609745970668882e-07,1.6639779687466216e-07,3.496440825756508e-08,0.9999980926513672,-1.5724231161584612e-07,4.348330406855894e-08,2.709577131554397e-07,-2.4161107603504206e-07,-5.0012573638014146e-08
1.000001311302185,7.064074214468974e-09,5.0060322109857225e-08,1.8368008625202492e-07,1.1799657784195006e-07,-8.298438558540511e-08,1.0458783172850872e-08,-6.527650953103148e-08,4.281296739350182e-08,1.0110587034262153e-08,-1.597736520864146e-08,1.660512936041414e-07,-7.516533884199816e-08,-7.835915027953888e-08,2.6014245690930693e-07,1.690537914100787e-07
-6.052995615846157e-08,2.0412961987403833e-07,2.0306435999373207e-07,8.172582255383531e-08,-6.626960669109394e-08,1.369549522678426e-07,7.055187722926348e-08,-1.4170399253998767e-07,8.289049446830177e-09,-5.618979415089598e-08,1.1800687360619122e-07,1.0942069650354824e-07,0.9999982118606567,2.299202179756321e-07,1.6413821413152618e-07,4.3046323838780154e-08
2.319864051969489e-07,-1.8386985800589173e-07,-2.7966581228611176e-07,1.0771055514169348e-07,1.1687791356962407e-07,0.9999988675117493,-3.4562692263762074e-08,-2.067011273254593e-08,-2.909539809081707e-08,-8.115768679317625e-08,-3.018103598151356e-07,1.1268955546483994e-07,-1.1760273110894559e-07,-3.426083949875647e-08,1.0364967550913207e-07,5.9437033073095336e-09
-3.029651338692929e-07,8.042988497436454e-09,6.400306773457487e-08,2.4615988536424993e-07,1.0000003576278687,1.1029194979528256e-07,1.5325660740472813e-08,2.683754303234309e-07,2.991582448430563e-08,1.2047513564539258e-07,-7.48900248481732e-08,-6.832437549064707e-08,1.6489892118443095e-07,-9.838204917400617e-09,-4.045373103167549e-08,2.343463876286478e-07
-1.4224232458559527e-08,6.051082834801491e-08,-1.6582426098921133e-07,5.7484296434040516e-08,-2.503920271124116e-08,6.620022929837432e-08,1.0000017881393433,-3.132222303747767e-08,-9.002334877550311e-08,-1.5900807337487777e-09,1.6328543495092163e-07,7.57219495994832e-08,7.573161298068953e-08,-8.037996224175004e-08,-2.545345409998845e-07,-8.223106817695225e-08
6.965536147873763e-09,-1.4643660506408196e-07,4.987281698731749e-08,1.0,-1.6047647477535065e-07,-7.668469947930134e-08,-2.1440298780817102e-07,-7.680598201886824e-08,1.6121852297601436e-07,4.7579220563420677e-08,5.3060951188399486e-08,-5.6325280439750713e-08,3.6612924247947376e-08,9.486672070124769e-08,1.6355731702333287e-07,-1.7073126912237058e-07
-8.222664149570846e-08,8.287573649568003e-08,1.000002145767212,1.225728567533224e-07,1.6674938763117098e-07,4.3334328125865795e-08,7.313114025464529e-08,2.1973063368818657e-09,2.7408862735001094e-08,4.9719652395197045e-08,-5.53479111431443e-08,1.9100406234429101e-07,-8.110929172744363e-08,-1.2025802220705373e-07,1.7335466395707044e-09,2.004292198876101e-08
