0.11474072933197021,-0.5900526642799377,0.01844944804906845,-0.46266594529151917,0.32632285356521606,0.09094274789094925,-0.35184022784233093,0.43095290660858154
-0.49457213282585144,-0.02785447984933853,0.1800324022769928,-0.500361442565918,0.004616285674273968,-0.16150788962841034,-0.24522854387760162,-0.620971143245697
0.3853647708892822,0.005398395471274853,0.31039702892303467,-0.546825110912323,-0.40321454405784607,0.21713140606880188,0.49535149335861206,-0.03164895996451378
0.5028535723686218,0.2229212075471878,0.3470270037651062,0.1375708281993866,0.25008291006088257,0.40944570302963257,-0.4571598768234253,-0.34483280777931213
-0.19750584661960602,0.20097097754478455,0.5012715458869934,0.06554063409566879,-0.5197412967681885,-0.11340269446372986,-0.43563881516456604,0.43847522139549255
-0.3574635088443756,-0.4295443296432495,0.5587071776390076,0.36704176664352417,0.16925089061260223,0.31214573979377747,0.33609068393707275,-0.04245555400848389
0.41722485423088074,-0.41722172498703003,0.21941636502742767,0.2188456952571869,-0.11419456452131271,-0.6967926025390625,-0.01870710775256157,-0.2385435700416565
-6.10872230026871e-05,0.44984984397888184,0.3726997375488281,-0.17529073357582092,0.5971199870109558,-0.3937518000602722,0.2421063631772995,0.24040605127811432
