2.826894558438653e-07,-9.25015939401419e-08,1.8431020265552434e-08,7.07808283095801e-08,3.6493185007202555e-07,-1.0566940211731435e-08,-2.0953288526470715e-07,-2.6576427103464084e-07,1.000001311302185,5.225236066053185e-08
2.2941873112358735e-07,-3.451054908509832e-08,6.601542423823048e-08,-1.5720706869615242e-07,-6.210645864257458e-08,-5.409698999869761e-08,-4.415769438992356e-08,1.0000004768371582,-8.725626088335048e-08,1.3363086281970027e-07
7.784527156218246e-08,1.5228815186674183e-07,7.790820433228873e-08,1.4627126176947058e-07,-4.7408359904466124e-08,-6.00231260250439e-08,1.30577916479524e-07,-6.620162906756377e-08,1.0045798859437127e-07,0.9999998807907104
-2.1826582496942137e-07,-1.917053396027768e-07,-6.144794184592683e-08,-6.327290691388043e-08,1.000002145767212,1.1822528733773652e-07,2.1540760286598015e-08,-7.415489022832844e-08,1.173311758861928e-08,2.5989633556378067e-08
0.9999990463256836,5.031938030697347e-07,-1.444815893592022e-07,1.2702936658115505e-07,9.345828999585137e-08,-8.543857177301106e-08,1.9672127393732808e-07,4.9436057025786795e-08,-9.703151704343327e-08,6.770620331053578e-08
7.292221937404975e-08,1.0000011920928955,1.5066797232066165e-07,-7.018647352197149e-08,-1.3693910716483515e-07,9.463488481742388e-08,8.280455432441158e-08,-9.225203001506088e-08,8.37596516589656e-08,6.694751419900058e-08
7.500833021367725e-08,2.986898266499338e-07,1.000002145767212,-9.353781393883764e-08,1.3395688824857643e-07,-1.0379927140036216e-08,3.557289574018796e-07,-2.476249676419684e-07,-2.4532323550374713e-07,-1.6717804385280033e-07
1.729003997752443e-07,-8.445146448821106e-08,8.218766822665202e-08,0.999997615814209,-1.974305874341553e-08,7.133720458796233e-08,7.094153176012696e-08,-1.6953149994947125e-08,3.4924120484447485e-08,-4.936246611464412e-08
9.929689070986569e-08,-2.3115129010875535e-07,1.1075185568643064e-07,-2.3524823689058394e-07,1.825938866772958e-08,-6.241784689109409e-08,1.0000019073486328,-2.6396854480026377e-08,-3.947108595525606e-08,2.148366178289507e-07
2.579199360752682e-07,-1.2195552301363932e-07,1.731124257275951e-07,-1.2346359312687127e-07,2.7880233233190665e-08,0.9999997615814209,1.6796376201000385e-07,6.938820718005445e-08,8.3745909762456e-08,-2.063651720618509e-07
