0.13221895694732666,0.04325975850224495,-0.22491495311260223,-0.33839619159698486,-0.486460417509079,-0.27045631408691406,0.18607154488563538,0.19075310230255127,-0.06452415883541107,-0.0162811316549778,-0.030635463073849678,-0.46914589405059814,-0.22636781632900238,0.28698983788490295,-0.24983245134353638,0.11515907943248749
-0.0011610343353822827,0.2749992609024048,-0.3790689706802368,0.22831402719020844,0.036584459245204926,0.2951868772506714,-0.051132749766111374,-0.41882070899009705,-0.04479381442070007,0.3470853269100189,-0.4454766809940338,-0.10804855078458786,-0.056582674384117126,0.13277797400951385,-0.29083672165870667,-0.1550467610359192
-0.2717391848564148,0.41701167821884155,-0.15371936559677124,-0.45824018120765686,0.021813686937093735,-0.23165184259414673,-0.134079247713089,0.12968936562538147,-0.0937877967953682,0.31826052069664,0.07426369190216064,0.45110878348350525,0.29011330008506775,0.15865036845207214,-0.03481711819767952,0.00783462356775999
-0.20875956118106842,0.0009302789112553,0.3125710189342499,0.1061941608786583,-0.4634251296520233,-0.17159399390220642,-0.22659461200237274,-0.1084878072142601,-0.04845689609646797,0.19342337548732758,-0.07453987747430801,0.17023947834968567,-0.2500655949115753,-0.5273445844650269,-0.3298468589782715,0.12804408371448517
0.011776793748140335,0.06066678836941719,-0.028860583901405334,0.1078127771615982,0.6003937125205994,-0.21952784061431885,0.13353286683559418,0.27273494005203247,-0.25748196244239807,0.2575939893722534,-0.04642000049352646,-0.21778999269008636,-0.13071833550930023,-0.22295306622982025,-0.19670529663562775,0.4417189657688141
-0.17317387461662292,-0.44524163007736206,0.00903985183686018,0.34378084540367126,0.004510421305894852,-0.20712032914161682,-0.02155570685863495,0.1677619069814682,-0.05701729282736778,0.43317368626594543,0.2010514885187149,0.14646340906620026,-0.2340211272239685,0.43520796298980713,-0.04879852384328842,-0.28750529885292053
0.5525481700897217,-0.16047078371047974,-0.36485064029693604,0.050370555371046066,-0.11664995551109314,-0.20692476630210876,0.3473503887653351,-0.10291153937578201,0.2418035864830017,0.21816036105155945,0.022371863946318626,0.39903250336647034,0.03334049507975578,-0.23702146112918854,0.082683265209198,0.12530045211315155
-0.017466850578784943,-0.3606507182121277,-0.5645869970321655,-0.06290286034345627,0.0219131913036108,0.09764299541711807,-0.3929680585861206,0.10851659625768661,-0.26689648628234863,-0.21529963612556458,0.22515270113945007,-0.01164436899125576,0.17671377956867218,-0.2700868546962738,-0.2871849536895752,-0.12502048909664154
-0.20686475932598114,0.015800826251506805,-0.12913724780082703,-0.2935640215873718,-0.016209954395890236,0.3790055513381958,0.3558120131492615,0.19046542048454285,-0.1455547958612442,0.21982422471046448,0.06145762652158737,-0.028538094833493233,-0.3848092257976532,-0.35904085636138916,0.2900731563568115,-0.3347857594490051
0.1530516892671585,0.06709978729486465,0.12650732696056366,0.04719877615571022,-0.1126866415143013,0.42941027879714966,0.22712041437625885,-0.11267301440238953,-0.4823372960090637,-0.10610587149858475,0.33218976855278015,0.3273140788078308,-0.11227388679981232,0.25065258145332336,-0.23602837324142456,0.3161265254020691
-0.27572306990623474,0.20925509929656982,-0.18420052528381348,0.1350504457950592,0.18369856476783752,-0.2510259747505188,0.2951727509498596,-0.01434309408068657,0.1939501166343689,-0.5281049609184265,0.005753218196332455,0.2746179401874542,-0.3376111388206482,0.007716425694525242,-0.3131641149520874,-0.19964481890201569
0.027976395562291145,0.39824843406677246,-0.09823285043239594,0.29140788316726685,-0.09004182368516922,0.23862957954406738,-0.10739880055189133,0.2624213695526123,0.46681949496269226,0.15942037105560303,0.5523709058761597,-0.17803798615932465,0.022077545523643494,-0.061443377286195755,-0.11631336063146591,0.051569387316703796
-0.19000089168548584,-0.40190958976745605,0.054149266332387924,-0.386544793844223,0.1502939760684967,0.34173473715782166,0.019470157101750374,0.00793012697249651,0.5209360718727112,0.08433517813682556,-0.1242889016866684,0.09611600637435913,-0.0638359785079956,0.11042944341897964,-0.3218618929386139,0.2952434718608856
-0.5897777080535889,-0.13400040566921234,-0.2513233423233032,0.22763203084468842,-0.2088286280632019,-0.043783485889434814,0.34803318977355957,-0.21760793030261993,-0.02057252824306488,0.0026381518691778183,0.0870867669582367,-0.13563187420368195,0.3183306157588959,-0.03138864412903786,0.21946847438812256,0.358223021030426
0.04325636103749275,-0.059278830885887146,0.2850077152252197,0.011239655315876007,-0.013764272443950176,0.020307619124650955,0.4489626884460449,0.12368065863847733,-0.04142928123474121,0.08167281746864319,-0.014465400017797947,-0.10313230752944946,0.5519754886627197,-0.12940125167369843,-0.4523452818393707,-0.38797086477279663
-0.022780589759349823,0.026887373998761177,-0.08952729403972626,0.287876695394516,-0.22582675516605377,0.21461401879787445,-0.012209183536469936,0.6737672686576843,-0.02335827611386776,-0.1222357451915741,-0.5032446980476379,0.23274114727973938,0.0970810279250145,0.054845280945301056,0.0690636932849884,0.12879188358783722
