0.014497167430818081,0.38985559344291687,0.4186761677265167,0.11103107035160065,0.09030508995056152,-0.790997326374054,0.1256842166185379,0.10274671763181686
0.5754728317260742,0.04003700613975525,0.07340633869171143,-0.14955174922943115,0.554722785949707,0.20762500166893005,0.1962897926568985,0.5001178979873657
0.34985077381134033,0.25148072838783264,-0.2914262115955353,-0.264617383480072,-0.3704434931278229,-0.03640485927462578,0.6599642038345337,-0.2920730710029602
0.4102105498313904,0.5533429384231567,0.2756885588169098,0.08540642261505127,-0.3089711368083954,0.3093931972980499,-0.4847649931907654,-0.1267167031764984
0.1166839450597763,-0.33519259095191956,0.30204901099205017,0.4230327904224396,-0.5630950927734375,0.0928831696510315,0.26078829169273376,0.4583960175514221
0.16893860697746277,0.07396694272756577,-0.6921261548995972,0.037503112107515335,-0.21787428855895996,-0.3461332619190216,-0.3560558557510376,0.4375983774662018
0.3612208664417267,-0.14979976415634155,-0.2062525451183319,0.7402153611183167,0.2658374011516571,-0.09203509241342545,0.029468337073922157,-0.42025312781333923
-0.45312151312828064,0.5802708268165588,-0.21349070966243744,0.3996349275112152,0.1273592859506607,0.31186649203300476,0.2819034457206726,0.24439893662929535
