-0.2695789635181427,0.23925676941871643,-0.2766014039516449,0.037258636206388474,0.025157887488603592,-0.1953509896993637,0.29301130771636963,-0.20287588238716125,0.09848238527774811,-0.09815213829278946,-0.0939209908246994,0.09521115571260452,-0.09528573602437973,-0.7315573692321777,0.14845633506774902,0.15121473371982574
0.04063406586647034,0.23283632099628448,-0.16641025245189667,-0.2358206808567047,-0.17770890891551971,-0.22613488137722015,0.017619365826249123,0.0688662901520729,-0.03593948855996132,-0.22694054245948792,-0.013533209450542927,-0.10486794263124466,0.06986047327518463,0.3708663284778595,0.3863585591316223,0.6460601091384888
0.09546069800853729,-0.15571394562721252,-0.3326418697834015,0.17089755833148956,-0.2646138370037079,-0.1278613954782486,0.5368726253509521,0.4040733575820923,-0.002894001780077815,0.14458554983139038,0.005992901977151632,-0.2030787318944931,0.43129727244377136,0.03302204608917236,0.00455112848430872,-0.19896739721298218
0.3489978313446045,0.07199501246213913,-0.06075013056397438,0.15474653244018555,-0.3688420057296753,0.026764456182718277,-0.1949683129787445,0.11099488288164139,0.22805963456630707,0.02261085994541645,0.029533464461565018,0.35917139053344727,-0.2229120433330536,-0.05222836136817932,0.5704379677772522,-0.3131636679172516
-0.16932471096515656,0.08739050477743149,0.1368931233882904,-0.11789071559906006,-0.19227808713912964,0.6519128084182739,0.1401645690202713,-0.11289115995168686,0.42878323793411255,0.34252437949180603,0.09517613053321838,-0.25049227476119995,0.08178354054689407,-0.035585202276706696,0.15048271417617798,0.18198592960834503
-0.04223296418786049,-0.35082578659057617,-0.16847074031829834,0.1470814198255539,-0.15724535286426544,-0.20172636210918427,-0.06563109159469604,-0.4770142436027527,0.1270155906677246,-0.17628785967826843,0.1517353504896164,-0.5873194932937622,-0.24015295505523682,0.09287798404693604,0.12832030653953552,-0.17293961346149445
0.3124539852142334,0.28553709387779236,-0.4778061807155609,0.1629415601491928,0.251262366771698,0.08401961624622345,-0.10875508189201355,-0.2257346510887146,0.04681063070893288,0.13660922646522522,0.5863930583000183,0.09573156386613846,0.14790451526641846,0.05829367786645889,-0.17015452682971954,0.07010903209447861
0.08459872752428055,0.24171306192874908,-0.0349508561193943,-0.1654638648033142,-0.0515098012983799,-0.14960117638111115,0.06793883442878723,-0.46104350686073303,-0.3622877895832062,0.5790486335754395,-0.34193113446235657,-0.017183272168040276,0.08232852071523666,0.1413571983575821,0.14105509221553802,-0.1821778118610382
-0.5042345523834229,0.11893438547849655,-0.2778898775577545,0.41433092951774597,0.28385069966316223,-0.06752302497625351,-0.13257810473442078,0.1225811019539833,0.3109041452407837,0.16153186559677124,-0.2842077314853668,0.08172857761383057,-0.08367684483528137,0.3734304904937744,0.07327316701412201,-0.05428479611873627
-0.35229384899139404,-0.06845119595527649,-0.12276588380336761,0.11390659958124161,-0.34692665934562683,-0.0039020180702209473,-0.3850178122520447,0.2783252000808716,-0.4487200081348419,0.34506943821907043,0.28339824080467224,-0.09799837321043015,-0.16333763301372528,-0.1866639405488968,-0.01088197436183691,0.15842407941818237
0.10235139727592468,-0.3517378270626068,0.27165260910987854,0.06920750439167023,0.35071149468421936,-0.28856903314590454,0.3182821571826935,0.07161059975624084,0.08121570199728012,0.42508944869041443,0.27879294753074646,0.10683989524841309,-0.2812640070915222,0.013163936324417591,0.22884951531887054,0.25772982835769653
-0.10789240151643753,0.43378400802612305,0.37660548090934753,-0.12149542570114136,0.11037345230579376,-0.4096314013004303,-0.20334237813949585,0.18237347900867462,0.2256225049495697,0.05984554439783096,0.26175951957702637,-0.32352957129478455,0.25565510988235474,-0.10594883561134338,0.10966511070728302,-0.2696707248687744
-0.18278968334197998,-0.27746182680130005,-0.3886805772781372,-0.7594902515411377,0.10613726079463959,-0.06534630060195923,-0.11171606183052063,0.10029629617929459,0.1953866332769394,0.09178562462329865,0.08516085892915726,0.14546994864940643,-0.03142256289720535,0.018407799303531647,0.018169337883591652,-0.21669906377792358
-0.07044938951730728,0.2962532937526703,-0.07113528251647949,-0.09783990681171417,0.28394052386283875,0.3059379458427429,0.32296326756477356,0.2084871381521225,-0.3702023923397064,-0.18427537381649017,0.14451538026332855,-0.22343146800994873,-0.417694091796875,0.11585819721221924,0.24211612343788147,-0.2869132459163666
0.11489247530698776,-0.27906182408332825,-0.08546847105026245,0.07879066467285156,0.44567030668258667,0.2088910937309265,-0.3078978955745697,0.049976322799921036,-0.1871715635061264,-0.033180154860019684,-0.17128805816173553,-0.18971224129199982,0.41115498542785645,-0.24457305669784546,0.47153976559638977,0.056359946727752686
0.4554871916770935,0.12286849319934845,-0.1829134225845337,-0.05987615883350372,0.08729015290737152,-0.03691403195261955,-0.1647370606660843,0.2963038980960846,0.19438520073890686,0.2053215652704239,-0.3639010787010193,-0.3912768065929413,-0.366965115070343,-0.17585128545761108,-0.25321927666664124,0.14596042037010193
