-0.12719759345054626,0.5203113555908203,-0.39817994832992554,0.25000569224357605,0.3804143965244293,0.44594040513038635,0.14190271496772766,0.24728810787200928,-0.24113348126411438,0.09506257623434067
-0.1391039788722992,-0.25241392850875854,0.05373414605855942,-0.051223281770944595,0.5148610472679138,0.10287065804004669,0.13178767263889313,-0.5051704049110413,0.176087886095047,0.5763592720031738
0.15953336656093597,0.6681424379348755,0.47727343440055847,0.08726934343576431,-0.16345208883285522,-0.1762569397687912,0.3453589975833893,-0.12458240240812302,0.23508839309215546,0.21185749769210815
-0.5004379153251648,-0.08585426956415176,0.12066960334777832,-0.31500133872032166,0.12320788204669952,0.1407727301120758,0.5461341738700867,0.1402759701013565,0.30422472953796387,-0.4276847243309021
-0.03617490455508232,-0.2958436608314514,0.1842268705368042,0.7004037499427795,-0.01654290221631527,-0.08747425675392151,0.4177996516227722,-0.16247546672821045,-0.37887924909591675,-0.18501649796962738
-0.391219824552536,-0.032695699483156204,0.3298443555831909,-0.019420800730586052,0.23873934149742126,-0.4401421546936035,-0.13670653104782104,0.547674298286438,-0.26090848445892334,0.31507477164268494
0.4386403262615204,-0.2064964473247528,0.05977792665362358,-0.4297957718372345,-0.12739886343479156,0.20928135514259338,0.46585288643836975,0.23645365238189697,-0.41047096252441406,0.27424708008766174
-0.3269757330417633,0.11995918303728104,0.4721643030643463,-0.1681443601846695,-0.17960479855537415,0.4799591600894928,-0.3058530390262604,-0.29293662309646606,-0.42539820075035095,-0.06742087006568909
-0.0867784395813942,-0.2473364770412445,0.14018841087818146,0.34483253955841064,-0.36132219433784485,0.4691222012042999,-0.05593043193221092,0.3774077594280243,0.4243316948413849,0.341291606426239
0.476834237575531,-0.07055045664310455,0.45531734824180603,0.07198174297809601,0.5585647821426392,0.20989979803562164,-0.1949920803308487,0.1948069930076599,0.14798109233379364,-0.3181735575199127
