-0.1984972357749939,0.4055456519126892,0.1525541990995407,-0.05985327064990997,0.07816322147846222,-0.3677145838737488,0.27099281549453735,0.44599080085754395,0.2683373689651489,-0.06336921453475952,0.10434127599000931,-0.518363356590271
-0.27983683347702026,0.06591274589300156,0.01758563332259655,0.30530035495758057,0.4368346929550171,-0.28770872950553894,0.004912687465548515,-0.604202151298523,-0.05080701783299446,0.33310386538505554,0.22820468246936798,-0.13975031673908234
0.14851130545139313,-0.03392919898033142,-0.30486831068992615,-0.2145221084356308,0.1951466053724289,0.2663804590702057,0.22428753972053528,-0.3842138648033142,-0.032954707741737366,-0.5222238302230835,-0.10607165098190308,-0.49578943848609924
0.4764440953731537,0.19569382071495056,0.40174660086631775,-0.11481287330389023,0.21209147572517395,-0.31404587626457214,0.07054626196622849,-0.25657954812049866,0.3574487566947937,-0.2529216706752777,-0.16587820649147034,0.35559868812561035
-0.1869959980249405,0.04569122940301895,-0.3645022213459015,-0.487122505903244,-0.05684256926178932,-0.5644540786743164,-0.03228454291820526,-0.032086070626974106,-0.35594087839126587,-0.21136409044265747,0.147893026471138,0.27503377199172974
-0.08148974925279617,0.33643838763237,-0.2129853516817093,-0.09596399962902069,-0.4452526867389679,0.05681110545992851,-0.5024644136428833,-0.2924809455871582,0.4983140528202057,-0.005343766417354345,0.17464761435985565,-0.08518114686012268
-0.10904232412576675,0.06775970011949539,0.11960911750793457,-0.02280537039041519,0.29761356115341187,0.35228535532951355,-0.008299666456878185,0.13897284865379333,0.06109193339943886,-0.3177347779273987,0.7497606873512268,0.2641938626766205
-0.053852301090955734,0.06251242011785507,0.46098533272743225,-0.6996556520462036,0.10263945907354355,0.22960516810417175,-0.17716862261295319,-0.10324882715940475,-0.18500828742980957,0.3431355953216553,-0.014592517167329788,-0.18352825939655304
-0.012438743375241756,-0.6549862623214722,0.32093292474746704,-0.050903886556625366,-0.41426751017570496,-0.239344522356987,0.17425771057605743,-0.16577517986297607,0.15413561463356018,-0.09994184970855713,0.32750993967056274,-0.19362205266952515
-0.0879078060388565,0.3818517029285431,0.035172127187252045,-0.022490672767162323,-0.4211770296096802,0.20541568100452423,0.6879077553749084,-0.25511154532432556,-0.1025865375995636,0.15477830171585083,0.06906367838382721,0.21813909709453583
-0.5897276997566223,-0.26343613862991333,-0.10189899802207947,-0.2199621945619583,0.2064698040485382,0.1180064007639885,0.18600578606128693,0.0009346681763418019,0.5117339491844177,0.001155982492491603,-0.32099971175193787,0.2607487142086029
0.47029322385787964,-0.15410175919532776,-0.4499058127403259,-0.2366333305835724,0.16665326058864594,-0.018939759582281113,0.21932998299598694,0.11605179309844971,0.29569533467292786,0.5009911060333252,0.2616581320762634,-0.008167654275894165
