1.1659140852771088e-07,-4.378314599762234e-08,0.9999982714653015,1.465958376911658e-07,5.199305164182988e-08,6.352688330935052e-08,1.5062391867104452e-07,4.607015569035866e-08
1.0174092324177764e-07,0.9999977350234985,-9.688164226417939e-08,-6.104856709043815e-08,-8.537728746205175e-08,4.523337793216342e-07,3.115632907224608e-08,-9.554852908877365e-08
-1.21048742585117e-07,7.251839662103521e-08,-2.0302276482198067e-07,8.376899529594084e-08,1.0865506538948466e-07,0.999997615814209,8.110481530820834e-08,1.0132753658353977e-07
1.8637523169218184e-07,-2.075861083028485e-08,-3.618521660087026e-08,1.0000001192092896,1.0570909836360443e-07,-5.571952783611778e-07,-1.9065301160026138e-07,1.290981259671753e-07
-3.72271351523068e-08,7.88301264265101e-08,1.1146303791065293e-07,-1.6468281671677687e-07,-1.4352754540425394e-08,-7.161480652939645e-08,-1.265552924678559e-07,0.9999974966049194
1.16869010469145e-07,-2.796803642013401e-07,1.9208950163829286e-07,6.119294226891725e-08,-1.9875839996075229e-07,4.9980531713345044e-08,1.000000238418579,-2.914311814095072e-08
1.0000014305114746,-7.039074745307516e-08,-5.273218306456329e-08,5.503443034626798e-09,-2.3030268891943706e-07,9.890404584211865e-08,2.2598639404236565e-08,-3.319880903518424e-08
1.449669468911452e-07,-4.364158101566318e-08,1.6148216985811814e-08,-6.25998239911496e-08,0.9999991655349731,-7.7170049905817e-08,1.2109934388604415e-08,-6.483104186827404e-08
