1.0000019073486328,-9.017665547617071e-08,-7.508833732572384e-08,-1.1979501834957773e-07,-2.7103601496492047e-07,6.302539645730576e-08,-1.4405544845885743e-07,-5.1333522321783676e-08
2.53651819548395e-08,2.346380654216773e-07,-8.04863518055754e-08,3.1382182186234786e-08,1.000001072883606,-1.1973941127507715e-07,-2.584061853383446e-08,1.2967561247023696e-07
-4.17554275600196e-08,2.438475519284111e-07,-2.2128805454713074e-08,1.110911043156193e-07,-8.552189001420629e-08,1.573399828203037e-07,3.636148804275763e-08,0.999997615814209
-8.062498579874955e-08,1.0000016689300537,2.759635897575663e-08,-1.1536612731788409e-07,-8.311199195532026e-08,1.1765702367938502e-07,-3.2568647156949737e-07,1.2175344288323231e-08
-5.660551138930714e-08,6.658524398517329e-08,-6.963120569025705e-08,1.0000016689300537,-4.454591717717449e-08,9.6374797919907e-08,5.974162320399046e-08,-8.67096972001491e-08
1.505458535611126e-09,6.068070490528044e-08,-9.592494620846992e-08,-8.357780956202987e-08,-2.7124318791038604e-08,0.9999975562095642,1.8557692271770065e-07,5.6414187099562696e-08
-1.0343600820306165e-07,7.915726030205406e-08,0.9999977350234985,-4.5974687168381934e-08,3.95138464170941e-08,4.257543295693722e-08,-2.831892587096263e-08,-9.837198433615413e-08
9.155816371730907e-08,-3.91018062373405e-08,-1.3428271472548658e-07,-7.146136571378747e-09,1.5955664878219977e-07,3.020348771087811e-08,0.9999977350234985,4.975672140972165e-08
