0.0835530236363411,0.1052728071808815,-0.04416694492101669,0.5188087224960327,-0.20940852165222168,0.165597602725029,0.39930251240730286,0.1765584498643875,0.2383507937192917,-0.1691819727420807,-0.10339400172233582,0.14687392115592957,-0.4314950406551361,-0.2388342022895813,-0.14888714253902435,0.2565939724445343
-0.12443500012159348,0.2844080626964569,0.012804722413420677,0.23022237420082092,-0.15994440019130707,0.3878055512905121,-0.2980824410915375,-0.363145112991333,-0.03240802139043808,-0.19394077360630035,-0.11143157631158829,-0.36589473485946655,-0.17064213752746582,0.006592477671802044,-0.10077325999736786,-0.4790441691875458
-0.24350179731845856,0.2301303744316101,-0.6305139660835266,-0.207910418510437,0.14450159668922424,-0.2633666694164276,0.11051329225301743,-0.18728242814540863,0.23950114846229553,-0.24236856400966644,-0.2202572524547577,0.057898763567209244,0.1581258326768875,-0.1425851732492447,-0.30992385745048523,-0.009300594218075275
0.43028488755226135,0.3374498784542084,0.2783421277999878,-0.34670889377593994,-0.24876932799816132,-0.3215648829936981,0.14063210785388947,-0.04212305322289467,0.13901276886463165,0.043689142912626266,-0.24851664900779724,-0.41805166006088257,-0.1294449269771576,0.09885622560977936,-0.13170351088047028,0.12175561487674713
0.4828857183456421,0.2065267711877823,-0.3422396779060364,0.06274210661649704,-0.15592269599437714,-0.035861000418663025,-0.37370795011520386,0.1749577522277832,0.11636881530284882,-0.21456864476203918,0.5631610155105591,-0.024505218490958214,0.09867452830076218,-0.0946890264749527,0.09218758344650269,0.05199364945292473
0.06565742194652557,0.17112931609153748,0.12172165513038635,0.3406422436237335,0.2297602742910385,-0.21516962349414825,-0.34244871139526367,0.07327471673488617,0.519751787185669,0.2776812016963959,-0.35188788175582886,0.13347004354000092,0.14329960942268372,-0.06879810243844986,0.29087451100349426,-0.12270999699831009
0.13029441237449646,-0.16233594715595245,-0.038228847086429596,-0.17067211866378784,0.28114187717437744,0.15400759875774384,0.017094815149903297,0.06814803928136826,-0.12546256184577942,-0.113019660115242,-0.18570196628570557,-0.3568814992904663,-0.022729944437742233,-0.7258917689323425,0.3118426203727722,0.057775866240262985
-0.1405959576368332,-0.039686739444732666,0.4307287037372589,-0.012876528315246105,0.31947189569473267,0.17316019535064697,0.06090737134218216,-0.07646510750055313,0.4676375389099121,-0.18551526963710785,0.3684667944908142,-0.20205548405647278,0.26806116104125977,-0.07201270759105682,-0.34497660398483276,0.16004599630832672
0.44967973232269287,-0.41313350200653076,-0.061972640454769135,0.06382176280021667,-0.17772245407104492,0.16460072994232178,0.17831066250801086,0.09347745031118393,0.08378239721059799,0.014369785785675049,-0.2263263612985611,0.06870207190513611,0.42275193333625793,-0.036248285323381424,-0.32037025690078735,-0.4173034131526947
0.15856073796749115,-0.034068308770656586,-0.12575401365756989,0.03035479597747326,-0.02688716910779476,0.3904021978378296,0.0031461913604289293,-0.29470330476760864,0.06127636134624481,-0.23755808174610138,-0.28662362694740295,-0.021618414670228958,0.2941942512989044,0.3601977229118347,0.32256606221199036,0.5038018822669983
-0.02803037129342556,0.2862708568572998,0.11521688103675842,0.1259285807609558,-0.01041962020099163,-0.1681402027606964,0.574708104133606,-0.09457915276288986,-0.04428720846772194,-0.2284947782754898,0.20079480111598969,0.01871601492166519,0.2871527373790741,0.009813741780817509,0.4734233319759369,-0.3449541926383972
0.02581729367375374,-0.15354950726032257,-0.3375357389450073,0.4161408245563507,0.23398983478546143,-0.1538688838481903,0.19156886637210846,-0.01666880212724209,-0.06885837763547897,0.361965537071228,0.1302071064710617,-0.6017008423805237,0.020930524915456772,0.22418104112148285,-0.04451252520084381,0.07624870538711548
0.3773430585861206,0.26301804184913635,0.1467602550983429,0.23552444577217102,0.48920777440071106,-0.0927879735827446,-0.033324290066957474,-0.26980334520339966,-0.4694628417491913,-0.05682305991649628,-0.05379478260874748,0.26065269112586975,0.03339612856507301,-0.054785508662462234,-0.29119259119033813,0.07885647565126419
-0.08435264229774475,0.41917023062705994,-0.05859395116567612,-0.06544994562864304,-0.22932370007038116,0.34605807065963745,0.10993294417858124,-0.06110543757677078,-0.07628655433654785,0.6199150681495667,0.09071782976388931,0.06826786696910858,0.3273574411869049,-0.28439515829086304,-0.08636380732059479,0.15097083151340485
-0.07921415567398071,0.34365570545196533,-0.02991952933371067,-0.06911955773830414,0.260812908411026,0.2675553858280182,0.015772439539432526,0.7433111071586609,-0.13832668960094452,-0.14074836671352386,-0.18475936353206635,-0.11563168466091156,0.10477420687675476,0.2624964416027069,-0.07689187675714493,-0.07308448106050491
-0.2725446820259094,-0.03133261576294899,0.17664514482021332,0.326458603143692,-0.37747877836227417,-0.34165143966674805,-0.21574823558330536,0.14066152274608612,-0.2907191216945648,-0.2357388585805893,-0.13957282900810242,-0.162083700299263,0.41577285528182983,-0.18113309144973755,-0.11813364177942276,0.23650431632995605
