0.09133506566286087,-0.22738583385944366,-0.06377576291561127,-0.5671194791793823,-0.3903205096721649,0.39272192120552063,-0.5452432036399841,0.10194137692451477
-0.6280832886695862,-0.19426624476909637,0.11356809735298157,-0.4486897885799408,-0.27698394656181335,-0.20728127658367157,0.4411570131778717,-0.19810879230499268
-0.03598053380846977,0.13532516360282898,0.2157403826713562,0.19806617498397827,-0.17135408520698547,0.8294737935066223,0.4192480444908142,-0.038247160613536835
0.03197072818875313,0.07555240392684937,0.8114757537841797,-0.20244136452674866,0.20314867794513702,-0.09330107271671295,-0.03099573217332363,0.4928087592124939
-0.165716752409935,0.30402734875679016,-0.380403995513916,0.07231009751558304,-0.3538414239883423,-0.08747266978025436,0.14689737558364868,0.7587705254554749
0.6706646680831909,-0.31624865531921387,-0.14246203005313873,-0.32096871733665466,0.013097604736685753,-0.0767623633146286,0.5529901385307312,0.12255553901195526
-0.12967531383037567,0.45164328813552856,-0.2902255058288574,-0.5083991289138794,0.6217614412307739,0.21473461389541626,0.06157432496547699,-0.0035559593234211206
0.3174680471420288,0.7000754475593567,0.16960321366786957,-0.17355865240097046,-0.4339747130870819,-0.21545252203941345,0.013914749026298523,-0.3395136594772339
