0.26083675026893616,-0.13699902594089508,-0.37439990043640137,-0.2924894094467163,-0.4183449447154999,0.19406887888908386,-0.12162161618471146,-0.6782357692718506
-0.47990238666534424,0.6146807074546814,-0.09750545024871826,0.38209113478660583,-0.2356937974691391,-0.1378505676984787,-0.30822136998176575,-0.25846970081329346
-0.7867997884750366,-0.47424444556236267,-0.0561382919549942,-0.3582014739513397,-0.06441129744052887,0.003469272516667843,-0.13602913916110992,0.043785303831100464
0.104917973279953,0.3383495509624481,-0.1406850963830948,-0.5730147361755371,0.5187346339225769,-0.19453413784503937,-0.468422532081604,0.005149311851710081
-0.2375248819589615,0.30602338910102844,-0.21875326335430145,-0.08870603889226913,0.3520933985710144,0.6769931316375732,0.4497377574443817,-0.09826143085956573
-0.11912354826927185,0.1032787635922432,0.4398110508918762,-0.2247750610113144,0.1218813806772232,-0.4495614171028137,0.506889283657074,-0.507235050201416
0.028290484100580215,0.05800292268395424,0.7653728723526001,-0.11124671995639801,-0.10031194984912872,0.4942956864833832,-0.3630923926830292,-0.10694286227226257
0.013753965497016907,0.3953882157802582,0.01706133410334587,-0.49095413088798523,-0.5893325209617615,-0.026884056627750397,0.2474873661994934,0.4391663670539856
