0.5246694684028625,0.5209192633628845,0.2483062893152237,0.4721997380256653,0.18980427086353302,-0.31521716713905334,-0.045257944613695145,-0.17692400515079498
0.04316947981715202,-0.4330134093761444,0.06970159709453583,0.7123889327049255,0.1268114447593689,0.3133928179740906,0.2024773508310318,0.3781379163265228
0.05728936567902565,-0.01760614849627018,-0.052966758608818054,-0.10626406222581863,0.031034277752041817,-0.11827638000249863,0.9538450837135315,-0.23987166583538055
0.5428908467292786,-0.501753568649292,-0.23373524844646454,-0.04575995355844498,0.027208324521780014,0.1859121322631836,-0.18189071118831635,-0.5730626583099365
-0.0284831952303648,-0.41268298029899597,0.8442193865776062,-0.1919294148683548,0.09044802188873291,-0.25710830092430115,-0.031288906931877136,-0.06384290009737015
-0.39812782406806946,0.1419994980096817,0.054211899638175964,0.03304159268736839,0.7543843388557434,0.3318014144897461,-0.043006133288145065,-0.3691354990005493
-0.37931162118911743,-0.2862660884857178,-0.32572489976882935,0.31643474102020264,0.07610739767551422,-0.715874195098877,-0.10590217262506485,-0.19612522423267365
-0.34879007935523987,0.12906190752983093,0.23304098844528198,0.3436334431171417,-0.6025923490524292,0.2553440034389496,-0.002645308617502451,-0.5108516812324524
