-0.16516610980033875,-0.21792474389076233,-0.18364249169826508,-0.14736446738243103,0.27494165301322937,-0.3950578272342682,-0.21228501200675964,-0.08147898316383362,0.1106756329536438,-0.41159671545028687,-0.2982710897922516,-0.5619564652442932
0.602257251739502,-0.4178350269794464,-0.027652179822325706,-0.08359783887863159,-0.2562980055809021,0.16217996180057526,-0.13304537534713745,0.276223748922348,-0.1446724534034729,0.29212573170661926,-0.1655409336090088,-0.3678087294101715
-0.1985766440629959,-0.46593520045280457,-0.025897707790136337,0.37070560455322266,0.0188965555280447,-0.006471871864050627,-0.40507039427757263,-0.01678135246038437,-0.5371673703193665,-0.15250936150550842,-0.05501182749867439,0.35465988516807556
-0.19591398537158966,0.27932408452033997,-0.3303050696849823,0.29150018095970154,-0.2978476881980896,-0.20411939918994904,-0.4083682894706726,-0.24122776091098785,0.09306233376264572,0.5393303036689758,-0.06499294936656952,-0.17442817986011505
-0.153604656457901,0.3185792565345764,0.15049807727336884,0.20554892718791962,-0.09010887891054153,-0.050924140959978104,-0.24385224282741547,0.7539317607879639,-0.05543604865670204,-0.18720343708992004,0.2828361988067627,-0.2308882474899292
0.3438083231449127,0.29921090602874756,0.5446759462356567,-0.03597114607691765,-0.12823386490345,-0.40347036719322205,-0.12532790005207062,-0.3574282228946686,-0.3756273686885834,-0.11320709437131882,0.08542659133672714,-0.10197767615318298
-0.25973787903785706,-0.04104607552289963,0.5494896769523621,-0.09254307299852371,-0.30207931995391846,0.12485019117593765,-0.19032958149909973,0.07872986793518066,0.3203607201576233,0.0027045030146837234,-0.5913670063018799,0.13686944544315338
-0.33265143632888794,-0.1883336305618286,0.4112183451652527,-0.05056590214371681,0.5008557438850403,0.005633456166833639,0.07551860809326172,0.027886679396033287,-0.15178078413009644,0.5638250112533569,0.13497649133205414,-0.2563033103942871
0.31150808930397034,-0.048837922513484955,0.0620180182158947,0.5486139059066772,0.27613168954849243,-0.4726053476333618,0.2365715056657791,0.2101564109325409,0.26625561714172363,0.1185508742928505,-0.25666359066963196,0.2125926911830902
0.24516700208187103,0.36446213722229004,0.014932923018932343,0.27424392104148865,0.4735145568847656,0.5646072626113892,-0.27447256445884705,-0.14449810981750488,-0.022819077596068382,-0.10300536453723907,-0.25700005888938904,-0.12344584614038467
0.13903115689754486,0.20713475346565247,-0.17485907673835754,-0.5639576315879822,0.3035811483860016,-0.2295670211315155,-0.36230066418647766,0.26084357500076294,-0.09929502755403519,0.1959606409072876,-0.15893229842185974,0.4140739142894745
0.18920479714870453,-0.2766052186489105,0.17530570924282074,0.0004638979153241962,0.10174134373664856,0.009051457047462463,-0.4761570692062378,-0.1495358794927597,0.5643596053123474,-0.04774579405784607,0.5137788653373718,0.1126367598772049
