-0.1803741455078125,0.14378203451633453,0.4828242063522339,0.13263140618801117,0.35671111941337585,0.4015355706214905,0.3057744801044464,-0.10552144050598145,0.32889324426651,-0.01729268580675125,0.07012644410133362,0.43541815876960754
0.10129764676094055,0.11791911721229553,0.5570077896118164,-0.2079695463180542,-0.1881396472454071,-0.046993471682071686,-0.15908542275428772,-0.05272214114665985,0.3064528703689575,0.49943944811820984,-0.10665599256753922,-0.449336975812912
-0.39590609073638916,-0.1541939228773117,0.14100603759288788,0.5238103270530701,0.15387563407421112,-0.38280361890792847,-0.2602161467075348,0.0751415565609932,0.2538968324661255,-0.23897956311702728,-0.373990923166275,-0.14213889837265015
-0.2653408944606781,-0.28843581676483154,-0.0830005630850792,0.031074373051524162,-0.2909230887889862,0.6368234157562256,-0.46018651127815247,-0.3545904755592346,-0.01753935031592846,-0.030716242268681526,-0.09666486084461212,-0.016201844438910484
-0.6106234192848206,0.03635408729314804,-0.14268651604652405,-0.3297058343887329,-0.20530907809734344,0.06848666816949844,0.11258576810359955,0.5875051617622375,0.07049508392810822,0.21664632856845856,-0.1429852843284607,0.14043331146240234
-0.022841183468699455,0.3115888237953186,-0.33547312021255493,-0.456593781709671,0.06855515390634537,-0.1779593676328659,-0.08365027606487274,-0.4049804210662842,0.4969610273838043,-0.19299444556236267,-0.2709749937057495,0.12786895036697388
-0.32300853729248047,-0.44897252321243286,-0.03340229392051697,-0.302737832069397,0.35807570815086365,-0.04975423216819763,0.20846882462501526,-0.1570388525724411,0.10877197980880737,-0.11198019981384277,0.42602619528770447,-0.44344043731689453
0.058742817491292953,0.05866849049925804,-0.17172624170780182,-0.048857346177101135,0.6363859176635742,0.03966756910085678,-0.5834829807281494,0.17935188114643097,-0.03616921976208687,0.38596904277801514,0.1237582340836525,0.12826848030090332
-0.22555795311927795,-0.13238462805747986,-0.22070790827274323,0.2528550922870636,-0.07457243651151657,-0.27111658453941345,0.24659070372581482,-0.45991674065589905,-0.0664549320936203,0.644262433052063,0.007055541500449181,0.21912384033203125
-0.22850464284420013,0.6549813151359558,-0.2718183100223541,0.3546287715435028,-0.025657489895820618,0.1982191950082779,0.049327053129673004,-0.023727240040898323,0.06637951731681824,0.012950650416314602,0.3096385896205902,-0.41921266913414
0.24177472293376923,-0.15006043016910553,-0.28375113010406494,0.09879172593355179,0.2906533181667328,0.36041244864463806,0.36647549271583557,0.10471613705158234,0.06929448246955872,0.16025282442569733,-0.5793655514717102,-0.3208698034286499
0.29553526639938354,-0.29321831464767456,-0.25145992636680603,0.23051385581493378,-0.24143244326114655,0.03709973767399788,-0.0240996852517128,0.2562312185764313,0.6741206645965576,0.0747627466917038,0.33498749136924744,0.11029175668954849
