0.09006302803754807,-0.42822712659835815,-0.11050285398960114,0.48383843898773193,-0.03564721718430519,0.03837721794843674,-0.3830034136772156,-0.22985124588012695,-0.05131801962852478,-0.12177948653697968,0.529185950756073,-0.24986261129379272
0.06343061476945877,0.20200493931770325,-0.18960995972156525,-0.23565730452537537,-0.5542861223220825,0.033132776618003845,-0.23376460373401642,0.20372743904590607,0.1493249088525772,0.007906018756330013,-0.08507812768220901,-0.6554436087608337
0.20912481844425201,-0.073792465031147,-0.22822721302509308,0.07948509603738785,-0.1859779953956604,-0.3125227391719818,-0.07111170142889023,-0.10312260687351227,-0.620060920715332,-0.419704794883728,-0.4215872287750244,0.07812301069498062
-0.24483472108840942,0.36001044511795044,-0.6924023032188416,0.3351287841796875,0.18065549433231354,0.024738725274801254,-0.1551143079996109,0.2828209400177002,-0.07597117125988007,0.23488233983516693,0.016745423898100853,0.14212541282176971
0.12552697956562042,-0.5197644233703613,-0.18485860526561737,-0.028895197436213493,0.3939206600189209,0.29287245869636536,0.2811061441898346,0.32227423787117004,-0.11629737913608551,0.10678977519273758,-0.2771279513835907,-0.39181816577911377
-0.23413072526454926,0.4818982183933258,0.14673805236816406,0.07876256108283997,0.41631367802619934,0.16069430112838745,0.11406932026147842,-0.2860032320022583,-0.1938626617193222,-0.35978999733924866,0.03872257098555565,-0.4719576835632324
0.3235253095626831,0.09820213168859482,-0.33843255043029785,-0.1305202692747116,-0.06182971969246864,-0.2970711290836334,0.6468039155006409,-0.0989949107170105,-0.02484150417149067,0.009997316636145115,0.4753316044807434,-0.08501605689525604
-0.0015535390703007579,-0.11609016358852386,-0.4172699749469757,-0.02144232764840126,0.046406056731939316,0.10479516535997391,0.0442013256251812,-0.41754764318466187,0.6246762275695801,-0.3688007891178131,-0.2971157431602478,0.089429572224617
-0.12495919317007065,-0.10864408314228058,-0.2552785873413086,-0.7184222340583801,0.13352155685424805,0.27075710892677307,-0.28753435611724854,-0.06004975736141205,-0.25303763151168823,-0.14773568511009216,0.3142779767513275,0.17100439965724945
0.8089828491210938,0.3205028474330902,0.0502566434442997,0.06536482274532318,0.15236862003803253,0.3759099543094635,-0.1977069079875946,0.09008383750915527,0.04766484722495079,-0.05685973912477493,0.00760878948494792,0.13687525689601898
0.15413160622119904,-0.004502122290432453,0.029854126274585724,-0.19484278559684753,0.4958781599998474,-0.6881890892982483,-0.35167139768600464,0.13831041753292084,0.22309629619121552,-0.005223128013312817,-0.011074270121753216,-0.15857529640197754
0.12295154482126236,0.026726920157670975,-0.08597369492053986,-0.094014011323452,0.053537093102931976,-0.009860767982900143,-0.108474001288414,-0.6437283754348755,-0.16371677815914154,0.6721093654632568,-0.20793645083904266,-0.1305643767118454
