-0.19893600046634674,-0.23929515480995178,-0.879352867603302,-0.15781518816947937,-0.196879044175148,0.21751375496387482,0.07626071572303772,-0.11448312550783157
-0.4999936819076538,0.20391294360160828,0.0559578537940979,-0.5652157664299011,-0.16080030798912048,-0.31644994020462036,0.05870845541357994,0.5063403248786926
-0.3962125778198242,0.09818410128355026,0.2783728539943695,0.11223079264163971,-0.20921528339385986,0.8281866908073425,-0.011233536526560783,0.11618548631668091
-0.18619900941848755,0.19222137331962585,0.0007670397171750665,-0.15142206847667694,-0.09877330809831619,-0.07095117121934891,-0.8512855172157288,-0.4073961675167084
-0.24006198346614838,-0.6281319260597229,0.36694595217704773,-0.16151399910449982,-0.3486599028110504,-0.1650194525718689,0.20578254759311676,-0.4426565170288086
-0.1547326147556305,0.5776364207267761,-0.0026855599135160446,-0.2025022953748703,0.1770809441804886,0.020447658374905586,0.46320000290870667,-0.5958617925643921
-0.04906458780169487,0.3319019675254822,-0.07952161133289337,0.5334120392799377,-0.7106512188911438,-0.287441611289978,0.09433724731206894,0.005847129970788956
-0.6593919396400452,-0.12726548314094543,-0.07166248559951782,0.5181486010551453,0.47318971157073975,-0.2266044318675995,-0.011020390316843987,-0.003628837876021862
