0.11196226626634598,0.5590906143188477,0.09399136155843735,0.5510170459747314,-0.00673922523856163,-0.5574650764465332,-0.08053823560476303,0.21243266761302948
-0.23360185325145721,0.11939418315887451,-0.18531674146652222,0.3422679007053375,-0.4087986350059509,0.3240785300731659,-0.5985575318336487,-0.38635730743408203
-0.3801227807998657,0.5987864136695862,0.23268653452396393,-0.5104268789291382,-0.20043712854385376,0.19165022671222687,-0.06123731657862663,0.3187905550003052
0.47603195905685425,0.017336538061499596,0.1508195847272873,-0.12720933556556702,0.4423244297504425,0.19904185831546783,-0.6594367027282715,0.2530621290206909
-0.08695918321609497,-0.21341842412948608,0.865941047668457,0.342521071434021,-0.08359888195991516,0.25116413831710815,0.09409625828266144,0.028062215074896812
-0.6250650882720947,-0.01775723695755005,-0.18670281767845154,0.30122628808021545,0.6394421458244324,0.18889310956001282,0.008963515982031822,0.1968214064836502
-0.33246397972106934,-0.11664123833179474,0.29620057344436646,-0.3073234260082245,0.2195795327425003,-0.5714046955108643,-0.3198467195034027,-0.4654671847820282
0.23021098971366882,0.504824161529541,0.08651354908943176,0.002992226742208004,0.36458620429039,0.2873879671096802,0.29223504662513733,-0.619472086429596
