4.4073919980291976e-07,-3.529317993411496e-08,1.0000019073486328,-1.29430461015545e-07,-1.1237015229426106e-07,-2.6064211056109343e-07,-1.6965536531188263e-08,-6.910900651746488e-08,3.797014258566378e-08,5.9329522628104314e-08,1.500588453495766e-08,8.454382083300516e-08
6.763877991033951e-08,1.1509001041076772e-07,1.803876870098975e-07,1.8067107987462805e-07,-2.228273956461635e-07,-6.626857640412709e-08,2.473850884143758e-07,1.0000019073486328,1.7976552157961123e-07,8.443479515563013e-08,1.571130070487925e-07,6.721673884158008e-08
5.830714755461486e-08,-1.0761655033775241e-07,1.1635386698571892e-07,-3.770695045091088e-08,-1.4914508028596174e-07,8.12100324765197e-08,1.0000014305114746,-1.1738574556829917e-09,-1.908514946080686e-07,-4.050587776305292e-08,-1.8826571590579988e-07,-1.1030267188516518e-07
2.3787880110148762e-08,-2.134446930313061e-07,-1.444013975060443e-07,3.1918125387164764e-07,-1.5680512888138765e-08,-4.659738550572001e-08,1.823279660584376e-08,7.300975823909539e-08,2.325555570337201e-08,1.6860852269928728e-07,-1.8017234992839803e-07,1.0000026226043701
-1.1739088279227872e-07,-1.008836818527925e-07,-1.3735871107201092e-07,-3.770649641410273e-07,1.0000005960464478,-4.939548503557489e-08,-2.0025495928166492e-07,-7.896775855442684e-08,4.459818967461615e-07,6.998753132592128e-09,-5.701168603877704e-08,-3.028081962952456e-08
8.269483764422603e-09,4.5273660020939133e-07,7.702141147092334e-08,-1.6138447733737848e-07,5.506509381802971e-08,1.5079446313848166e-07,1.9085195646084685e-08,-4.281946885953403e-08,3.431933492947792e-08,0.9999989867210388,-2.2720229253536672e-08,-1.0052256271819715e-07
-1.3645993135469325e-07,-1.9098176551324286e-07,-6.075229208590827e-08,2.4573878931732906e-07,-8.70156480203832e-09,4.375480244789287e-08,-1.1725837367748682e-07,-2.996831582890991e-08,1.000001072883606,-4.442748746669167e-08,4.562493316484506e-08,-1.0281069506845597e-07
-5.054501883705598e-08,-1.683874586433376e-07,1.3451243319195783e-07,1.2785855574293237e-07,-7.261020584792277e-08,6.760458859389473e-08,3.467640752319312e-08,-1.7931036211393803e-07,-2.0154924129656138e-07,1.3731610692957474e-07,0.9999983906745911,-6.439165645133471e-09
2.4649008878441236e-07,1.4377846468960342e-08,1.4099677514423092e-07,7.07956928636122e-08,1.2973580965081055e-07,0.9999976754188538,-1.6518067980086926e-07,-9.385248489479636e-08,-1.0802389027730896e-07,-2.463695558674317e-08,-8.451657151908876e-08,7.53883711013259e-08
2.1273271499921975e-07,1.0000022649765015,2.9717044824906225e-08,3.183556884778227e-08,-6.153024401100993e-08,-2.5537040926337795e-08,-1.3493477979409363e-07,-1.5050316903852945e-07,-6.784071615584253e-08,-1.1527773580155554e-07,-3.028690542805634e-08,1.490873700049633e-07
-6.954746112342036e-08,-3.6751540477553135e-08,-7.290451975450196e-08,0.9999985694885254,1.6133010660723812e-07,-1.5183299240106862e-07,2.873599953545636e-07,6.897344029255237e-09,-2.0233873243569178e-08,-4.662754093942567e-08,-2.851435283446335e-07,-6.401473484629605e-08
0.9999986290931702,-2.1679865369605977e-07,-2.2997933513124735e-07,-7.111620448085887e-08,-1.001663534339059e-07,-6.59500116739764e-08,-1.9731307077108795e-07,-9.016030588782087e-08,1.9782494575792953e-07,-9.034230430415846e-08,-9.163977665593848e-08,6.286587961312762e-08
