-0.45200416445732117,-0.04155862331390381,0.2527775764465332,-0.053683146834373474,0.2696291208267212,0.17718294262886047,-0.16991128027439117,-0.5878587365150452,0.07155115902423859,0.15302011370658875,0.041356343775987625,0.3428514897823334,0.09191436320543289,-0.16566689312458038,0.09472382813692093,-0.2366156131029129
0.2608325779438019,-0.17068234086036682,-0.1281212419271469,0.5237265825271606,0.13683189451694489,0.19643720984458923,0.17689882218837738,-0.23478777706623077,0.005172448698431253,0.1794050633907318,-0.02708757482469082,0.21649828553199768,-0.13356763124465942,0.11964333057403564,0.3650830090045929,0.472379595041275
-0.32006627321243286,-0.01009470783174038,0.03664778918027878,0.16462823748588562,0.17616984248161316,-0.4545065760612488,0.28536638617515564,0.2248162031173706,-0.3468409478664398,0.2471761703491211,0.27658745646476746,0.07227901369333267,0.3880443274974823,0.24427899718284607,0.15698789060115814,-0.037471525371074677
0.23596730828285217,-0.14685538411140442,0.3107212781906128,-0.03429889306426048,-0.660093367099762,-0.07227800041437149,0.22039566934108734,-0.36405423283576965,0.03675081208348274,0.060838114470243454,-0.05826166272163391,-0.11414070427417755,0.3333182632923126,0.12041211873292923,0.18005575239658356,-0.1532164067029953
0.1789265125989914,0.0864492803812027,-0.41444993019104004,0.05188679322600365,-0.05245732516050339,-0.47855785489082336,-0.17285530269145966,-0.05788268893957138,0.16918808221817017,0.12051808834075928,-0.1113533303141594,0.18906483054161072,-0.24387836456298828,-0.07174510508775711,0.3783252239227295,-0.47117364406585693
0.456041544675827,-0.11726810783147812,0.38755711913108826,-0.36292505264282227,0.184329554438591,-0.19123587012290955,-0.21544599533081055,0.12029329687356949,0.03454454615712166,0.19605374336242676,0.39902403950691223,0.11653225123882294,-0.0033986750058829784,-0.2794908881187439,0.17532384395599365,0.20887050032615662
-0.06647089123725891,-0.5603955388069153,-0.08886900544166565,0.03594892844557762,-0.10285147279500961,0.32653430104255676,-0.24708399176597595,0.440698504447937,-0.09895940124988556,-0.1115337535738945,-0.1510208398103714,0.20258665084838867,0.28917863965034485,-0.13953568041324615,0.27923065423965454,-0.18093068897724152
0.3049141466617584,-0.03163464739918709,0.0017589966300874949,-0.19219976663589478,0.14481231570243835,0.13401328027248383,0.2063000351190567,-0.1668480783700943,-0.7314432859420776,-0.23270131647586823,-0.0300860907882452,0.17790618538856506,-0.22483102977275848,0.09231854975223541,-0.02310694381594658,-0.2800569236278534
0.004834446124732494,-0.05350254476070404,-0.0025820208247750998,-0.29198068380355835,-0.04492044448852539,0.008682223968207836,0.1206020936369896,0.09823808073997498,0.3648284375667572,-0.21903681755065918,0.11497914791107178,0.5742197036743164,-0.044344861060380936,0.5916268825531006,-0.08806943148374557,0.042375598102808
-0.3589765429496765,-0.23377011716365814,-0.36508920788764954,-0.35611382126808167,-0.3952224552631378,-0.11464231461286545,0.136433944106102,-0.12535503506660461,-0.1837296038866043,0.07340411096811295,0.16340228915214539,0.10874336957931519,-0.2493918091058731,-0.2699953317642212,0.021147340536117554,0.37349438667297363
0.024259138852357864,-0.13415485620498657,-0.14994452893733978,-0.2871001064777374,0.3202706575393677,0.19854094088077545,0.6579121947288513,0.03482530638575554,0.3314105272293091,0.026267966255545616,0.03297822177410126,-0.26309746503829956,0.036915168166160583,-0.16850008070468903,0.22370792925357819,-0.19954390823841095
-0.22786512970924377,0.4441046416759491,0.27188149094581604,0.05663642659783363,-0.15649887919425964,0.09403553605079651,0.058287687599658966,0.16270028054714203,-0.023403123021125793,-0.45572978258132935,0.1336357742547989,0.015069062821567059,-0.1726413518190384,-0.10684800148010254,0.5820153951644897,0.06502870470285416
-0.15145520865917206,-0.21172407269477844,0.04376526176929474,-0.3057350814342499,0.16409209370613098,-0.03593001887202263,-0.311285138130188,-0.11038295179605484,-0.07351933419704437,0.0625915601849556,-0.17938317358493805,-0.4706522524356842,-0.17582829296588898,0.5173612236976624,0.35280299186706543,0.11611714214086533
0.11913574486970901,-0.024090835824608803,-0.41468545794487,0.04981784522533417,0.082834392786026,0.024743853136897087,-0.223551943898201,-0.3024803698062897,0.02538742870092392,-0.44785553216934204,0.5365214943885803,-0.18459443747997284,0.36837196350097656,0.04543864354491234,0.02711755409836769,0.013769229874014854
-0.035102181136608124,0.029018716886639595,-0.018647383898496628,0.1355021893978119,-0.22818268835544586,0.40477457642555237,-0.06468576192855835,0.13564084470272064,-0.006560665555298328,0.4076738655567169,0.5620076656341553,-0.11913424730300903,-0.32159796357154846,0.19293653964996338,-0.029690878465771675,-0.32079166173934937
0.11132267117500305,0.5405687689781189,-0.2966485321521759,-0.33149635791778564,-0.04897204041481018,0.3175213932991028,-0.09725494682788849,0.03491128981113434,-0.12349884957075119,0.3572315275669098,-0.1660645306110382,0.1205449104309082,0.3911532163619995,0.05596686899662018,0.15882818400859833,0.13142439723014832
