-0.26002025604248047,0.3319423198699951,-0.2205544263124466,-0.5353540778160095,-0.4497133493423462,-0.38167497515678406,-0.31473514437675476,-0.19994644820690155
-0.12732577323913574,-0.11244810372591019,0.18979839980602264,-0.5125041604042053,0.04709355905652046,0.28267499804496765,-0.16189196705818176,0.7510821223258972
-0.11100806295871735,0.7251677513122559,0.12116944044828415,0.12456733733415604,0.06960911303758621,-0.2210114747285843,0.5159956216812134,0.3341633379459381
0.3618071377277374,0.4084150791168213,0.48768073320388794,0.258639395236969,-0.20291317999362946,0.17416520416736603,-0.5710142254829407,-0.00017644702165853232
-0.8671613335609436,-0.01559290662407875,0.320354700088501,0.25798285007476807,0.11891565471887589,0.11162421852350235,-0.17831812798976898,-0.14215856790542603
-0.03947894647717476,0.32101964950561523,-0.1965966671705246,-0.22595736384391785,-0.06351615488529205,0.8107671141624451,0.2043035626411438,-0.3202539086341858
0.07655970007181168,-0.22168520092964172,0.7010672092437744,-0.3164294362068176,-0.2956509292125702,-0.0674794390797615,0.4299454987049103,-0.27668166160583496
0.11645630747079849,0.17904026806354523,0.17332696914672852,-0.3880497217178345,0.8024539351463318,-0.14450505375862122,-0.15503157675266266,-0.29138562083244324
