-6.25636431550447e-08,7.14531793732931e-08,-5.049922719990718e-07,1.2387168624172773e-07,0.9999998807907104,-2.633011675357011e-08,2.2860453441353457e-07,2.1978914332976274e-07,-3.3763183182600187e-07,5.443418515937992e-08
-7.106006449930646e-08,-8.381094573906012e-08,0.9999979734420776,1.4949023352528457e-08,-1.1240323516403805e-07,-1.006357237542943e-07,-9.460472227829086e-08,6.763705329149161e-08,3.9795989437152457e-07,-2.1371417346927046e-07
0.9999986290931702,-1.3209587734763772e-07,-4.982406665021699e-08,-4.488046911887977e-08,1.1517770071023392e-09,-3.777916788294533e-07,8.67934879522636e-09,1.2400548143887136e-07,1.1900394270014658e-07,6.765127835706153e-08
-1.4646977319898724e-07,1.000001072883606,6.465792523613345e-08,1.5800773667251633e-07,4.310918910732653e-08,-1.0585718257516419e-07,4.8066624458442675e-08,1.7737703217335365e-07,5.267726699287323e-09,-1.9846481791319093e-07
-1.1226633489513915e-07,1.6887719311853289e-07,2.1432096986018223e-08,0.9999997615814209,1.3763749961981375e-07,2.365268159110201e-08,-1.2756326839280518e-07,-3.424154328968143e-07,4.2948876455284335e-08,1.8660610834331237e-08
-5.721154661131322e-10,-2.792905320347927e-07,9.652553062400315e-11,-2.9707956628044485e-07,-1.0123472549139478e-07,1.5712616630025877e-07,9.084614305265859e-08,-2.0398420730316502e-08,1.2127283355312102e-07,1.0000022649765015
6.587843159877593e-08,-2.9910594889770437e-07,-1.0011179796265424e-07,-1.1491896145798819e-07,-1.1027800894680695e-07,0.9999986886978149,-3.1426701241343835e-08,5.707824257683569e-08,-2.3447586983138535e-08,1.3621765049265377e-07
1.2767981161232456e-07,-3.114517141966644e-07,2.6691440169201996e-08,1.0164140462620708e-07,-6.706623878471873e-08,-1.7713765032567608e-07,1.1364146956793775e-07,1.0000019073486328,-1.1420769396863761e-07,-1.9581437982196803e-07
-2.013935862521521e-08,6.390817475221411e-08,1.2048455744206876e-07,2.6194101110377233e-08,1.5355605853528687e-07,2.3621211653335195e-07,-4.614185655782421e-08,3.905256562575232e-07,1.000002145767212,5.1071339157715556e-08
-4.125794816900452e-08,-3.5216592664255586e-07,-6.882277858721864e-08,6.408227193333005e-08,9.720406524138525e-08,-9.952866264484328e-08,0.999997615814209,3.494589577712759e-07,8.203201673495641e-08,-1.6974057359675498e-07
