-0.0492267943918705,0.3142288029193878,0.3135779798030853,0.015120186842978,-0.3602510988712311,0.03127497807145119,-0.18471159040927887,0.20000804960727692,-0.07952499389648438,-0.005811106413602829,-0.25013962388038635,-0.5291835069656372,-0.051718633621931076,0.2189740091562271,0.386474609375,-0.215515598654747
-0.024318812415003777,0.2740684151649475,0.1836162507534027,-0.04403277859091759,0.06385847926139832,0.43938830494880676,0.11750434339046478,0.02996566891670227,-0.2383555769920349,0.4406939148902893,0.38359957933425903,0.31550395488739014,-0.2956326901912689,0.2718927264213562,0.1331840455532074,-0.004471410531550646
0.34053778648376465,0.023736782371997833,-0.1361987441778183,-0.006101440172642469,0.05073929950594902,0.009070259518921375,-0.020227648317813873,0.20680665969848633,-0.07230149209499359,0.28650301694869995,-0.5602542757987976,-0.008526787161827087,-0.4261355698108673,0.09572899341583252,-0.4711223542690277,-0.07117285579442978
0.21846716105937958,-0.14717131853103638,-0.12224102765321732,-0.0006675921613350511,-0.16425096988677979,0.21019497513771057,0.5564471483230591,0.2073488086462021,-0.02856956422328949,0.03594805672764778,0.0315939337015152,-0.2894423007965088,0.3735501170158386,0.3497413396835327,-0.08911725133657455,0.3676936626434326
-0.05524265766143799,0.4076244533061981,-0.15643948316574097,0.25910139083862305,0.026172934100031853,0.12052509933710098,0.2661873698234558,-0.061794016510248184,-0.5631344318389893,-0.3937262296676636,-0.21055714786052704,0.18674108386039734,0.18298926949501038,-0.1202344074845314,-0.0750616192817688,-0.21065832674503326
-0.032809264957904816,-0.1376909464597702,0.2870228886604309,-0.014980196952819824,-0.663406252861023,0.06968580931425095,-0.15968410670757294,0.06330247968435287,-0.04463466629385948,-0.3554272949695587,0.08941049128770828,0.32419440150260925,-0.14175225794315338,0.0988251119852066,-0.3483662009239197,0.1739278882741928
-0.0031000846065580845,-0.23859190940856934,-0.3472387194633484,-0.1456514447927475,-0.005221787840127945,-0.12178506702184677,-0.3480463922023773,-0.08858806639909744,-0.6511273980140686,-0.009482732973992825,0.26640570163726807,-0.321044385433197,-0.1507309377193451,0.10071341693401337,-0.02320365607738495,0.1610316038131714
0.4134691655635834,0.2705155611038208,0.048679038882255554,0.059149906039237976,0.16065910458564758,0.35953783988952637,-0.4939099848270416,-0.3752068281173706,0.11902616173028946,-0.10178350657224655,-0.07562808692455292,-0.029130736365914345,0.27834856510162354,0.13248847424983978,-0.0783359482884407,0.27915430068969727
0.08122124522924423,0.2304181456565857,-0.10741168260574341,-0.023966528475284576,-0.004527476150542498,-0.1095217689871788,0.2536717653274536,-0.40210995078086853,0.26240792870521545,-0.27219343185424805,0.3268028497695923,-0.3015301823616028,-0.33835044503211975,0.27650198340415955,-0.27099770307540894,-0.29172027111053467
-0.4903445541858673,-0.013105260208249092,0.4237357974052429,-0.1506175547838211,0.11872051656246185,0.07831025123596191,0.15424366295337677,-0.4055038094520569,-0.14704105257987976,0.1702761948108673,-0.22927899658679962,-0.25730010867118835,0.01305234432220459,-0.1265190839767456,-0.31772828102111816,0.2493686079978943
0.26247382164001465,-0.21856306493282318,0.5118923187255859,-0.1786232739686966,0.39885395765304565,-0.3283817768096924,0.06213613227009773,0.02908051759004593,-0.22036442160606384,-0.23343707621097565,-0.05595744028687477,0.16136981546878815,0.07563737779855728,0.40054452419281006,0.06669283658266068,-0.12224423140287399
0.18852990865707397,-0.450857013463974,0.009979546070098877,0.14036032557487488,-0.30562624335289,0.1546413153409958,0.053902994841337204,-0.48057791590690613,-0.1023024395108223,0.28978830575942993,-0.10569363087415695,0.05595629662275314,0.18632397055625916,0.013988439925014973,0.09032236784696579,-0.4882500171661377
0.3305842876434326,0.13027392327785492,0.051421016454696655,0.1116633415222168,-0.20057900249958038,-0.3537443280220032,0.2526644766330719,-0.3387328088283539,-0.07662435621023178,0.0597342886030674,-0.11202095448970795,0.0911751538515091,-0.3033660054206848,-0.19538643956184387,0.3873421847820282,0.4518194794654846
-0.1523342728614807,-0.34924986958503723,-0.13970692455768585,-0.059968408197164536,0.16727180778980255,0.491009384393692,0.0754355788230896,-0.06984168291091919,0.09495209157466888,-0.40902796387672424,-0.2842339277267456,0.008706547319889069,-0.39492207765579224,0.10466544330120087,0.3467828333377838,0.08777350932359695
0.2577921450138092,0.11892290413379669,-0.013262251392006874,-0.8387713432312012,-0.11497645080089569,0.15760229527950287,0.1130702942609787,0.005503794178366661,-0.042492300271987915,-0.07741311192512512,0.0046598841436207294,-0.0033676063176244497,0.0665397122502327,-0.3630337119102478,0.0363168902695179,-0.13944625854492188
-0.32829269766807556,0.17693915963172913,-0.35930734872817993,-0.3335531949996948,-0.14804387092590332,-0.23932179808616638,-0.058069903403520584,-0.1982669085264206,0.08587342500686646,0.11028240621089935,-0.28168749809265137,0.3130267262458801,0.16585934162139893,0.51059490442276,0.10354936122894287,0.053619690239429474
