-0.0984945073723793,-0.07638894021511078,0.2501835227012634,0.00978210661560297,0.6933243274688721,-0.3993608057498932,0.4681408405303955,-0.24985942244529724
-0.22577230632305145,-0.791110098361969,0.20701448619365692,-0.052576858550310135,-0.16096168756484985,-0.2389802187681198,-0.3752810060977936,-0.23171871900558472
0.5004056692123413,-0.3177489936351776,-0.5140480399131775,-0.585667610168457,0.17608553171157837,-0.033374689519405365,0.07981622964143753,0.05374499410390854
0.49667131900787354,-0.3598759174346924,0.1058887168765068,0.613206684589386,0.11665632575750351,0.029113350436091423,0.07663244754076004,0.46502143144607544
0.6073111891746521,0.27001023292541504,0.5214202404022217,-0.17905987799167633,-0.2404145896434784,-0.35327133536338806,-0.16215436160564423,-0.21314890682697296
0.08401694148778915,-0.14810779690742493,-0.20270396769046783,0.2184697836637497,-0.5463096499443054,-0.0529836006462574,0.641472339630127,-0.41163015365600586
0.2179480940103531,-0.11027973890304565,0.213267982006073,0.03216058388352394,0.23633842170238495,0.760359525680542,-0.05841857194900513,-0.5063621401786804
0.13729727268218994,0.17558075487613678,-0.5105345249176025,0.4441710114479065,0.19148436188697815,-0.27510255575180054,-0.43193957209587097,-0.43985116481781006
