0.288677453994751,-0.2475219964981079,0.170954629778862,0.010153232142329216,-0.21282552182674408,0.03381098806858063,0.36035996675491333,0.3861912786960602,0.2190222293138504,-0.42066827416419983,-0.02613079734146595,0.5244160294532776
-0.19228707253932953,0.2656243145465851,-0.22472785413265228,-0.013295707292854786,0.08988768607378006,-0.0798165500164032,0.21325045824050903,-0.5398217439651489,0.18160411715507507,-0.2838285565376282,-0.5531873106956482,0.26627305150032043
-0.5864219665527344,-0.3819405734539032,0.37672510743141174,0.2321954071521759,0.11980333179235458,0.27432435750961304,-0.35489124059677124,-0.09386389702558517,0.0029458908829838037,-0.08838284015655518,-0.019499661400914192,0.2860579490661621
0.07546664774417877,-0.546267032623291,-0.20704436302185059,-0.31442710757255554,0.29579365253448486,-0.16030846536159515,-0.06418649107217789,0.22510311007499695,-0.09448111802339554,0.29615354537963867,-0.5370727777481079,0.03318193554878235
0.11432772129774094,0.11415647715330124,0.1988465040922165,0.26602494716644287,-0.46486595273017883,-0.5838599801063538,-0.3937714993953705,-0.0048064300790429115,-0.045668113976716995,0.21616870164871216,-0.22800412774085999,0.22520162165164948
0.23150046169757843,0.0831013172864914,0.21240966022014618,-0.23728273808956146,0.5626502633094788,-0.40074431896209717,-0.3330334722995758,-0.08457102626562119,-0.06754108518362045,-0.4252745509147644,0.22186057269573212,0.09057074785232544
0.03903057426214218,0.12437061965465546,-0.29776445031166077,0.19676321744918823,0.3268546462059021,-0.014122485183179379,0.0894346609711647,-0.032792575657367706,0.004490145016461611,0.4799312949180603,0.3409612476825714,0.6268276572227478
0.4246206283569336,0.1152544915676117,0.5025568008422852,-0.33044204115867615,-0.015881197527050972,0.41537919640541077,-0.08189963549375534,-0.3156062364578247,0.12944261729717255,0.3351443409919739,-0.14322572946548462,0.1263403296470642
0.28507015109062195,-0.48571139574050903,-0.01464042067527771,0.22700272500514984,-0.10719196498394012,-0.0643170103430748,0.2278832197189331,-0.5498414635658264,-0.48165661096572876,-0.07465311884880066,0.15113551914691925,-0.028025126084685326
0.43199780583381653,0.06065386161208153,-0.3093887269496918,0.4866068661212921,0.1259082704782486,0.4041896164417267,-0.43309977650642395,0.10558447241783142,-0.013689722865819931,-0.20479215681552887,-0.23507043719291687,-0.04311723634600639
0.09289252758026123,-0.368243545293808,-0.22348403930664062,-0.014872018247842789,-0.10224728286266327,-0.12294776737689972,-0.18737825751304626,-0.2729553282260895,0.7681029438972473,0.03416036069393158,0.24610206484794617,-0.1367369145154953
0.07140091061592102,0.002251886297017336,0.40462082624435425,0.5323765277862549,0.4089246094226837,-0.1862371563911438,0.37323540449142456,0.06429088860750198,0.25402000546455383,0.1674429029226303,-0.16682198643684387,-0.28639456629753113
