-1.335355364062707e-07,3.4889875433208317e-09,-1.4012923088557727e-07,-6.14200104109841e-08,2.862488202026725e-07,1.000001311302185,-1.9639236015223105e-08,3.4605282195343534e-08
-1.5090944316398236e-07,2.74522363952201e-07,-1.4880555454510613e-07,-9.522492661062643e-08,9.771982689699144e-08,-1.5611907144830184e-07,6.58289991406491e-08,1.0000004768371582
-7.271778201811685e-08,1.0030355923618117e-07,-2.1514415493584238e-07,1.0412120587943718e-07,-8.234009385432728e-08,-5.96030114152768e-09,1.0000008344650269,-3.303209084037917e-08
-1.2593143594585854e-07,-5.816874093511615e-09,0.999997615814209,-9.590570471118554e-08,-1.3116252262079797e-07,1.0096807301351873e-07,-3.852222008049466e-08,-4.429207649536693e-07
-5.718685613942398e-08,-5.3726562754263796e-08,-1.204360842166352e-07,-6.734425994636695e-08,1.000001311302185,-6.277637254470392e-08,-1.8994120409843163e-07,1.127502287090465e-07
2.4071215420917724e-07,1.000001311302185,8.682784624625128e-08,-5.499592248270346e-08,1.448465383191433e-07,6.785068507042524e-08,3.969721618091171e-08,7.689531855703535e-08
0.9999986886978149,-1.5411765730277693e-07,-1.3218833316841483e-07,1.6841123340327613e-07,1.060054941603994e-07,2.2610392136357405e-07,-1.0020887231121378e-07,-8.11033658010274e-08
5.6582095453450165e-08,1.0435522312945977e-07,4.2686787082857336e-07,0.999998152256012,-5.97138978264411e-08,7.253399303408514e-08,-1.204659980658107e-07,-1.1796267784802694e-07
