-0.6001312136650085,0.1245136633515358,-0.4730323851108551,0.2730621099472046,-0.238139808177948,0.06747511029243469,0.2894116938114166,0.4254336655139923
-0.4396694004535675,-0.4791114926338196,0.16605761647224426,-0.5416919589042664,-0.1947726458311081,0.3805398643016815,0.15477336943149567,-0.2223406285047531
0.37783047556877136,-0.5113970637321472,-0.14131560921669006,0.060662638396024704,-0.5404139161109924,-0.4316384792327881,0.3025272488594055,0.04674769565463066
0.012491010129451752,0.38695028424263,-0.11946408450603485,-0.5325431823730469,0.23619519174098969,-0.3774196207523346,0.5874745845794678,-0.09422501921653748
-0.05874869227409363,0.24679513275623322,0.15008921921253204,-0.4825371503829956,-0.4049108326435089,-0.24573402106761932,-0.48851528763771057,0.46614059805870056
-0.4626501500606537,-0.21358035504817963,0.5551649332046509,0.23857060074806213,0.23435401916503906,-0.5604989528656006,0.036476489156484604,0.0692998394370079
0.015681318938732147,-0.47987014055252075,-0.47329866886138916,-0.23386235535144806,0.557828962802887,-0.14515571296215057,-0.2619335353374481,0.2998737394809723
0.2930505573749542,-0.08301551640033722,0.39959314465522766,-0.016609521582722664,0.16574499011039734,0.35533618927001953,0.38346922397613525,0.668203592300415
