0.0919252410531044,-0.22733640670776367,-0.15135450661182404,-0.6515436172485352,-0.15458279848098755,-0.3548632264137268,0.2630164921283722,0.44393715262413025,-0.0867166519165039,0.028947480022907257,-0.20570044219493866,0.1603076457977295
-0.4912959039211273,-0.17349915206432343,-0.05998649075627327,-0.3616624176502228,-0.03214767575263977,-0.1734122335910797,-0.42155930399894714,-0.1639517992734909,-0.18387196958065033,-0.19221779704093933,0.29237520694732666,-0.4496566653251648
-0.05436162278056145,0.02288644388318062,-0.43152114748954773,-0.0803995281457901,0.0036851391196250916,0.006757356692105532,0.4261796474456787,-0.16814245283603668,0.3651266098022461,0.48196694254875183,0.39738011360168457,-0.26526620984077454
-0.003572108456864953,-0.5929665565490723,-0.09113290160894394,0.2939707040786743,-0.41338059306144714,-0.2657325267791748,-0.15504398941993713,-0.14383535087108612,0.4314097464084625,-0.13613446056842804,0.04160879924893379,0.24708671867847443
0.07262610644102097,0.1689237654209137,0.5984840393066406,-0.2003192901611328,-0.58733069896698,0.04236343875527382,0.01722950115799904,-0.14749443531036377,0.1732965111732483,0.2705995738506317,-0.13872869312763214,-0.2767181992530823
0.11113129556179047,0.3912084102630615,-0.5250728726387024,0.20171569287776947,-0.51529461145401,0.050401829183101654,-0.17543227970600128,0.3113299310207367,-0.03701614961028099,-0.20533551275730133,-0.10403164476156235,-0.26093703508377075
0.3228473961353302,0.2035805881023407,-0.03976748138666153,-0.33972448110580444,0.3035815954208374,-0.02067326195538044,-0.17831099033355713,-0.15108615159988403,0.6315814852714539,-0.39345425367355347,-0.1424894481897354,-0.12694081664085388
0.15776613354682922,-0.35949811339378357,-0.20833919942378998,-0.024294761940836906,-0.04131048172712326,0.25664177536964417,0.30695441365242004,-0.4564037621021271,-0.2674522399902344,-0.17702411115169525,-0.4720907509326935,-0.3256380558013916
0.5123022794723511,-0.056798916310071945,-0.02448769472539425,0.17512623965740204,0.1911715269088745,-0.550238847732544,-0.30806371569633484,-0.06928683817386627,-0.2025810331106186,0.3737264573574066,-0.06416133046150208,-0.2814425528049469
0.0509289912879467,-0.3958318829536438,-0.03240038827061653,-0.054773785173892975,0.12439172714948654,0.5522922277450562,-0.381051629781723,0.41844823956489563,0.17043721675872803,0.3445095121860504,-0.13250061869621277,-0.17487376928329468
0.5259934663772583,-0.04884327948093414,-0.07320865243673325,-0.28616830706596375,-0.212098628282547,0.3077075779438019,-0.16856740415096283,-0.21662692725658417,-0.25946319103240967,-0.0548800565302372,0.517562985420227,0.2836848199367523
0.24238529801368713,-0.22699037194252014,0.3051142990589142,0.19855934381484985,0.05304400250315666,-0.015434518456459045,0.3490467369556427,0.3878653645515442,0.0017398431664332747,-0.38534507155418396,0.38700753450393677,-0.4284992814064026
