-0.22324438393115997,-0.29797205328941345,0.2292766124010086,-0.38835251331329346,0.18075986206531525,0.6557928919792175,0.432758092880249,-0.012526676058769226,0.02772180736064911,0.08394930511713028
-0.015626784414052963,0.07418554276227951,-0.3860853910446167,0.30599790811538696,-0.6691120862960815,0.48249390721321106,0.1153625100851059,-0.022699426859617233,-0.15237957239151,-0.18438778817653656
0.36712372303009033,0.33563393354415894,-0.21104119718074799,-0.32978692650794983,0.09548155218362808,-0.07969534397125244,0.4076748192310333,0.49335306882858276,0.061318542808294296,-0.4128537178039551
0.5136610865592957,0.08578211069107056,0.5180398225784302,0.49788594245910645,0.08216390013694763,0.10319768637418747,0.2991085350513458,0.016279757022857666,-0.29574519395828247,0.1339503973722458
0.12070464342832565,-0.045859090983867645,0.171443372964859,-0.16420593857765198,0.14833001792430878,0.1306777149438858,-0.3178652226924896,-0.3907087445259094,-0.35813280940055847,-0.7112946510314941
0.6164770126342773,-0.5481362342834473,-0.2923048138618469,-0.12258383631706238,0.046592604368925095,0.18200483918190002,-0.34331804513931274,0.16945181787014008,0.018793486058712006,0.19183467328548431
0.02707582712173462,0.5698906183242798,-0.04319628328084946,-0.3341132700443268,0.04368087649345398,0.25101611018180847,-0.3213045001029968,0.06226937100291252,-0.4538992941379547,0.4277135133743286
-0.30776527523994446,-0.3760804235935211,-0.12651291489601135,0.044969771057367325,0.04351992905139923,-0.2691408097743988,0.13878992199897766,0.3714100122451782,-0.7169901728630066,-0.01426028087735176
0.23573879897594452,-0.10904349386692047,0.0947842225432396,-0.4673129618167877,-0.4987998604774475,-0.3664710521697998,0.30369722843170166,-0.421557754278183,-0.1458185613155365,0.175677090883255
-0.07516680657863617,-0.07100735604763031,0.5863234400749207,-0.15771172940731049,-0.4764117896556854,0.013599011115729809,-0.3318299353122711,0.5047428011894226,0.12170799821615219,-0.11753944307565689
