3.009026983136209e-08,-1.40337519383138e-07,-1.0686063234288667e-07,4.059168290382331e-08,-7.594055517756715e-08,-6.92345736297284e-08,-9.499298414539226e-08,8.590323119506138e-08,8.167148024540438e-08,-4.5193381481567485e-08,1.0000025033950806,-2.1916742198868633e-08
-6.84890224533774e-08,1.4098765177550376e-07,6.635941929289402e-08,-8.671523232806067e-08,-2.778852206120064e-07,1.8525291523019405e-07,-1.2305970642501052e-07,9.585912863485646e-08,1.4921534230438738e-08,-4.79499639993719e-09,-6.569989352556149e-08,0.9999980926513672
6.74829436775326e-08,6.194208168608384e-08,5.747557452195906e-08,-1.0614892431703993e-07,0.9999989867210388,4.253587349012378e-08,-2.432213932479499e-07,-2.5579636186989774e-08,-2.001801036044526e-08,1.4746517251751357e-07,-3.2695137264227014e-08,3.633542355885311e-09
-2.1547640116637012e-08,5.498387167790497e-08,0.9999995827674866,8.444322219247624e-08,1.0121507187932366e-07,-8.880850543846464e-08,1.3693005485038157e-07,-2.1009678619066108e-07,-2.986144309602423e-08,-9.307103709943476e-08,-1.7731282753175037e-07,-4.8507196481750725e-08
0.999998927116394,4.927995789216766e-08,9.539611767195311e-08,1.03428206443823e-07,9.869017247865486e-08,5.4251998449217353e-08,-8.739412749037001e-08,4.9658105183425505e-08,6.767540128294058e-08,-9.298999259499396e-08,3.3381212460881216e-07,4.87540532390085e-08
1.1750690021017363e-07,-1.4043173734989978e-07,8.259868344850929e-09,0.9999995231628418,-8.011716801092916e-08,2.0090297425667814e-08,-4.2717147152870893e-07,-9.711163784231758e-08,1.7407313634976163e-07,7.782220023955233e-08,-1.2771432977842778e-07,-2.92098203402702e-08
1.4907008960562962e-07,7.362845622083114e-08,9.712670845374305e-08,-1.0206041167748481e-07,4.9255714174023524e-08,1.0000015497207642,4.4036198687535943e-08,8.454749433894904e-08,6.747577430132878e-08,1.3947459365226678e-07,1.7294314602622762e-07,2.190092089904283e-07
-5.396844926508493e-08,-1.4407406467853434e-07,-6.914603289942534e-08,-3.9515725802630186e-08,-9.74886660287666e-08,1.1481647277378215e-07,-2.6488509163868912e-08,-4.8484306347518213e-08,-1.573375385532927e-07,0.9999982118606567,4.555802135541853e-08,-3.0921562199637265e-08
-1.255058776905571e-07,0.9999982118606567,-9.52681844523795e-09,1.5857234814120602e-07,8.973442078286098e-08,6.945512609490834e-08,-6.193049628677727e-09,2.6364085670138593e-07,3.1583297754878004e-08,1.9914097038054024e-07,-3.569352031718154e-07,-1.1961255097503454e-07
5.731356722549208e-09,7.466483253892875e-08,-8.664461859098083e-08,-1.9251510607887212e-08,1.8082690189658024e-07,-6.354076020897992e-08,0.9999992251396179,1.2671195648294997e-08,1.2396715476370446e-07,1.0143216400138044e-07,-6.194847657070568e-08,3.341342846852058e-07
2.7114003842143575e-07,-1.307401049643886e-07,1.227696202477091e-07,-1.0564202845841919e-08,-2.425274381323561e-08,1.0767206504169735e-07,-1.8746801444535777e-08,1.1276317657404888e-09,1.0000020265579224,-1.1509899167094773e-07,2.5748315124474175e-07,-4.0725574024236266e-08
5.610593589722157e-08,-1.4785746316192672e-07,5.8787147594330236e-08,7.449543204529618e-08,1.0084906421070627e-07,-1.2184307252027793e-07,4.847222712101029e-08,0.9999999403953552,-6.153990739221626e-08,1.7361756476930168e-07,-9.218221919127245e-08,-1.0183563858845446e-07
