-8.78173977980623e-08,-3.509834911596954e-08,7.918437461285066e-09,1.0000017881393433,1.1964567647737567e-07,-1.3884955762932805e-07,8.366390602532192e-08,-1.5072069814436873e-08,-1.5086250471085805e-07,1.3064446591215528e-07
1.4821914362528332e-07,-1.2079870259640302e-07,2.1474022560141748e-08,-6.468057023312213e-08,-8.47454018071403e-08,1.0000005960464478,5.1848108029162177e-08,3.158796246793827e-08,6.538181196447113e-08,-1.1792332799132055e-07
0.9999978542327881,7.62625447237042e-08,-1.436394398979246e-07,-8.920353167241046e-08,6.342236957834757e-08,3.962671613066959e-08,-6.42718518406582e-08,-3.0962397090661398e-09,-1.6974519212453743e-07,3.0608168799517443e-07
1.7429647414246574e-07,1.0000001192092896,-6.720166112472725e-08,5.352843857053813e-08,-5.007689196645515e-08,1.1373766994893231e-07,-7.093480292041932e-08,4.820261167992612e-08,1.4824159677573334e-07,-6.660455653673125e-08
-8.466657419603507e-08,-3.852573513540847e-07,-2.2632202956174297e-07,2.548371291766216e-09,-2.0496767660915793e-07,5.492777077620303e-08,1.7546001629398233e-07,0.9999975562095642,-7.136137014640553e-08,2.967096293104987e-07
6.696379273307684e-08,9.222694075106119e-08,1.3260810760584718e-07,5.3970644842138427e-08,1.807680689580593e-07,-6.233383231801781e-08,1.3818052480019105e-07,2.378316992235341e-07,-1.230797010975948e-07,0.9999997615814209
-1.1755688689163435e-07,8.93805278678883e-08,-7.234113041931778e-08,-2.687330606931937e-07,-2.6770354111249617e-07,-6.441069899665308e-08,8.195917189368629e-08,1.8562175130298897e-09,0.9999992847442627,2.2493449591820536e-07
-2.5901350397816714e-08,1.748617108887629e-07,0.9999985694885254,9.784929488887428e-08,1.5389811380828178e-07,-1.672645879580159e-07,2.1914959802415979e-07,-5.5605163140626246e-08,-8.814757990194266e-08,-1.3389397679475223e-07
2.650591852670914e-07,1.6248795020601392e-07,-6.997505863637343e-08,2.6997671653816724e-08,1.0000003576278687,-1.1945077460495668e-07,-4.542211513580696e-07,2.204305644681881e-07,-7.733022044931204e-08,8.060217027150429e-08
1.8073536978135962e-07,1.0562764884980425e-07,1.191559295676825e-08,8.803111484212423e-08,-1.5176674139638635e-07,1.1317302295310583e-07,0.9999975562095642,7.659455292241546e-08,7.101529320152622e-08,-2.1142841433174908e-07
