-0.09224951267242432,-0.22725552320480347,0.14235715568065643,0.5502519011497498,-0.3979753255844116,-0.06645906716585159,0.005987158045172691,-0.22545106709003448,0.19930332899093628,0.3050829768180847,0.3917895555496216,0.3418179750442505
-0.07547828555107117,-0.08878953009843826,0.27400970458984375,-0.22614799439907074,0.04488874226808548,-0.09365967661142349,0.5609577894210815,0.5444576144218445,0.33235034346580505,-0.12422410398721695,0.3178867697715759,0.10659130662679672
-0.10783766210079193,-0.3879944980144501,0.13619929552078247,0.2835308909416199,0.13465701043605804,0.20435218513011932,0.24292901158332825,-0.3483794629573822,-0.029591398313641548,-0.6551715135574341,0.02187851257622242,-0.26079103350639343
0.45389366149902344,0.1331557035446167,0.18736456334590912,-0.08080774545669556,-0.24591465294361115,0.35263076424598694,0.10346314311027527,-0.19051943719387054,0.5132178068161011,0.19622549414634705,-0.10548976808786392,-0.43561744689941406
-0.17009137570858002,-0.32272037863731384,-0.40647003054618835,-0.05808207392692566,0.21050706505775452,0.4892636835575104,-0.19465166330337524,0.20338216423988342,0.023380419239401817,0.2458696961402893,0.44976598024368286,-0.2685055732727051
-0.10543306171894073,-0.07095322012901306,0.7281373739242554,-0.1440608650445938,0.3307376503944397,0.17679977416992188,-0.5127543210983276,-0.016294492408633232,0.07519926130771637,0.032144661992788315,0.049765247851610184,0.14113661646842957
0.07706307619810104,-0.30886849761009216,-0.08861822634935379,0.08608658611774445,0.20496046543121338,-0.6911399364471436,-0.2792174518108368,0.04597439244389534,0.373788982629776,0.02136761136353016,-0.004389024805277586,-0.37873974442481995
-0.01180336344987154,-0.5214664936065674,0.1247667595744133,-0.4340769052505493,0.021613726392388344,-0.11697397381067276,0.3299894332885742,-0.3456169664859772,-0.27338707447052,0.43431249260902405,-0.1341785341501236,-0.008825242519378662
-0.07828495651483536,-0.046738795936107635,-0.3310098350048065,-0.08618287742137909,0.3818884491920471,0.13202404975891113,0.07257026433944702,-0.26185494661331177,0.5554117560386658,-0.01681576669216156,-0.26073771715164185,0.5107257962226868
0.5679665803909302,0.129579097032547,0.04895506799221039,0.3418446481227875,0.5948319435119629,-0.028943656012415886,0.22931714355945587,-0.023401502519845963,-0.22658167779445648,0.1903093010187149,0.20483645796775818,0.06369968503713608
0.6246938109397888,-0.4301116466522217,-0.11112237721681595,-0.1811530590057373,-0.2548520863056183,0.06379249691963196,-0.2573575973510742,0.18212148547172546,-0.06713423132896423,-0.304215669631958,0.030598780140280724,0.33643269538879395
-0.05534789711236954,-0.30285370349884033,0.08867409080266953,0.426726758480072,0.014301108196377754,0.19071093201637268,0.06185080111026764,0.4791603684425354,-0.023766467347741127,0.21005164086818695,-0.6325914263725281,-0.020020615309476852
