5.49398428972836e-08,-1.695145179780866e-08,7.209019514675674e-08,-8.810354223953709e-09,6.736520674621715e-08,-3.930916037120369e-08,-1.0186622034780157e-07,1.000002145767212,6.039904576482513e-08,-6.755014680948079e-08
6.941193220200148e-08,2.9643998367134827e-10,1.0363918789835225e-07,-4.945124487676367e-08,-8.847861465710594e-08,2.5621451626989256e-08,-4.8827725862565785e-08,1.3520997299565352e-07,1.0000003576278687,-1.3110876295741036e-07
-1.2740345312067802e-07,1.7168407850931544e-07,0.9999977946281433,2.741520965798827e-08,-4.290161825792893e-08,-1.033011614026691e-07,-1.0217149082336618e-07,-8.023548758728793e-08,-2.0083258789327374e-07,-2.371851195448471e-07
3.522848857073768e-08,-5.995659790869468e-08,3.7542125141953875e-07,0.9999976754188538,1.3230844331246772e-07,-6.268626151495482e-08,-4.566836686592524e-09,9.352449126254214e-08,3.3040549851648393e-07,7.818548652949175e-08
-1.2704320795364765e-07,-1.5709266776298136e-08,3.571889237719006e-07,-4.1565762387563154e-08,1.0000016689300537,2.281077087218364e-07,-9.536363698714467e-09,-7.616692698775296e-08,7.247379585351155e-08,-2.4152955191425463e-08
1.0000011920928955,-4.815378247258195e-07,2.721715119946566e-08,7.635631504854246e-08,-6.616883752030844e-08,1.000285649865873e-07,1.8017935587977263e-07,9.7321013470264e-08,7.090509512863719e-08,-7.67541550317219e-08
-7.478443109221189e-08,1.649275844783915e-07,-6.669210961263161e-08,4.126466990328481e-08,-7.840529292479914e-08,-1.0748409096095202e-07,1.0000019073486328,2.080562353512505e-07,-6.775989902507717e-08,3.438534790234371e-08
9.24080651998338e-08,1.237132210007985e-07,5.962768501177607e-09,1.6959991455678392e-07,-7.472799268271046e-08,1.0,-2.7488457021718204e-07,6.753225534339435e-08,3.320915880067332e-07,-6.125053886307796e-08
1.247501870693668e-07,0.9999989867210388,-1.389001091922637e-08,-1.870384735980224e-08,-6.757552029057479e-08,6.827253429264601e-08,-3.9247026961675147e-08,-9.396240585601845e-08,-1.504831175225263e-07,-3.509715895688714e-08
-5.686476711730393e-08,2.6232102712242522e-08,3.6837551675716895e-08,1.5434439148975798e-07,-8.570826537379617e-08,-1.4455739005825308e-07,-2.5446588836075534e-08,6.285480935730448e-08,-5.332083219400374e-08,1.0000015497207642
