-0.4906378984451294,0.2725130021572113,0.17226563394069672,-0.1308714747428894,0.35266610980033875,-0.21832284331321716,-0.016415420919656754,-0.2322487086057663,-0.4418719410896301,-0.46552303433418274
0.11176329106092453,0.48038437962532043,-0.08576138317584991,-0.2547004222869873,0.0881408080458641,0.3742247521877289,-0.498348593711853,-0.3963957130908966,0.36077553033828735,-0.03255630284547806
0.33921778202056885,-0.23579566180706024,-0.25310084223747253,-0.4431695342063904,-0.14413636922836304,-0.577875018119812,0.06285420805215836,-0.3866212069988251,0.11273284256458282,-0.21913956105709076
-0.2238135039806366,-0.1285235583782196,0.3014630079269409,0.23670172691345215,-0.24845914542675018,-0.3032462000846863,-0.4484885036945343,0.24434667825698853,0.46818387508392334,-0.3908313512802124
-0.07896489650011063,0.06979856640100479,0.3911801874637604,-0.10498479008674622,-0.6713061928749084,0.3134080171585083,0.384192556142807,-0.293197363615036,-0.020628424361348152,-0.20488257706165314
-0.6166448593139648,-0.18519140779972076,0.02445152960717678,-0.11776886135339737,0.13823606073856354,-0.10408516973257065,0.21550019085407257,-0.2979268431663513,0.44587433338165283,0.4550112783908844
-0.1980525702238083,-0.6073700189590454,-0.4200431704521179,0.11567927896976471,0.027726246044039726,0.45773279666900635,-0.14035426080226898,-0.19530223309993744,-0.07053037732839584,-0.3591015636920929
-0.27862027287483215,0.03889983147382736,-0.2187483310699463,-0.6997069716453552,-0.1863180249929428,0.1211155503988266,-0.038400135934352875,0.5753088593482971,-0.015796635299921036,-0.036439456045627594
-0.08327280730009079,0.4187108278274536,-0.5229591727256775,0.29236894845962524,-0.011328287422657013,-0.046239305287599564,0.46748343110084534,0.11399228870868683,0.34247326850891113,-0.32816246151924133
-0.2671067714691162,0.1948104202747345,-0.39577215909957886,0.2285344898700714,-0.529129683971405,-0.22585371136665344,-0.3354507386684418,-0.15135082602500916,-0.347770094871521,0.30736538767814636
