1.1129711197099823e-07,-1.1683341227808342e-07,7.019463765800538e-08,1.000002145767212,1.3390838660143345e-07,5.960501425761322e-08,7.854794148443034e-08,-9.07853916487511e-08
-6.933104401696255e-08,0.9999977946281433,6.401771912578624e-08,7.613554231511444e-08,-1.4133688353012985e-07,1.691226003686097e-08,3.665084946646857e-08,3.364467033861729e-07
3.324935562432074e-07,-9.865778416440207e-09,1.2412716898779763e-07,6.636608418375545e-08,-9.840017156648173e-08,-1.0072380973724648e-07,-6.028363941368298e-08,0.9999975562095642
-1.0241436143587634e-07,8.228102643670354e-08,-1.0554821017194627e-08,7.522394298575819e-07,-8.536768802969164e-08,-1.3044643765169894e-07,0.9999975562095642,5.456184837271394e-08
1.0725134558242644e-07,-7.232623033814889e-08,1.0000016689300537,-3.070064451549115e-07,6.752647152552527e-08,1.8675605417683983e-07,2.650076851296035e-07,-3.954112770543361e-08
2.072535210118076e-07,-3.813156723708744e-08,-2.6342393155687205e-08,-1.8554356273625672e-08,1.0000016689300537,-2.4181174396176175e-08,-2.503605855963542e-07,3.716515095675277e-08
3.5617239291241276e-07,1.1397507648780447e-07,-1.8643524413164414e-07,-1.4797424796597625e-07,-5.985516082773756e-08,0.9999985694885254,-1.9265806727730705e-08,5.932975000177976e-08
0.9999980926513672,4.104952324723854e-07,-2.066229320973889e-08,6.154333931362999e-08,3.9440884336272575e-08,-2.2123514042959869e-07,-6.677618102912675e-08,-1.0458038701699479e-07
