-1.302124275071037e-07,6.76626115136969e-08,-8.107629412279493e-08,8.788735783582524e-08,4.523012364643364e-08,8.818815899758192e-08,8.229545045423947e-08,-2.1776588710054057e-07,-6.954185494123521e-08,5.76948693264967e-08,1.0000025033950806,1.685611579205215e-07,-3.247606628065114e-07,-2.2160924117997638e-07,-1.2723925024715754e-08,5.238936839901953e-09
5.243545331268251e-08,6.472390623457613e-08,-9.298894099174504e-08,-1.3254285136099497e-07,-1.8143664348713173e-08,2.999030641603895e-07,1.852768889420986e-07,-2.1726673793409645e-08,-2.584941505290317e-08,-2.3697445783454896e-07,-2.820808333581226e-07,2.5466246711403073e-07,-1.2170332297500863e-07,0.9999977946281433,-8.484586366819258e-09,-1.8515399347052153e-07
1.0000009536743164,1.6507449629443727e-07,-1.9924108585200884e-07,5.354543830549119e-08,-7.445654404136803e-08,3.79348286116965e-08,-4.4563336132341647e-08,6.76691982448574e-08,-4.0409133816865506e-08,7.699310344833066e-08,-1.1792245402375556e-07,-8.403262796718991e-08,5.975036998506766e-08,-2.1451239717862336e-07,1.406759952971015e-08,9.563382263877429e-08
-2.4822794486567545e-08,5.5940684973165844e-08,1.30090711536468e-07,-1.0601889499639583e-07,1.0000020265579224,2.3702513374246337e-07,-3.2168634334084345e-07,-1.4099474299200665e-07,2.0140039680427435e-07,5.307411754529312e-08,1.6301959249176434e-07,7.887383191018671e-08,5.862911933718351e-08,-6.916054928751691e-08,9.078865303990824e-08,-6.48643805334359e-08
-8.35683788835695e-09,-1.0816244611078218e-07,-2.7334982632964966e-07,-9.165518832787711e-08,9.309680848446078e-08,1.2017886774629005e-07,-2.474545013342322e-08,1.2853057285155955e-07,1.4691559613311256e-07,-2.8690681830312315e-08,-1.5952117848883063e-07,7.79895046321144e-08,2.1584497744697728e-07,5.095475330563204e-08,1.000002145767212,8.116981575767568e-08
-3.615984311977627e-08,4.823264987408038e-08,-6.327424273422366e-08,4.320087398923533e-08,-1.1219717066524026e-07,8.162838582848053e-08,1.0000004768371582,-1.91132301097241e-07,-2.2206748440112278e-07,-4.935843733733236e-08,6.729651857995123e-08,3.082511668139887e-08,1.4226250755200454e-07,-2.2940820798567074e-08,2.515761821086926e-07,-3.90659593563214e-08
1.5171460177043627e-07,6.822778431114784e-08,5.775621403358855e-08,-2.765816589089809e-07,-4.390841112922317e-08,-3.235566339299112e-07,-7.133382950996747e-08,5.391862956116711e-08,6.652566497677981e-08,-3.2568724606107935e-08,7.630082876630695e-08,0.9999982118606567,-6.49513580697203e-08,1.2910886937333999e-07,-1.417193544739348e-07,-2.434945400864308e-08
9.302328862759168e-08,-2.3717947783552518e-07,1.4550319349382335e-07,-6.439836397476029e-08,-1.1116296150248672e-07,-4.1163009001365936e-08,3.5955878274762654e-08,0.9999988079071045,-2.558761202919868e-08,-1.7454721046306076e-07,-4.0017550162474436e-08,-1.0312999343398133e-08,-7.493242137890377e-10,-5.0605947876647406e-08,-1.1199895766367263e-07,1.9861209921145928e-07
-6.951414377454057e-08,7.513779110013274e-08,-1.1302784486133532e-07,-3.193418862679209e-08,1.4723687513651385e-07,4.9361805309899864e-08,5.910100497885651e-08,2.811490276144468e-07,-1.0770338576548966e-07,-1.0077316403567238e-07,5.60791839632202e-08,-9.525768973617232e-08,0.9999997615814209,-1.7548875064221647e-07,-4.513964668717563e-08,-9.231373354623429e-08
7.460428008698727e-08,-1.4797724645632115e-07,1.1279568923328043e-07,1.794016668554832e-07,3.5203033377229076e-08,9.532985956184348e-08,-1.0274422379552561e-07,6.672873098523269e-08,-2.3176585273176897e-07,7.01861040397489e-08,1.1100882346681828e-07,-1.1548038258979432e-07,-1.9376230397938343e-08,2.043622160385894e-08,-2.05747117121291e-08,1.000001311302185
-4.775262141265557e-08,-7.353871467330464e-08,1.0000020265579224,-2.812143584662863e-08,9.805799550122174e-08,-1.1685422407481383e-07,-1.6444387540559546e-07,-6.374745709081253e-08,1.4722957075719023e-07,-7.49927195897726e-08,-5.90996158678081e-08,3.147659555224891e-08,1.073916706673117e-07,3.936042958230246e-07,-9.025755787206435e-08,-2.0508474563030177e-07
-1.1713242287214598e-07,0.9999986886978149,-9.850622717522128e-08,1.4391700631222193e-07,-9.462106476121335e-08,4.447391575013171e-07,8.781734095464344e-08,1.0156256280424714e-07,-3.5175563084521855e-07,-1.7334683377612237e-07,-9.920707810806562e-08,-6.755929859991738e-08,-6.76593430171124e-08,-1.3528552722519294e-09,-9.63866781944489e-08,3.479783927673452e-08
7.268592838727272e-08,1.5474634551537747e-07,7.047785999247935e-08,-1.626698349355138e-07,8.03086450673618e-08,-9.196640782249688e-09,-1.6041058259474994e-08,6.546345332480996e-08,2.0696548475029886e-08,0.9999977350234985,-1.7039020860920573e-08,-1.6898907517770567e-07,6.458634516093298e-08,-1.8325495432236494e-07,-2.737496060944977e-07,-1.1595565041488953e-07
1.3746262084168848e-07,-5.0718295341312114e-08,-5.9591698686745076e-08,-8.109668669931125e-08,-1.3254610564672475e-07,0.9999979138374329,-7.464601736728582e-08,-2.1047654286121542e-07,4.589125879306266e-08,-4.692016730700743e-08,-8.460237665985915e-08,1.2229018864218233e-07,6.80842546785243e-08,-1.1940110766772705e-07,7.083534203644604e-09,2.7570374072638515e-07
1.2232526103161945e-08,-1.3932613285305706e-08,-9.619154894835447e-08,-9.135336398458094e-08,8.672937923392965e-08,7.161428783319934e-09,1.4995596586686588e-07,3.6181717177896644e-08,1.0000011920928955,-4.541595330920245e-07,5.367721556126526e-08,3.03376737065264e-07,2.7319808282300073e-07,-1.3194477332945098e-07,-2.469351727540925e-07,9.830876734895355e-08
7.216969688528252e-09,5.268301794814079e-09,1.5259293206781877e-07,0.9999989867210388,1.0283555695878022e-07,-3.327302877664806e-08,5.6493803413104615e-08,1.506621316593737e-07,-8.503993598196757e-08,6.985863620911914e-08,8.168629506144498e-08,6.188153633956972e-08,-4.071721804166373e-08,1.7099186777613795e-07,9.500357833758244e-08,1.9672964413075533e-07
