0.46201804280281067,-0.02248639054596424,0.13569548726081848,-0.028259623795747757,-0.004803729243576527,-0.1632850170135498,0.5000648498535156,-0.1784394383430481,-0.6740420460700989,-0.062431078404188156
0.023815114051103592,-0.15831772983074188,-0.5833035707473755,0.3457707166671753,-0.176162987947464,0.04374197497963905,0.26834985613822937,0.6186472773551941,-0.0706443190574646,-0.1479710191488266
0.3982647657394409,-0.40487930178642273,0.4238831102848053,0.12824462354183197,-0.44460105895996094,0.14426948130130768,-0.4188067615032196,0.20102785527706146,-0.009181668981909752,-0.2166917771100998
-0.14403657615184784,-0.1008293628692627,0.2561151385307312,-0.6509090065956116,-0.14697754383087158,-0.21754126250743866,0.3947380483150482,0.3580767810344696,0.25802668929100037,-0.2454957813024521
-0.1471758335828781,0.4247206747531891,0.5642096400260925,0.5025278329849243,0.03332240507006645,-0.20972558856010437,0.15917806327342987,0.3620830774307251,0.03584464639425278,0.15576308965682983
0.521634578704834,0.37816759943962097,-0.15867620706558228,0.06625930964946747,-0.37779369950294495,-0.038067031651735306,0.2260621041059494,-0.2384588122367859,0.5483922958374023,0.049385663121938705
0.058326415717601776,-0.5512837767601013,0.0567341148853302,0.044965654611587524,0.007571869995445013,-0.11553100496530533,0.2122666984796524,0.008545474149286747,0.17951013147830963,0.772455632686615
0.27481117844581604,-0.14578473567962646,0.1720430850982666,0.10059409588575363,0.6251470446586609,0.524498701095581,0.25945964455604553,0.06902377307415009,0.2857518494129181,-0.2094356119632721
-0.18692634999752045,-0.3850678503513336,0.017867742106318474,0.3921615779399872,0.06730090826749802,-0.4927816390991211,0.1355825960636139,-0.3786616027355194,0.2329472005367279,-0.4464047849178314
0.4460740387439728,0.05910995975136757,-0.1393713504076004,-0.12906701862812042,0.4587361514568329,-0.5714666843414307,-0.37350544333457947,0.28392744064331055,0.062063489109277725,0.021359961479902267
