1.0000003576278687,1.3909324536598433e-07,-2.673273229447659e-07,-9.569465220238271e-08,-4.311790036126695e-08,-3.4798492265508685e-07,1.7731746027038753e-07,-1.3977999913095118e-07,-5.818322179607094e-08,7.552982594916102e-08
-4.697378130913421e-08,3.093392919595317e-08,6.99721312003021e-08,-2.9606715301611075e-08,1.6570540140037338e-07,1.227441117634953e-07,-1.5197004188394203e-07,1.0000009536743164,-7.52162776507248e-08,-1.3002316734400665e-07
-4.982592560764942e-09,6.066782987090846e-08,-1.167587058148456e-07,1.6347203768418694e-07,9.950490920118682e-08,-2.4029906953160207e-08,4.668313735578522e-08,-3.8058445284150366e-08,3.6888184240524424e-07,0.9999988079071045
1.956683348680599e-07,2.244609760282401e-07,1.8091773412720613e-08,2.6674888431443833e-07,0.9999977946281433,-1.242913896248865e-07,6.946368102944689e-08,1.0455748622462124e-07,-1.3611616722641884e-08,-6.47613163096139e-08
7.16741226369777e-08,-1.1844936409488582e-07,7.595319573283632e-08,-1.8096120157906626e-08,7.061902351779281e-08,1.0,2.4295354705827776e-07,1.2441847729860456e-07,-1.6667265345660098e-09,7.492834441791274e-08
1.0698193619873564e-07,-1.595896748085579e-07,2.235281328921701e-07,3.6901926137034025e-07,5.0034344667437836e-08,-4.259471353407207e-08,1.0000009536743164,-3.186116614983803e-08,-8.876709500782454e-08,-1.8840070481473958e-07
2.451385796575778e-07,1.0000019073486328,8.177467947234618e-08,-1.0619046975079982e-07,7.285942160706327e-08,-5.149152926264833e-08,2.2216999795432457e-08,9.230286934780452e-08,-1.002380614067988e-07,4.5312983587564304e-08
5.92965108126009e-08,3.0265102424209545e-08,1.000002145767212,2.124595255281747e-08,-1.7800802254441805e-07,3.104433403677831e-07,-8.566913578533786e-08,-2.0241905929196946e-07,-2.8998542234148772e-08,-2.341390015203615e-08
-2.962780172310886e-07,-4.726025792933797e-08,8.093408609965991e-08,1.0000017881393433,-7.453284922576131e-08,-8.317939403923447e-08,4.0544730239844284e-08,3.458542607859272e-08,1.1708844738222979e-07,5.936546898510642e-08
3.305414963961084e-08,2.835352574948047e-07,9.353530572298041e-08,5.4824962347765904e-08,8.982311072713856e-08,-7.104021904069668e-08,1.1448890546716939e-07,6.612898317825966e-08,0.9999988675117493,-5.172607231429538e-09
