-9.191071370651116e-08,-2.082422234650494e-08,-5.555518356459288e-08,1.0000004768371582,4.579392864911824e-08,-2.550423516822775e-07,1.9085526048456813e-07,-1.1488454987329533e-07,6.08293575510288e-08,1.8665734557998803e-07
-1.3624345740481658e-07,-5.391646240582304e-08,2.0655681609582643e-08,4.2825838875160116e-08,0.9999985098838806,1.9043515919747733e-07,4.0496271225265446e-08,6.737075608498344e-08,-6.608333080748707e-08,7.453389372358288e-08
6.333917212941742e-08,-9.40092377277324e-08,-1.8159970238684764e-07,-2.3393026538087724e-07,3.775283516915806e-07,0.9999983906745911,-2.901323981063797e-08,2.636741101014195e-07,5.50935013166054e-08,2.1122481541624438e-08
0.9999975562095642,1.0123107685444666e-08,2.7478753850118665e-07,1.9099219628060382e-07,4.87270881421864e-08,6.750316572379234e-08,-1.687172499487133e-07,2.3442355256975134e-07,8.071901191897268e-08,-1.0596084365488423e-07
-7.212256747379797e-08,1.0000003576278687,3.8488479958687094e-07,-4.874214099004348e-08,-1.9252603067343443e-08,7.019212944214814e-08,1.0030041153186176e-07,-1.6811399916605296e-07,-2.7038498728870763e-07,6.988362599713582e-08
-2.3986765906869323e-09,2.2492692153264215e-08,7.049777650536271e-08,-1.408814824799265e-07,-7.905117627160507e-08,-5.323348872821043e-08,-2.888041024107224e-07,-6.614754255451771e-08,-4.453412927318823e-08,0.9999998211860657
5.4367710333735886e-08,-8.18102705579804e-08,1.000001311302185,-1.2374727020869614e-07,8.3444724907622e-08,6.928667062311433e-08,-1.827211519866978e-07,2.3823150119284264e-09,-4.18101020471795e-09,1.0744369660642406e-07
1.5007678655365453e-07,6.479414338400602e-08,-2.567450678725436e-07,-4.894068439398325e-08,7.216912223384497e-08,-7.422648451438363e-08,0.9999979734420776,-6.63228547637118e-08,-4.162326305845454e-08,-1.4179678942127794e-07
1.9793378047694432e-09,-5.110607403935319e-08,-2.8923341943709602e-08,-1.2575315899709949e-08,1.824836033392785e-07,3.024381456384617e-08,-6.535569951893194e-08,1.0000016689300537,-4.29440554228222e-08,-6.198173707616661e-08
-3.7844270650566614e-07,-5.902967359361355e-08,1.4095343203734956e-07,1.0815195139457501e-07,-8.6594212689306e-08,4.255647212403346e-08,-2.7593708296080877e-07,1.8338216989377543e-07,1.0000025033950806,-2.9267415158074073e-08
