0.1779899299144745,0.280256062746048,0.6738559603691101,-0.031969208270311356,-0.1901291459798813,0.12738990783691406,0.45110949873924255,-0.11442583799362183,-0.10142301768064499,0.08289402723312378,0.21795228123664856,0.31786826252937317
0.20867735147476196,0.12888875603675842,-0.34883174300193787,-0.027163298800587654,-0.10045845061540604,0.02110064961016178,0.46023818850517273,-0.06899472326040268,0.5999019145965576,0.326714426279068,-0.3378637433052063,0.09761163592338562
-0.3000663220882416,-0.4015447795391083,-0.044801656156778336,0.41896334290504456,-0.6028647422790527,-0.10748416930437088,0.003537195734679699,0.18238630890846252,-0.06727771461009979,0.1800547093153,-0.02897866815328598,0.3537277579307556
0.2652735710144043,-0.6941174268722534,0.28576532006263733,-0.3525714576244354,-0.1306753307580948,0.12232592701911926,-0.08326266705989838,-0.2675037086009979,0.09026740491390228,0.22358855605125427,-0.07827655225992203,-0.25896596908569336
0.08987101167440414,-0.06011928990483284,0.3207836449146271,0.07811009138822556,0.16688945889472961,-0.559786319732666,-0.2690405249595642,0.18538416922092438,0.5912116765975952,-0.04988054558634758,0.2468530535697937,0.13560348749160767
0.38570794463157654,-0.19150513410568237,-0.10802282392978668,0.4236196279525757,0.40599915385246277,-0.17125631868839264,0.2362261414527893,0.15144211053848267,-0.3215548098087311,0.43300139904022217,0.2181197553873062,-0.10985489934682846
0.5715802907943726,0.0349862240254879,-0.4063161611557007,-0.14701932668685913,-0.34033602476119995,-0.16142113506793976,-0.14863155782222748,-0.22834458947181702,-0.12538853287696838,-0.23976321518421173,0.35495495796203613,0.26466330885887146
0.3459297716617584,-0.07958892732858658,0.19552600383758545,0.31637048721313477,0.05587237700819969,-0.18419601023197174,0.02220418117940426,-0.07992392033338547,-0.13626039028167725,-0.4512843191623688,-0.6803597807884216,0.08145170658826828
0.2336021363735199,-0.08439161628484726,0.02088211476802826,0.3628573715686798,0.12262149155139923,0.7424883246421814,-0.26212239265441895,0.14322346448898315,0.29492294788360596,-0.12854880094528198,0.1337367296218872,0.17108865082263947
0.1532394140958786,0.008002347312867641,0.02837468683719635,0.06571773439645767,-0.3713991343975067,0.010004748590290546,0.2954491078853607,0.47507143020629883,0.09917273372411728,-0.32840850949287415,0.16080544888973236,-0.6138119101524353
0.22420218586921692,0.4519020915031433,0.14629271626472473,0.1271974742412567,-0.32209619879722595,-0.015540878288447857,-0.5170099139213562,0.03285909816622734,-0.06686348468065262,0.4676501452922821,-0.20885604619979858,-0.2622660994529724
-0.18118131160736084,0.050581809133291245,0.005419145338237286,0.48885467648506165,-0.06986765563488007,-0.05007018893957138,0.060575928539037704,-0.7170819044113159,0.16927185654640198,-0.09889480471611023,0.2159184068441391,-0.3395393490791321
