8.15076788285296e-08,-1.9896356562298934e-08,7.12094774257821e-08,3.536462855890932e-08,9.861534522315196e-08,3.0909399129086523e-07,6.76083971029584e-08,-2.3633566215153223e-08,-1.8468333806698212e-10,1.40322399033721e-07,1.3375772489609972e-08,-9.643212450782812e-08,6.063078217266593e-08,-6.26508551704319e-08,7.590332273821332e-08,0.999998152256012
-6.550722275733278e-08,1.891127681119542e-07,1.000001311302185,9.38054540711164e-08,-1.041738926232938e-07,2.5388148472416106e-08,-1.358547763175011e-07,8.725926647912274e-08,-1.1379335518313383e-07,5.8411973924421545e-08,-8.79030679357129e-08,-1.1521808396253164e-08,1.630181429845834e-07,6.470942537362134e-08,-3.383157309855278e-09,-7.902534804316019e-08
-5.141801580066385e-07,8.159047126810037e-08,-2.5945508852487364e-08,4.6635943107276034e-08,-3.4309178431612963e-07,6.5676815097504e-08,2.805348842116473e-08,0.9999978542327881,1.511223679528939e-08,-1.0979287878853938e-07,2.2678575817280944e-07,-7.381962063846004e-08,3.2726524068493745e-07,3.5217229310546827e-07,-1.2236536406362575e-07,-1.2700877505267272e-07
2.0797094180124986e-07,2.787302477713638e-08,1.341858819614572e-07,3.181326135859308e-08,0.9999975562095642,-2.6276859443896683e-07,-1.2040250396694319e-07,2.46736902909106e-07,9.775636300446422e-08,1.5048205170842266e-07,-2.7400054136705876e-07,-1.1846287151229262e-07,3.706416862314654e-08,-5.4035755425729803e-08,1.4636320599947794e-07,-6.76653257869475e-08
-1.3927591169249354e-07,-6.404436447837725e-08,1.1954529099966749e-07,-2.3037424412564178e-08,-4.540866882507544e-08,6.685480968826596e-08,1.0000020265579224,-7.303970761540768e-08,-3.7768944594063214e-07,-1.9124217942589894e-07,1.8277177105119335e-07,-2.344842719992357e-08,-5.923363133319981e-08,2.219256884927745e-07,-5.834111149738419e-08,2.701480070754769e-07
-6.892858550600067e-08,6.750212833139813e-08,-1.2149746453360422e-07,-2.3364362888855794e-08,2.4982174551269054e-08,-1.93507645462887e-07,6.62685408769903e-08,7.830658432794735e-08,6.973575494839679e-08,1.4923929825272353e-07,2.261026210703676e-08,3.7840459299331997e-07,-8.716146027154537e-08,-3.735224538559123e-07,1.0000015497207642,-1.7825696829731896e-07
-2.2038173952410034e-08,-7.515345856745625e-08,-6.056319534764043e-08,-1.70130775245525e-07,7.654134748236174e-08,4.810466247562317e-09,1.3588585545676324e-07,-1.4509639356674597e-07,5.939579139635498e-08,1.9896629055438098e-07,6.580607703199348e-08,1.0000015497207642,6.884542358420731e-08,-7.114020661447285e-08,1.892617689236431e-07,-1.3075550953089987e-07
6.723935541685933e-08,7.286860892463665e-08,1.00215672205195e-07,3.2033438124301483e-09,9.723766680735935e-08,1.6947373637776764e-07,-1.8314381122763734e-07,6.646690309253245e-08,-4.1045964849217853e-07,2.012893816072392e-07,2.2411636990682382e-08,9.495710173723637e-08,0.9999986886978149,6.224851034630774e-08,-1.2793501014130015e-07,-3.5960468380835664e-08
-8.244274596336254e-08,-6.179980260867524e-08,-1.0426126806351022e-07,-1.93868459064106e-07,4.2705565306278004e-08,-5.4525781223446756e-08,7.738243112953569e-08,-7.439151517019127e-08,5.150259241304411e-08,1.000001072883606,-1.9247769955654803e-07,-1.09335033471325e-07,-3.418547889211254e-09,-3.129717072170024e-07,-1.1258961762905528e-07,1.7876200075761517e-08
-6.614438063934358e-08,8.233419634962047e-08,1.9686885366354545e-07,-1.3241768215266347e-07,4.262498123352998e-07,5.885994269760886e-08,6.466284929729227e-08,-9.056592631395688e-08,1.000002145767212,-3.6997291896767592e-09,1.1212893724632522e-07,-1.566718879075779e-07,-2.983886915330913e-08,-9.143598589389512e-08,7.990293937609749e-08,-7.431451365391695e-08
7.538773871829108e-08,-6.63277646140159e-08,-1.1932287691251986e-07,1.0000003576278687,-5.140802983305548e-08,-3.3204099025851974e-08,-1.0194937516416758e-07,2.2001282218298002e-07,-6.256873907872773e-10,4.60979343586132e-08,-1.700595042564146e-08,5.125902369229607e-09,-3.6407902825885685e-07,-9.107725418289192e-08,-3.743845766734921e-08,-7.742406182842387e-08
4.1317740340218734e-08,-1.1177879599699736e-07,-1.086373444536548e-07,1.2574292895806138e-07,-1.072308393190724e-07,7.908746368912034e-08,1.8066211637801644e-08,-1.707074517298679e-07,-1.5630484995199367e-07,-2.2510322139623895e-07,-7.490537257126562e-08,1.875779105375841e-07,1.74924590368164e-08,1.0000017881393433,-4.597623970425957e-08,6.759744763940034e-08
0.999998927116394,5.346152534002613e-07,-3.907396006752606e-08,-5.321144840308989e-07,3.8200982999114785e-07,-2.4699307488162958e-08,-8.548479257797226e-08,-1.2302749041737115e-07,-6.742492786315779e-08,9.659644639725684e-09,1.1415959733085401e-07,-6.836630461748427e-08,6.754060422053954e-08,3.919638835725436e-09,1.0107176962037556e-07,-1.8473589591394557e-07
1.985393822678816e-07,1.0000014305114746,7.870291796052697e-08,4.906566886120345e-08,-1.754831657763134e-07,1.2479959821121156e-07,-5.737683750339784e-08,4.038549050733309e-08,-2.0290356417262956e-07,-3.936128223358537e-08,1.5286335042219434e-07,8.64890381535588e-09,5.6270270221148166e-08,-1.1191468729521148e-07,-2.840677026938465e-08,2.208927298852359e-07
1.6261932955785596e-07,-2.5528814262543165e-07,1.2830487605697272e-07,1.4129727787803859e-07,-1.0009393491827723e-07,0.9999990463256836,-1.6004929648261168e-07,1.2381186742516093e-08,-1.1658470100428531e-07,2.31976670761469e-07,-2.1379270265242667e-07,-1.623724728005982e-07,-1.9806137174782634e-08,-5.955816817504456e-08,-5.4634277546483645e-08,-1.2353638112472254e-07
-1.962078073347584e-07,-7.9597313629165e-08,-8.654944849695312e-08,1.974871643994902e-08,1.384527763548249e-07,8.714399513110038e-08,-5.065274066851089e-08,-4.3882327105393415e-08,1.2016093364763947e-07,-3.0179208465597185e-07,1.0000015497207642,-7.337962415476795e-08,3.051724775104958e-07,-1.3866586812127935e-07,-6.625740667232094e-08,-4.8697494037241995e-08
