-9.433913561451845e-08,3.3577816083152356e-08,1.1055627879841268e-07,-2.5951553794811844e-08,-1.4910226298070484e-07,1.6192335294817894e-07,-2.43093745133649e-09,-2.9229843434563918e-08,1.1479795603008824e-07,1.2158170648035593e-07,8.203805634821038e-08,-4.9051315897941095e-08,-1.247383885072395e-08,1.0000003576278687,8.339648616129125e-08,5.6870579356882445e-08
6.574164501671476e-08,-1.703292440424775e-07,2.025625036594647e-07,-9.430452507785958e-08,0.9999986290931702,3.6365882749578304e-08,1.8828505687906727e-07,1.4847809381990373e-07,-1.9693203512360924e-08,-5.851413931168281e-08,-6.625193549325559e-08,1.8283467184687652e-08,-6.235705285462245e-08,7.452226213899849e-08,6.847531608400459e-08,-6.729218426926309e-08
1.623166809849863e-07,2.4367967199623308e-08,1.6017369830478856e-07,-2.160009771046134e-08,9.917560106487144e-08,-1.5593588642559553e-08,-1.1630844909404914e-07,2.9248869992670734e-08,-8.635559112235569e-08,1.917843377441386e-07,-1.053343652301919e-07,2.0386288213103398e-07,0.9999982118606567,1.228373065487176e-07,1.0690266094570688e-07,9.465764350125028e-08
1.6354934473383764e-07,-3.2776727998395927e-09,1.0000001192092896,7.006894975347677e-08,2.7381133804738056e-08,-2.2909866004283685e-07,2.668587057996774e-07,-8.229159931261165e-08,2.497365647613492e-09,1.603857526788488e-07,-4.351970162019825e-08,1.1853544634732316e-07,-2.5640320089337365e-08,7.679309277364155e-08,-1.6502530897355427e-08,-6.401570118441668e-08
-1.4843832829569692e-08,1.3423213829355518e-07,2.8431907139747636e-07,1.20882631904351e-07,-5.48352865337165e-08,8.144603924620242e-08,-7.293101589311846e-08,0.999998927116394,2.3872448196016194e-07,1.5633558803074266e-07,-5.180544326854886e-10,-8.233550374825427e-08,1.3577067647929653e-07,8.58243112134005e-08,-2.0744583650866844e-07,-7.091436771133885e-08
3.1939511035972146e-09,0.9999985098838806,1.0807556094505344e-07,5.791138235622384e-08,-1.8194315032360464e-07,-6.9696874049896e-08,-1.5330880387409707e-07,-6.980891242847065e-08,-2.0018075019834214e-07,-1.6948430925367575e-07,2.9610177421091066e-08,1.1217932360807481e-08,-5.627221355553047e-08,-6.445432632062875e-08,5.542385750345602e-08,8.287147323926547e-08
5.440296391157062e-08,1.0619191925798077e-07,1.5766696037644579e-07,4.234020778426384e-08,1.2363180701413512e-07,1.0000009536743164,-1.1774352515203645e-07,-1.8694144898745435e-07,1.40539455628641e-07,2.167315500400946e-07,-8.182399824363529e-08,-3.460469244487285e-08,9.014693347353386e-08,-8.123136296944722e-08,7.249695954669733e-08,-1.1195022153742684e-07
3.3744240113264823e-07,-1.3650246444285585e-07,7.950697522574046e-08,-7.27864843952375e-08,-6.685791476002123e-08,1.1788657161559968e-07,0.9999980926513672,9.050081928307918e-08,7.10334617792796e-08,-1.456724305626267e-07,2.5625016064623196e-07,2.616754102291452e-07,-5.3238160546698055e-08,9.468546835478264e-08,-2.597778347990243e-07,-6.241072014745441e-08
-1.57580064552576e-08,2.7035698124677765e-08,1.7548116204579856e-07,2.153513349867353e-07,-1.692144735443435e-07,1.3901326667564717e-07,-9.074189222246787e-08,-6.651298178894649e-08,2.7982201444842758e-08,6.177754841019123e-08,-7.2980097520769505e-09,9.185529847854923e-08,-8.926460459690588e-09,7.74538193581975e-08,3.4006396276708983e-07,0.9999983906745911
-2.4702526957298687e-07,-4.196235536824133e-08,7.434147875073904e-08,-1.2700741791604742e-08,-6.1061697920195e-08,-9.140078560676557e-08,-5.87446669086944e-09,-7.444415217605638e-08,-6.926469175994043e-09,3.656268177110178e-08,-9.758910834989365e-08,-2.7086662157671526e-07,1.2427027229477972e-07,3.867884501573826e-08,0.9999987483024597,-1.736696475518329e-07
-3.190766761917985e-08,7.310708838303981e-08,4.2207653905279585e-07,1.0000019073486328,1.6265182978258963e-07,-1.0526162697033214e-07,8.323470268578603e-08,-8.87320581455242e-08,-3.957214289584954e-08,-3.389219571658941e-08,-1.648040921509164e-07,-2.992240695220971e-07,6.138796493360132e-08,-2.3601195664468833e-08,-6.757868931117628e-08,-2.2491197171348176e-07
-7.952963443358385e-08,-2.2162680579640437e-08,-9.849429005726051e-08,3.475125609497809e-08,-6.246271766485734e-08,-1.225117074454829e-07,2.467033652919781e-07,3.665488534920769e-08,1.218651313195096e-08,1.0000005960464478,7.066250873322133e-08,8.442653154361324e-08,1.340313673381388e-07,3.8653070077998564e-07,-5.5229143924862e-08,-7.238804755616002e-08
1.3836344692208513e-07,-4.401496411787775e-08,1.081300169403221e-07,-1.2484176181715156e-07,-9.144534374172508e-08,1.8141940927307587e-07,2.2560023182904843e-07,-9.847765269910269e-09,-1.3517933439288754e-07,1.2466037979663724e-08,0.9999977350234985,-1.4102693057793658e-07,-1.3189863068419072e-07,1.5126008179322525e-07,8.69151222104847e-08,-7.814927727167742e-08
-5.556124893502101e-09,2.3157383566285716e-07,-7.852609940073307e-08,-3.6352137300355025e-08,3.474005438874883e-07,-2.4465393266837054e-07,-4.463494462925155e-07,-1.983791548809677e-07,0.999998152256012,-9.04095998066623e-08,1.786536500958391e-07,1.6767828014963015e-07,-1.5441727896359225e-08,8.800974171663256e-08,-8.094131942470995e-08,3.220739941411921e-08
-6.255250184494798e-08,-2.368404352637299e-07,3.702831463670009e-07,4.357469762794608e-08,8.78124879477582e-08,-7.677449076481935e-08,-1.6038271155593975e-07,-8.051689803778572e-08,2.8938798024569223e-09,-7.448785055430562e-08,-3.3204720750745764e-08,1.0000020265579224,-2.7463862295462604e-08,4.9342463448454055e-09,1.0176854203791663e-07,-3.503416223793465e-07
0.9999976754188538,5.577512496302006e-08,2.0615945572899363e-07,1.1909721209235613e-08,1.6962222559868678e-07,1.6091460608436137e-08,6.564575727452393e-08,-2.047558567142005e-09,3.0773162507102825e-07,1.7482052783179824e-07,2.4031328038631727e-08,6.734948954090214e-08,-3.089446920512273e-07,-6.440856026301844e-08,-7.359842157939056e-08,-1.0249061688227812e-07
