-1.2069783394963451e-07,1.402038662945415e-07,2.4153075983690542e-08,-1.5654522655950132e-07,8.254509964444878e-08,-6.849515443718701e-08,1.4414757742997608e-07,-1.889460747861449e-07,1.0000015497207642,2.4275459509226494e-07,-2.344843750279324e-07,-5.065682628924151e-08,3.2776849678839426e-08,3.139704318755321e-08,1.20878041798278e-07,-7.892750630844603e-08
-2.567915373674623e-07,6.531716678637167e-08,1.8546427327237325e-07,-1.6204550590259714e-08,-5.362220534266271e-08,1.44615924568825e-07,1.7248673600533948e-07,4.199313963226814e-08,-6.601063518019146e-08,1.000000238418579,3.4283747396557374e-08,-8.980283894288732e-08,-9.2396803097472e-08,-1.0599437771929843e-08,6.430930454826012e-08,-5.158420535167352e-08
-5.53594077246089e-08,2.721850194120634e-07,1.0000009536743164,7.506403676416085e-08,-1.2210726652028825e-07,-3.2177617015349824e-08,-6.335206848007147e-08,-2.7527116586156808e-08,2.285192479689613e-09,-1.1798415044950161e-07,-4.7494960853100565e-08,-7.694615078435163e-08,-9.599638417512324e-08,6.128181695430612e-08,-2.073719542750041e-07,-4.5483073307650557e-08
-1.9770800463447813e-07,-7.310666205739835e-08,7.74784894019831e-08,1.7118604489496647e-07,0.9999985694885254,5.822358772888947e-08,-1.87372850568579e-09,3.1034420544528984e-07,9.148591573193698e-08,2.2978224478720222e-07,1.0300318820100074e-07,3.094488931765227e-08,6.43199484784418e-08,2.8579387389982003e-07,-1.2969805140983226e-07,1.1357254692256902e-07
0.9999982118606567,2.837641090991383e-07,8.546130914055539e-08,-1.4460117370163061e-07,-6.96152753221213e-08,-9.58735935085997e-09,-6.264809115918979e-08,3.278257665328965e-08,4.2774157549274605e-09,1.3793171049769626e-08,3.0874439005401655e-08,-8.890121705462661e-08,1.2104027291570674e-07,2.709782442877895e-08,6.966538279584711e-08,7.739622986946415e-08
-2.352067340893882e-08,-6.583454137398803e-08,-3.529194003704106e-08,4.015402765844556e-08,5.596995933387916e-08,5.5086251116165386e-09,1.0000015497207642,-4.764434180515309e-08,1.703939318531411e-07,6.970023491703614e-08,3.806260195915456e-08,2.2648549702353193e-08,-2.0789796550957362e-08,-5.5603241122526015e-08,-1.4071177645291755e-07,-1.0899645275230796e-07
-6.810153330150115e-09,1.2924813574954896e-07,-3.4957736261276295e-08,-1.8586128192055185e-08,-1.0388465909727529e-07,-7.926310274797288e-08,5.081990650523949e-08,-7.173332505772123e-08,-1.1041510816767186e-07,-3.997641044861666e-07,8.21710983700541e-08,-6.701097987615867e-08,3.460873543303933e-08,-1.497307948739035e-07,-1.1343994543722147e-07,1.0000019073486328
2.735847033363825e-07,-1.067906438834143e-07,4.354415139573575e-08,-6.764043547491383e-08,6.708212652029033e-08,1.0000001192092896,8.949244545419788e-08,-1.4576995965853712e-07,2.0737415695748496e-07,4.7137145742226494e-08,2.0951270585101156e-07,2.1283202755739694e-08,1.3926478459325153e-07,-5.178106476932953e-08,-3.4060452236417404e-08,-8.76001067240395e-08
2.606504949653754e-07,2.3209343780195013e-08,-7.54227755805914e-08,-4.652904195268093e-08,-2.606180373732059e-07,1.252888210956371e-07,5.797488000780504e-08,2.862559256300301e-07,-7.207232499695237e-08,6.009357633729451e-08,-6.405486630001178e-08,1.0070768041714473e-07,-2.4026502387641813e-07,7.25836835080429e-10,1.0000009536743164,7.565253667962679e-08
8.05474869025602e-08,-2.0670154299295973e-07,7.087469100497401e-08,1.5460978275427806e-08,1.6361735077907724e-08,3.710455018790526e-07,1.80096506596783e-07,0.9999977350234985,7.655911105075575e-08,5.952449200208321e-08,1.9307245224808867e-07,-1.0689619500681147e-07,6.443612932116594e-08,-6.765282023479813e-08,-2.068050832804147e-07,-2.0437424552710581e-07
8.554241048841504e-08,-2.3480956201638037e-07,2.8859642497991445e-07,6.902823912469103e-08,-3.2938626048917286e-08,2.191482373348208e-08,-6.752274828158988e-08,-2.901560769430489e-08,8.820851604696145e-08,2.5106348289227753e-07,0.9999988675117493,1.1490386242485329e-07,1.7510473071524757e-07,-1.0153289764502915e-07,1.0585214482716765e-08,-6.471217517400873e-08
-2.09224822356191e-07,-1.270248475293556e-07,1.6246308121026232e-07,1.0000011920928955,9.43433349220868e-08,-9.636617903652223e-08,-1.3081572269868502e-08,-5.8283934123437575e-08,-1.19303010137628e-07,5.1095778275112025e-08,-6.739493585428136e-08,4.003609603842051e-07,4.8141380659671995e-08,-1.5666573460748623e-07,-9.760259445101838e-08,1.180006421463986e-07
1.5494720173592214e-07,8.847905519360211e-08,1.1496742224892387e-08,-2.1361964286370494e-07,-5.421130140348396e-07,-2.596130457277468e-07,-1.008930183843404e-07,-2.521323771986772e-08,3.586093555441039e-07,-2.981376567845473e-08,-4.98893726330607e-08,2.1840473607426247e-07,-9.464461214747644e-08,1.0000019073486328,6.229645066468947e-08,9.24791052625551e-08
2.2696267976130002e-08,-3.811392161878757e-07,-1.3872637794065668e-07,1.1206731187485275e-07,1.0514186499221978e-07,3.9274780760933936e-08,-1.7338676627787208e-07,-5.1872522277562894e-08,-4.507029860434386e-09,-1.7961609444228088e-07,1.0609678469108985e-07,0.9999980330467224,-2.0771871334090974e-07,-1.8006691959726595e-07,5.014726411900483e-10,-4.1476546641661116e-08
5.6499370515439296e-08,1.0,-6.158506948850118e-08,-1.5545974463293533e-07,9.591784788653968e-08,-1.012281032330975e-07,-1.1869749272364061e-07,4.4618193584256005e-08,-7.396446477514473e-08,2.7677824476768365e-08,9.61424575507408e-08,3.452953478699783e-07,-3.662768577328279e-08,7.940362678482416e-08,-9.289277613788727e-08,1.1293193580286243e-07
1.8461260253843648e-07,-1.0158407803828595e-07,-9.183420957015187e-08,8.236777659931249e-08,-7.84563454203635e-08,2.442198621110947e-08,5.524816870661198e-08,-8.346012236870592e-08,8.917025695609482e-08,-1.3880028859603044e-07,2.2650716857697262e-07,1.8197363260696875e-07,1.0000004768371582,-9.753243546128942e-08,-7.163334458937243e-08,8.207324952991257e-08
