-2.4063597336976272e-08,2.5269659431614855e-07,1.0000015497207642,-2.216424199730227e-08,-3.580542085046545e-08,-6.688177123237438e-09,-5.6042271268097466e-08,-8.719153399283641e-09
-1.660927182456362e-07,1.9858059374655568e-07,5.94989870705831e-08,1.8601788553951337e-07,4.933462705025704e-08,2.9636295195700768e-08,-2.990250038692466e-07,0.9999988675117493
-3.048491237223061e-08,1.000001072883606,1.8095979825716313e-08,-1.6281613834934205e-09,5.5489479677817144e-08,-6.40355750647359e-08,-1.1725958160013761e-07,-3.841853057906519e-08
5.362123829399934e-07,-4.2431210545146314e-08,-6.452742784546217e-09,0.9999997615814209,-6.164784593920558e-08,7.681209268639577e-08,2.863092207761042e-09,3.928084169046997e-08
1.3541604459987866e-07,-1.7816208508492082e-09,-4.279096899040269e-08,-4.310062351464694e-08,1.0000027418136597,2.604592168609088e-07,4.846835963689955e-07,3.58090460395033e-07
2.5166278305732703e-07,1.0811022832513117e-07,5.191746055288604e-08,-1.4652849245067046e-07,-1.8205722085440357e-07,-8.101090287482293e-08,1.0000009536743164,8.462501455142046e-08
-6.678718733610367e-08,9.258861410899044e-08,3.770802834424103e-07,-7.11423098209707e-08,-6.5680012539814925e-09,0.9999995231628418,-5.3571753255710064e-08,-3.362544021001668e-08
0.9999992251396179,3.678248390315275e-07,-4.062465919218994e-08,-7.057929707343646e-08,-7.586341865817303e-08,-1.577110140260629e-07,-1.6328408491972368e-07,-1.702138661130448e-07
