-0.554358720779419,-0.18202033638954163,0.020571667701005936,0.013853167183697224,-0.235137939453125,0.13090360164642334,0.36207115650177,-0.348406583070755,-0.12349530309438705,0.08885910362005234,0.3923531472682953,-0.396159827709198
-0.029842397198081017,0.5285645127296448,-0.37498775124549866,0.3545219302177429,0.09871067106723785,-0.046462979167699814,-0.3289200961589813,-0.453255295753479,0.249918594956398,-0.045997921377420425,0.2504615783691406,-0.02428203448653221
0.1408340483903885,-0.3417518436908722,0.05123275890946388,-0.4884639084339142,0.32819294929504395,0.09221211820840836,-0.4792555272579193,-0.4631446897983551,-0.1575697958469391,0.1481146216392517,0.1046108528971672,-0.06355277448892593
0.13763923943042755,0.0820334404706955,-0.3777158260345459,-0.3732669949531555,0.17439787089824677,0.02508658543229103,0.5091347098350525,-0.03656689450144768,0.320412278175354,0.4526004195213318,0.13446655869483948,0.2741106450557709
0.2593836784362793,-0.364387571811676,0.16434556245803833,-0.0009203542722389102,-0.1134379655122757,-0.3323613107204437,0.01819201186299324,0.0151754729449749,0.5283476114273071,-0.3607865273952484,0.4894430637359619,0.01285956148058176
-0.025891397148370743,-0.2861776649951935,-0.56597501039505,-0.10151655972003937,-0.6372835040092468,0.12527041137218475,-0.21539102494716644,-0.027916818857192993,-0.07707501202821732,-0.12234936654567719,-0.07815350592136383,0.30130356550216675
0.4475691020488739,-0.15183629095554352,0.09448181092739105,0.31784746050834656,-0.22056549787521362,-0.3139740526676178,0.26497960090637207,-0.5213714838027954,-0.1364598423242569,0.21823477745056152,-0.3299373388290405,-0.04791947826743126
0.3281676769256592,0.28367695212364197,0.18908946216106415,-0.17331257462501526,-0.4893644452095032,0.17242243885993958,-0.2260148525238037,0.19610464572906494,0.13362284004688263,0.42039018869400024,0.15587091445922852,-0.4103854298591614
-0.24060335755348206,-0.39502739906311035,-0.14928840100765228,0.39356356859207153,0.1380409598350525,-0.2722344398498535,-0.28670185804367065,0.27971136569976807,0.12889593839645386,0.5798959732055664,0.02285050041973591,-0.043200548738241196
0.25017887353897095,0.017147330567240715,0.12734544277191162,0.27615031599998474,0.011999126523733139,0.1720159351825714,0.031294550746679306,0.0854438915848732,-0.5062413215637207,0.13452766835689545,0.5880185961723328,0.43183434009552
0.2098337560892105,-0.28970131278038025,-0.02943296544253826,0.3515983521938324,0.15623509883880615,0.772854208946228,0.07273100316524506,-0.036860182881355286,0.30275166034698486,-0.04790804907679558,-0.11615961045026779,-0.10838471353054047
0.3354761302471161,-0.07412543892860413,-0.5312999486923218,0.007405064068734646,0.21472153067588806,-0.12689447402954102,0.12378612905740738,0.2431880086660385,-0.32965919375419617,-0.19246187806129456,0.12531660497188568,-0.549121618270874
