-0.08153503388166428,0.18374893069267273,0.7482070326805115,0.10154041647911072,-0.33647266030311584,-0.13976040482521057,0.04783144220709801,-0.35914576053619385,0.15693730115890503,-0.317515105009079
0.3576570749282837,-0.04930616170167923,0.30486127734184265,-0.40095755457878113,-0.05831661820411682,0.5265052914619446,0.06538179516792297,0.06054726615548134,-0.5707219243049622,-0.040890537202358246
0.21624889969825745,-0.08328121900558472,0.4205244481563568,0.0488562136888504,0.1782039850950241,-0.537179708480835,0.21923738718032837,0.374102383852005,-0.15075072646141052,0.48581135272979736
0.20647217333316803,-0.12602335214614868,-0.15444576740264893,-0.2423010766506195,-0.21723297238349915,0.09497657418251038,0.7323704361915588,-0.27167969942092896,0.3767887353897095,0.2248762547969818
-0.2799437940120697,0.19374877214431763,0.27622464299201965,0.12968622148036957,0.332944393157959,0.5039390921592712,0.2375207245349884,0.4787011444568634,0.37448927760124207,-0.018836025148630142
-0.3081854283809662,-0.8334047198295593,0.09591814875602722,-0.03493165224790573,-0.3022191524505615,0.007536325603723526,6.624089292017743e-05,0.279793381690979,0.03440800681710243,-0.17081861197948456
-0.0322677418589592,0.19450053572654724,-0.027491316199302673,0.2777943015098572,-0.6798834204673767,0.2494259923696518,-0.2099880427122116,0.17177172005176544,0.0086121940985322,0.5339207649230957
-0.6857289671897888,0.22988833487033844,0.012220467440783978,-0.6138797402381897,-0.04712169989943504,-0.1402246206998825,0.03051745891571045,-0.040533822029829025,-0.153459832072258,0.22785985469818115
-0.35971617698669434,-0.14460238814353943,0.010398403741419315,0.5253013968467712,0.19121095538139343,0.15943600237369537,0.32587966322898865,-0.3903457820415497,-0.4664610028266907,0.1884370744228363
-0.04506164789199829,0.3119277060031891,-0.24502676725387573,0.14080139994621277,-0.3181575536727905,-0.2106444537639618,0.4487416446208954,0.4032737612724304,-0.3198707401752472,-0.457052081823349
