0.06660318374633789,-0.2214396744966507,0.046813514083623886,-0.14538177847862244,-0.00039893665234558284,-0.08267086744308472,0.7090005874633789,0.3642987906932831,0.08075005561113358,-0.08836288750171661,0.138957679271698,0.05806300789117813,0.06494372338056564,-0.438548743724823,-0.12962283194065094,-0.17497137188911438
-0.005120720714330673,-0.42371442914009094,0.14132200181484222,0.323948472738266,-0.005263341125100851,-0.25595715641975403,-0.1645185649394989,0.1593368649482727,-0.18771517276763916,-0.037732865661382675,-0.23798395693302155,-0.3726218640804291,0.1373620629310608,-0.17311212420463562,-0.32671305537223816,0.43566903471946716
0.4439027011394501,0.14259621500968933,0.29028329253196716,-0.6468445062637329,0.1982451230287552,-0.31306710839271545,-0.1995193213224411,0.054710086435079575,-0.043487511575222015,0.05962667241692543,0.1898331493139267,-0.1842392534017563,0.059938326478004456,0.025214700028300285,-0.08215421438217163,0.11588035523891449
-0.31171849370002747,0.22748515009880066,-0.3911985754966736,-0.09798980504274368,-0.05783570185303688,-0.38439130783081055,0.003056561341509223,0.37144705653190613,0.07448067516088486,-0.17220310866832733,-0.08352050185203552,-0.394487202167511,0.2665131688117981,0.17446231842041016,0.30044886469841003,-0.0991293340921402
-0.031132828444242477,0.3115551471710205,0.14554642140865326,0.09751492738723755,0.08153518289327621,0.18843217194080353,-0.2974530756473541,0.14693430066108704,-0.3003581166267395,-0.08763778209686279,-0.11150350421667099,0.0005154649261385202,0.3724169433116913,-0.28247588872909546,-0.31846922636032104,-0.537412166595459
0.015614578500390053,0.12617255747318268,-0.06210234388709068,0.2979620099067688,0.48671528697013855,-0.35557007789611816,0.08491209149360657,-0.20620782673358917,-0.37523216009140015,-0.09176446497440338,0.26437610387802124,0.269418329000473,0.15532992780208588,-0.1952289491891861,0.32104307413101196,0.1453763097524643
-0.3930702209472656,-0.02766023576259613,-0.01022406481206417,-0.33622828125953674,0.5543234348297119,0.22564159333705902,0.01918329857289791,-0.016689501702785492,0.23953163623809814,-0.1041659340262413,-0.3677772879600525,0.19967930018901825,0.19715413451194763,-0.03125200420618057,-0.11936212331056595,0.27439090609550476
-0.09752745181322098,-0.1418265551328659,-0.11304453760385513,0.07595761120319366,0.3420341908931732,0.12404650449752808,-0.19365042448043823,0.29195642471313477,0.0974154993891716,0.7232949733734131,0.16957241296768188,-0.17679348587989807,-0.1542869210243225,-0.19569125771522522,0.16539567708969116,-0.12082911282777786
0.25604015588760376,0.00931314006447792,-0.23748323321342468,0.031425051391124725,0.1292785257101059,-0.3380943536758423,-0.18302711844444275,-0.10386499762535095,0.25390347838401794,-0.15771888196468353,-0.46725136041641235,0.0707329735159874,-0.45065373182296753,-0.35187023878097534,0.013856478966772556,-0.24880138039588928
0.26318860054016113,0.3384349048137665,-0.18801343441009521,0.1466553956270218,0.0009104569908231497,-0.1335025131702423,0.3711632788181305,-0.2487112134695053,0.09969096630811691,0.498019814491272,-0.3003886342048645,-0.054222188889980316,0.30831754207611084,0.13426481187343597,-0.2708941400051117,0.06549791991710663
0.09209983050823212,-0.36038506031036377,-0.31177979707717896,-0.26414498686790466,-0.33126765489578247,-0.11338331550359726,-0.2283838540315628,0.08780640363693237,-0.1877763867378235,0.2169976532459259,-0.13974803686141968,0.5214876532554626,0.34550538659095764,-0.06903479993343353,0.11782267689704895,0.018721990287303925
0.37483376264572144,0.15557287633419037,-0.3395231068134308,-0.042137403041124344,0.11492008715867996,0.42563286423683167,0.11382385343313217,0.3537476062774658,-0.45240122079849243,-0.12160100787878036,-0.20224474370479584,-0.06599494814872742,-0.22082562744617462,0.06639674305915833,0.0819777250289917,0.24733726680278778
-0.32302626967430115,0.40339022874832153,0.4064391255378723,-0.03850824385881424,-0.249121755361557,-0.21455465257167816,0.06355524808168411,0.2673812210559845,-0.1980617344379425,0.2378803789615631,-0.255910724401474,0.25837019085884094,-0.3027600347995758,-0.11398445814847946,0.07957501709461212,0.20875896513462067
-0.01404805202037096,-0.35007449984550476,0.3150485157966614,-0.10253987461328506,0.1555756777524948,-0.03662844002246857,0.22461244463920593,-0.16225555539131165,-0.3450087904930115,0.0905800312757492,-0.408378541469574,-0.1682252138853073,-0.0117759108543396,0.3021886646747589,0.31904757022857666,-0.3867824375629425
-0.2511289119720459,0.05722668394446373,-0.19738487899303436,-0.32176217436790466,-0.21544556319713593,0.13538245856761932,0.06094687432050705,-0.4971550703048706,-0.266889750957489,0.0724879652261734,0.017775261774659157,-0.3683129549026489,-0.04970710352063179,-0.49581941962242126,0.07305365800857544,0.097181536257267
0.2909919023513794,0.0907091498374939,0.30817678570747375,0.13868539035320282,-0.13108566403388977,0.24857696890830994,-0.047906454652547836,0.028766822069883347,0.33030739426612854,-0.051314353942871094,-0.18201850354671478,-0.09771288186311722,0.3409357964992523,-0.29714110493659973,0.5707055330276489,0.16168929636478424
