1.0000020265579224,6.925193218876302e-08,1.3972258727790177e-07,-9.307124315682813e-08,-7.041117555672827e-08,1.2430656681772234e-07,1.7635939286719804e-07,-1.8834973047887615e-07
1.4132278636225237e-07,-6.79477736298395e-08,-4.264857356162111e-09,5.673275893514074e-08,2.4898433537146047e-08,0.9999998807907104,3.5043452584204715e-08,-2.7371120481234357e-08
-1.3647581909026485e-07,-2.2561849277735746e-08,1.0000017881393433,-5.8072163966471635e-08,9.942410628127618e-08,7.637861010323377e-09,2.5687679539032615e-08,-4.852400792287881e-08
-7.199886198350214e-08,2.17608100427924e-08,1.8020466896473408e-08,1.000001072883606,-3.140613813457094e-08,-2.0034703140936472e-07,3.179291354626912e-07,9.56169117216632e-08
-9.023239755379109e-08,-1.160369507147152e-07,1.7977106026023648e-08,-2.7096402277493326e-07,6.7796803726594135e-09,5.7990920510064825e-08,1.0000020265579224,-3.115491153948824e-07
4.4042476332606384e-08,0.9999999403953552,5.681435055748807e-08,-2.3736630794246594e-07,1.0485965162843058e-07,5.955493431741843e-09,2.699619905399686e-08,2.7315510919834196e-07
-5.454172935515089e-08,1.8157959402742563e-07,-9.291846936321235e-08,-1.4272615089794272e-07,0.9999997019767761,-1.2643059221773e-07,1.2940435567543318e-07,-7.307325233796291e-08
5.55441070915208e-09,-1.8685102531890152e-07,1.5347313819802366e-07,3.5488525895743805e-08,-3.431832595879314e-08,-1.9741916901239165e-07,-1.6980822081791302e-08,1.0000008344650269
