1.0368356839762782e-07,3.6754506993474934e-08,-2.220889996351616e-07,-1.8842172266886337e-08,5.309599870884085e-08,-3.5722919733416347e-07,2.816236310820841e-08,0.9999991655349731
2.703369261780608e-07,0.999997615814209,-1.669859273079055e-07,-1.3559657929818059e-07,3.018650573949344e-08,1.4407152093554032e-07,-2.420383964363282e-07,-6.08573458293904e-08
0.9999988079071045,4.681497500769183e-08,-7.401239088267175e-08,4.054744806580857e-08,-1.0915575110459486e-08,8.20403656121016e-09,-7.428563719713566e-08,4.128163766381476e-08
-1.521816557215061e-07,-6.650137152064417e-08,6.775535865699567e-08,6.924983608769253e-08,-7.866550078006185e-08,0.9999992251396179,5.5618880168140095e-08,-1.2407443250594952e-07
1.9739914591809793e-08,-2.5360810695929104e-07,-2.549823250319605e-07,1.0000001192092896,-1.960504292242149e-08,-9.835687109216451e-08,-7.81607596422873e-08,5.721878437725536e-08
7.574582383540474e-08,6.03065117843471e-08,2.063794646289807e-08,-4.7558049942608704e-08,0.9999988079071045,1.4289189209648612e-07,-1.1725986404087507e-08,-7.773350296780279e-10
-2.457914405340489e-08,7.867754447943298e-08,-2.5028987238329137e-07,-7.643122046374629e-08,-5.54685763987095e-09,-3.2399807281535686e-08,1.0000009536743164,2.830227963102061e-08
-1.659235095985423e-07,-1.2847270625115925e-07,0.9999990463256836,1.9866814859881288e-09,3.182816499247565e-08,6.38637658312291e-08,-9.75443725792502e-08,-8.152743191658374e-08
