0.7086792588233948,0.34618398547172546,0.31548723578453064,-0.22295251488685608,-0.22499358654022217,-0.40841224789619446,0.10600645840167999,0.005714877508580685
-0.02969508431851864,0.3645516037940979,-0.5773159861564636,-0.3215217888355255,0.089024119079113,-0.08954372256994247,-0.07162880152463913,-0.6391205191612244
-0.23518797755241394,0.21706213057041168,0.44831714034080505,-0.5473712086677551,0.41997623443603516,0.07377317547798157,-0.4520357549190521,0.10396357625722885
0.22652313113212585,-0.03932787477970123,-0.40318217873573303,-0.35821542143821716,0.4374977648258209,0.1241423487663269,0.4401839077472687,0.5056572556495667
0.08083929866552353,-0.16769617795944214,-0.3432072699069977,0.19388946890830994,0.1882500797510147,-0.617158055305481,-0.5572898983955383,0.28821560740470886
-0.0749325230717659,0.6510701775550842,0.08700178563594818,0.5807400941848755,0.4447597861289978,-0.03203945606946945,0.15490888059139252,0.05318769812583923
-0.042905859649181366,0.47343340516090393,-0.27754098176956177,-0.03248278424143791,-0.5240116715431213,0.3440149426460266,-0.3127939701080322,0.45294830203056335
-0.6134139895439148,0.14980462193489075,0.03520882502198219,-0.20754575729370117,-0.25657689571380615,-0.5514266490936279,0.3913155198097229,0.18421566486358643
