0.02834675833582878,-0.24562925100326538,0.4742756485939026,0.27016156911849976,-0.36476871371269226,0.43847617506980896,0.5376282334327698,0.1630207896232605
-0.5599726438522339,0.15650047361850739,0.5397852659225464,-0.12298180907964706,0.3119331896305084,-0.4276350736618042,0.26664361357688904,-0.06459560990333557
0.1462908238172531,-0.5800533294677734,0.07893826067447662,-0.7860832810401917,0.09200036525726318,0.044610027223825455,0.08454778790473938,-0.01933121681213379
0.32522183656692505,0.2847719192504883,0.0650394856929779,-0.06661459058523178,0.5771970152854919,0.18570762872695923,0.13290010392665863,0.6474258899688721
0.18580542504787445,-0.31237098574638367,0.5499512553215027,0.29013359546661377,0.26371774077415466,0.06964170187711716,-0.6287713050842285,-0.10735011845827103
0.23430326581001282,-0.2931615114212036,-0.2389235645532608,0.3502802550792694,0.5136041045188904,-0.09294543415307999,0.4498751759529114,-0.4522852897644043
-0.6794876456260681,-0.36762574315071106,-0.32167884707450867,0.14304737746715546,0.2504752576351166,0.3729988634586334,-0.12918660044670105,0.24628256261348724
0.08563622087240219,-0.4230222702026367,-0.101119264960289,0.2493710219860077,-0.1787329465150833,-0.6601288318634033,0.024804897606372833,0.5224694013595581
