5.225092891691929e-08,-1.1943909328238078e-07,6.701039723111535e-08,-1.440403707420046e-07,2.6564481458990485e-07,5.205700048804829e-08,-9.374979015319695e-09,-6.028616184039493e-08,-1.0563534402763253e-07,1.0000003576278687,-9.409643553226488e-08,2.788080735172116e-07
-7.54844151629186e-08,-5.658716872858349e-08,-3.6616100373976224e-08,1.763980463920234e-07,-4.800603647936441e-08,-1.802381000004516e-08,1.2697238105374709e-07,-7.658086076389736e-08,-5.3118675680252636e-08,1.1781776265706867e-07,1.0000016689300537,-1.950055690258523e-07
-9.937848943764038e-08,-1.1774750419135671e-07,-1.9175940835225447e-08,0.9999978542327881,-1.2266083260215055e-08,-5.547456183307986e-08,-4.490364347020659e-08,8.002726303857344e-08,3.0213531232448076e-08,1.1114122600019982e-07,-1.1403000144127873e-07,-4.605421466408188e-08
-3.440732854187445e-08,1.2075477684447833e-07,1.3684658028978447e-07,8.010828622673216e-08,-4.3837067664753704e-07,0.9999995827674866,8.106940896368542e-08,2.1778511438697024e-07,-2.727910555222479e-07,-4.328931879626907e-07,7.974698945645287e-08,5.877617326177642e-08
0.9999977350234985,1.9168437859207188e-07,-6.234792238046793e-08,3.701340389739016e-08,-7.829082449006819e-08,3.1873014449956827e-07,-1.3550551614116557e-07,-3.713410379191373e-08,7.093184706263855e-08,-7.10146252913546e-08,1.0541543815634213e-07,1.3609958671167988e-07
1.8290684522526135e-07,2.1266026806188165e-07,9.49652587678429e-08,-4.7675726477791613e-08,-9.223617070119872e-08,-8.940742191043682e-08,7.180296357489624e-09,2.206300919738169e-08,6.626562054634633e-08,6.245012684757967e-08,-8.281720198510811e-08,1.0000028610229492
2.462810186898423e-07,0.9999976754188538,-5.214274878539982e-08,7.015452752057172e-08,-2.9990650318723056e-07,-5.6531153092009845e-08,2.209926606155932e-07,-2.1423828400202183e-07,1.1564243607153912e-07,9.98440370381104e-08,5.969668848138099e-08,1.2870958698840695e-07
-1.1995162196853926e-07,2.5745464427018305e-07,0.9999975562095642,2.0180002024972055e-07,-1.0407070760720671e-07,-1.077299742746618e-07,2.6865609470405616e-07,-7.611025409914873e-08,-8.807140972066918e-08,-4.321426771980441e-08,1.4728676944741892e-07,-8.191501876808616e-08
5.372968203687378e-08,-8.658896177848874e-08,-8.104318993673587e-08,-1.456231757401838e-07,2.371804441736458e-07,4.6211180659838647e-08,-1.940918004095238e-08,1.000001072883606,1.9016330554677552e-07,4.5400145864959995e-08,8.629210412891553e-08,6.904308236244106e-08
3.0406064865928784e-07,1.9856670974149893e-08,1.131538152066014e-08,1.042824706587453e-07,0.9999977946281433,1.0161321029045212e-07,2.2228329044082784e-07,-4.715937151900107e-08,7.03549289937655e-08,-3.068583964704885e-08,-5.0708312215874685e-08,3.763196332329244e-07
4.409227649659897e-09,4.6044586810012333e-08,4.625722027640222e-08,-1.486833554054101e-07,-4.285201082865342e-09,5.8091472965315916e-08,0.9999977946281433,7.292464232477869e-08,8.672935791764758e-08,-3.1515853038399655e-08,-2.3838600426984158e-08,-9.064095962685315e-08
-6.217869241709195e-08,2.702981021229789e-07,5.775059008783501e-08,1.152374551338653e-08,-5.070442554711008e-08,5.5267307175199676e-08,4.4411574862124326e-08,-5.384629631066673e-08,1.0000019073486328,-1.2493354972775705e-07,-2.48358787757752e-07,-9.799011024824722e-08
