0.791970431804657,-0.06874363869428635,0.38858744502067566,0.15288947522640228,-0.17188437283039093,-0.13930262625217438,-0.2923068702220917,0.2434944063425064
0.1709999442100525,0.3505668342113495,0.11238144338130951,0.3695690929889679,-0.26908937096595764,-0.14989793300628662,0.39662912487983704,-0.6681740880012512
-0.16703297197818756,0.20675908029079437,0.3458830714225769,0.052661024034023285,-0.46530580520629883,0.5835114121437073,0.309059202671051,0.3929777145385742
-0.003395678009837866,-0.06103285029530525,-0.07516300678253174,0.1526092290878296,-0.07988318055868149,0.6142873764038086,-0.6257519721984863,-0.4382086992263794
-0.19201381504535675,-0.5569145679473877,0.6825336813926697,-0.2617066204547882,0.04812555015087128,-0.03338998556137085,0.09816140681505203,-0.32490843534469604
0.3718690574169159,0.3543460965156555,-0.010982854291796684,-0.7702707052230835,0.1659722626209259,0.24760843813419342,0.1322917640209198,-0.19066625833511353
0.294462651014328,-0.6111884117126465,-0.4928819239139557,-0.0908195897936821,-0.38129332661628723,0.15712225437164307,0.33916735649108887,-0.058802854269742966
0.23187533020973206,-0.1289909929037094,0.04669230803847313,0.3793703615665436,0.7070404291152954,0.3913809657096863,0.35775479674339294,0.049168068915605545
