-0.034737762063741684,-0.27695387601852417,0.18318979442119598,-0.4845116436481476,0.35630175471305847,0.1369340717792511,0.2454412281513214,0.2646818161010742,-0.1564801037311554,-0.5943850874900818
-0.4094616174697876,-0.07080201804637909,0.5450447797775269,0.2827115058898926,-0.0293197613209486,-0.38988763093948364,0.2946344017982483,-0.42239561676979065,-0.08887625485658646,-0.1559777855873108
0.24715112149715424,-0.20085296034812927,-0.04730173200368881,-0.18017923831939697,-0.564441978931427,-0.5652992129325867,-0.2628655433654785,0.13598260283470154,-0.2936200797557831,-0.22784124314785004
-0.5606725811958313,-0.09385555982589722,-0.29364749789237976,0.008000354282557964,-0.12859520316123962,-0.23325115442276,-0.0005835429765284061,0.3399944603443146,0.6146232485771179,-0.16199396550655365
-0.4296298921108246,-0.3688508868217468,0.20095323026180267,-0.40853360295295715,-0.194512739777565,0.3225996196269989,-0.4410353899002075,-0.21961091458797455,-0.06828977167606354,0.28771108388900757
-0.12254291772842407,0.0673181340098381,-0.5330233573913574,-0.14402392506599426,-0.3709145188331604,0.2518111765384674,0.3997359275817871,-0.48380085825920105,-0.13433125615119934,-0.2504217326641083
-0.3107142448425293,0.7843784689903259,0.11902081221342087,-0.39117851853370667,-0.06536439061164856,-0.11129922419786453,0.015788612887263298,0.19345134496688843,-0.2385587990283966,0.09887426346540451
0.20089206099510193,0.24577605724334717,0.4401252865791321,0.10990072041749954,-0.45807522535324097,0.41778528690338135,-0.1249297633767128,0.03186112269759178,0.3708699345588684,-0.39357632398605347
0.17531028389930725,0.2017521858215332,-0.08291080594062805,-0.3031187951564789,0.3452668786048889,-0.2762962281703949,-0.3910847306251526,-0.5433530211448669,0.36001506447792053,-0.2376297414302826
-0.2974271774291992,0.11040855944156647,-0.20409876108169556,0.4562590420246124,0.1683124452829361,0.15657642483711243,-0.5106335282325745,0.038386665284633636,-0.39606550335884094,-0.4214111566543579
