5.5203337012699194e-08,-2.4214500626840163e-07,-2.2212799422050011e-07,-4.3098444280076365e-07,0.9999976754188538,-9.963714120431177e-08,3.4189742703638615e-10,-1.8997504014350852e-07
4.675591469549545e-08,2.1133128313977068e-07,6.622398629474446e-09,-6.701714738710507e-08,-6.569656108013078e-08,1.0000005960464478,-2.4823646072036354e-07,-4.995837077359511e-09
0.9999988675117493,-1.1861006754543268e-07,-8.1011897634653e-08,-3.4082498245879833e-07,9.435635917043328e-08,-5.7391329022493665e-08,3.875614851267528e-08,1.87465445833368e-07
-4.779137441346393e-08,1.557435211907432e-07,-6.610207492485642e-08,1.0000022649765015,-3.360849021305512e-08,-1.8028303849781935e-10,-1.7005071129005955e-07,-7.127908219217716e-08
-7.135129465041246e-08,4.745223236568563e-08,6.636943794546823e-08,-2.5388823488015078e-08,6.755821146953167e-08,1.3292151379573625e-08,8.756855862657176e-08,1.0000019073486328
-5.615575204842571e-08,6.845885991424439e-08,-1.2517857328475657e-07,-1.9077181434568047e-07,-9.832962000189127e-09,9.771190434548771e-08,1.0000028610229492,-5.440573147552641e-08
-8.48173797862728e-08,-1.3734113224472821e-07,1.0000011920928955,-6.85601575511896e-11,1.1274670441707713e-07,-7.015529490672634e-08,-4.5746588739348226e-08,7.160259229976873e-08
1.0801277738892168e-07,1.0000016689300537,-4.882475579393031e-08,2.190863135353993e-08,5.5016972311250356e-08,1.4657187819011597e-07,3.195220301677182e-07,-1.2361172707642254e-07
