0.2980879843235016,-0.4494498670101166,-0.6021797060966492,0.03688278794288635,0.11824147403240204,-0.011488517746329308,-0.1922324299812317,0.2815539836883545,0.28038668632507324,0.36905336380004883
-0.25860080122947693,0.21330751478672028,0.12297314405441284,-0.25936874747276306,-0.018818102777004242,0.664055347442627,0.19422300159931183,0.22814956307411194,0.2458016276359558,0.4622904062271118
-0.11969466507434845,-0.39016488194465637,0.009868877939879894,0.33733826875686646,-0.41429391503334045,-0.04020039737224579,0.5698206424713135,0.0651426687836647,-0.3794911205768585,0.2708188593387604
-0.09897033870220184,0.36357083916664124,0.06288394331932068,0.04834133759140968,-0.4510844051837921,-0.5726208686828613,-0.03744974732398987,0.06669362634420395,0.44958674907684326,0.33522701263427734
-0.5500346422195435,0.2274632453918457,-0.4438290297985077,0.43969452381134033,-0.13779111206531525,0.18847045302391052,-0.4033143222332001,-0.03364083543419838,-0.18889662623405457,-0.03773583099246025
0.32633230090141296,-0.014964941889047623,-0.05295568332076073,-0.13863913714885712,-0.7155264616012573,0.305524617433548,-0.15953795611858368,0.2499554604291916,0.040262848138809204,-0.41998177766799927
0.24181468784809113,-0.20720018446445465,0.5188266634941101,0.4014130234718323,-0.0895758792757988,0.21275509893894196,-0.47859901189804077,-0.2809392809867859,0.04654117301106453,0.3237946033477783
-0.14327174425125122,-0.18581080436706543,0.018442008644342422,0.4282071590423584,0.07602144032716751,0.14936047792434692,0.3110123574733734,-0.12846913933753967,0.6789072751998901,-0.3987625539302826
-0.3182589113712311,-0.3877062499523163,-0.13451705873012543,-0.4914242625236511,-0.2515128254890442,-0.0011858934303745627,-0.09240705519914627,-0.6338369250297546,0.11602164059877396,0.04234053194522858
-0.48044610023498535,-0.433986097574234,0.3616638481616974,-0.12918458878993988,0.050224561244249344,-0.181503564119339,-0.2771056294441223,0.5469861626625061,0.031311217695474625,-0.14460457861423492
