-2.2068348926040926e-07,-2.3084700373487976e-08,6.607800173696887e-08,-7.308047145215824e-08,-3.743251397736458e-08,7.935447854379163e-08,0.9999999403953552,7.684934633100937e-11
-1.708411190293191e-08,7.461454032409165e-08,1.000001072883606,-7.243711763749161e-08,1.1242151742862916e-07,5.431096994357176e-08,1.242227654074668e-07,7.181944994272271e-08
3.356072042492997e-08,-1.0322754917524435e-07,6.77162717011015e-08,4.4958387235283226e-08,2.0803868494567723e-07,-8.02881814365719e-08,3.415938820694464e-08,0.9999991059303284
0.9999997615814209,1.8347687102959753e-07,-5.0285717811959785e-09,-3.197400246790494e-07,4.203655379342308e-08,8.752387969934716e-08,-1.4069151399453972e-09,1.7940772067959188e-07
-1.403596883164937e-07,1.8957923941798072e-07,-1.1437488467436197e-07,-9.705254910841177e-08,2.9738462359318873e-08,1.0000015497207642,1.646222642648354e-07,3.7400127439468633e-08
-7.315940564467383e-08,0.9999982714653015,-4.5051233854565e-08,-5.036347161535559e-08,9.402544520753509e-08,2.885873016111873e-07,3.420705070311669e-07,1.105006361967753e-07
-1.286147437440377e-07,6.265549501449641e-08,1.228087995741589e-07,1.000002145767212,-2.1539817396387662e-07,1.5422941146425728e-08,-3.7899223315207564e-08,-5.354898391374263e-08
-2.0058804750533454e-07,-1.6686460213577448e-08,-5.560879756671966e-08,-5.025809457492869e-08,1.0000007152557373,-2.415403344002698e-07,-9.02626950960439e-08,1.0020582408287737e-07
