2.1482523493432382e-07,0.9999982714653015,-8.384223804114299e-08,1.8507429899727867e-07,-6.014520437247484e-08,-1.637373827634292e-07,-1.1559856005760594e-07,-4.537226416800877e-08,-6.5305549412642e-08,7.056696915697103e-08,3.811011950460852e-08,1.0189353361056419e-07,3.9908968574309256e-08,-1.3080416749744472e-07,3.4933481884991124e-08,9.391299293781685e-09
7.636270282773694e-08,-7.834347570678801e-08,-1.0052236376623114e-08,-1.5523318097621086e-07,1.0000026226043701,-3.793848435407199e-08,-4.148941172843479e-07,-2.0508427667209617e-07,-6.598173030170074e-08,1.0324719568188812e-07,-2.997588666175943e-08,2.40947684915227e-07,3.663686811705702e-07,1.677865490989916e-08,2.769893114873412e-07,2.1919473169873527e-07
3.9428947218311805e-08,-6.480128433850041e-08,-5.0192152656336475e-09,-2.8997010304010473e-07,-5.905179634169144e-08,5.092379495863497e-08,1.000001311302185,4.562142219555199e-09,-1.1851107473148659e-07,-1.402165707986569e-07,-2.2398541688062323e-08,2.163283330247623e-09,1.7814021191497886e-07,2.1301056918332506e-08,7.386511668983076e-08,-7.029186122053943e-08
-1.3915804686348565e-07,8.106689364240083e-08,-4.276276399650669e-08,4.4372690410909854e-08,4.949755094685315e-08,6.612487624124697e-08,-3.593665809376034e-08,4.439470657757738e-08,4.299406697327868e-08,8.600262901836686e-08,-1.83382340424032e-08,1.000001311302185,2.805099938996136e-07,1.0124816895995536e-07,2.075829428349607e-07,6.7772281120426214e-09
-1.322019613780867e-07,1.173504813323234e-07,9.892595898008949e-08,7.229724019452988e-08,-2.1738341615673562e-07,5.206422315495729e-08,6.568556898400857e-08,-2.1151474527414393e-07,1.495993586786426e-07,6.771559668550253e-08,-1.4554889560258744e-07,-2.0855784654827403e-08,1.000001311302185,-4.656630281374419e-08,4.92506906368817e-08,2.717720493095044e-09
-1.0493589286397764e-07,2.9124741729447123e-08,-5.233466708887136e-07,7.59641594072491e-09,-1.545448355955159e-07,1.0000011920928955,8.601571721555956e-08,-3.7573374811472604e-07,2.3814510541342315e-07,-1.4469542009010183e-07,-2.574286099843448e-07,8.491075220717903e-08,-7.785947886418398e-09,-1.3158023648429662e-07,7.717247285654594e-08,-5.965886629155648e-08
1.3549715127680884e-08,-8.651672800397137e-08,0.9999976754188538,3.5512961460426595e-08,-8.542863838556514e-08,-6.775226779609511e-08,-9.298701542093113e-08,2.0745584095038794e-07,-1.7681233543953567e-07,9.21145399956913e-08,7.046422467738012e-08,4.469125158834686e-08,1.1265326094189732e-07,1.9694851971507887e-07,2.0457594729350603e-08,7.84253089136655e-08
-2.477337801565227e-08,-2.1513822900942614e-07,-8.320776956338705e-09,0.9999988079071045,-1.2632517609745264e-07,-8.694823350197112e-08,1.2899967316570837e-07,-1.6510485068010894e-07,1.9656807737078452e-08,-1.24347948826653e-07,-1.7571325372500723e-07,1.5580329204567533e-07,4.894348482054056e-09,-1.0871374200860373e-07,2.1615466039293096e-07,1.7558575393650244e-07
-1.5442519440966862e-07,3.2645786518514797e-07,8.498956560742954e-08,-6.788374662392016e-08,3.7702005784012727e-07,1.4174486473450543e-08,-1.0830947161366566e-07,3.2636017976983567e-07,6.440551203468203e-08,0.999998927116394,2.606433895380178e-07,-5.23707335275958e-08,1.5246845563865463e-08,-8.075294744003259e-08,8.008991869701276e-08,1.0262600369514985e-07
4.934408082135633e-08,-8.546649610252643e-08,-2.2191334991816802e-08,5.067150254944863e-08,1.0732402699886734e-07,1.356284684561615e-08,3.2501668023598995e-10,-1.303464642887775e-07,0.9999989867210388,1.6327616947364731e-07,-8.675514351352831e-08,1.1566142177343863e-07,-6.162876076132306e-08,5.2525571447858965e-08,-2.054370717985421e-08,7.662804080155183e-08
-4.052682456290313e-08,5.7786436968854105e-08,-5.426773252992234e-09,-8.510807703032697e-08,-4.8434365851335315e-08,-3.991816015513905e-07,1.333796149083355e-07,-4.2438972513991757e-07,-7.392792866767195e-08,1.669976938956097e-07,-1.1276598854692566e-07,-1.5140892628551228e-07,-9.24332539398165e-08,1.041135604396004e-07,1.0000004768371582,-7.48497868130471e-08
1.0000011920928955,-6.97610076372257e-08,8.02981858782914e-08,-1.1384121734181463e-07,2.7961269211118633e-07,-2.9443069138324063e-07,-7.164837967366111e-08,-8.922587824145012e-08,-1.7515773720333527e-08,-4.825130872632144e-07,2.713431079826023e-08,1.132729749997452e-07,6.752558334710557e-08,5.743923381373861e-08,-1.1672050703737114e-07,-9.426186053929086e-09
-5.932846747214171e-08,-1.3349878713597718e-07,3.1406230505126587e-07,-6.908901895030795e-08,3.173663003508409e-07,3.854646024592512e-08,-1.5089418070601823e-07,-5.2504603331726685e-08,7.388208445036071e-08,-5.7122722552094274e-08,0.9999976754188538,-5.480534781554525e-08,1.3728485903641285e-08,-2.6039458589366404e-07,2.3669149129545985e-07,-6.97798441251507e-08
-1.1958134926715047e-08,-5.60841613150842e-08,-3.485231303557157e-08,-7.759770048743064e-10,6.303488930825552e-08,-4.4446932179198484e-07,2.3472885857245274e-08,1.3186148350996518e-07,-8.290984254699652e-08,6.499644200630428e-08,-2.741697642250074e-07,-6.367952209984651e-08,6.790418893842798e-08,0.9999977946281433,-2.456969241393381e-07,9.171754555836742e-08
2.9437043735924817e-07,-1.1074396866206371e-07,-2.3047364550166094e-07,-2.7951886139021553e-08,-1.5308424394788744e-07,-6.69774919970223e-08,2.7523395829121e-07,1.0734629540820606e-07,-1.0726649435355284e-07,-6.534254737289302e-08,7.752748842904111e-08,7.199409424174519e-08,1.9999352218746935e-07,-3.8403381807938786e-08,1.9296858511097525e-07,1.000001072883606
-4.412607168546856e-09,5.0567479092933354e-08,2.1935166216735524e-07,-4.1772672432216496e-08,6.586859768731301e-08,1.0795349680847721e-07,7.29435782886867e-08,0.9999988675117493,-5.555406445978406e-08,-1.9779946569542517e-08,-8.605817924944859e-08,-1.4760779265543533e-08,2.0176235793201158e-08,-9.849559035046695e-08,-9.28773360442392e-08,-1.2417245898177498e-07
