-0.27637559175491333,0.46078136563301086,0.04232480376958847,-0.17321006953716278,0.23742368817329407,0.26296743750572205,-0.5988206267356873,-0.44203513860702515
0.4863867461681366,0.3731195628643036,-0.125920832157135,0.5687781572341919,0.2995246350765228,-0.06375260651111603,0.24645401537418365,-0.361009418964386
0.6028110980987549,-0.1218731477856636,0.09563413262367249,-0.30172330141067505,0.39382606744766235,0.49374786019325256,-0.14151759445667267,0.3204208314418793
-0.31397148966789246,-0.16166751086711884,-0.3200533986091614,-0.055125173181295395,0.0625493973493576,0.6474425196647644,0.5228583812713623,-0.2708125412464142
0.04370742663741112,-0.06330440193414688,0.24414686858654022,0.5749388933181763,-0.5158288478851318,0.4970037639141083,-0.282228946685791,0.1057141125202179
0.25792577862739563,-0.6706262230873108,-0.2375449538230896,-0.014507518149912357,-0.07506610453128815,-0.12057053297758102,-0.32533520460128784,-0.5487098097801208
-0.39460545778274536,-0.35238516330718994,0.02030135504901409,0.4651578664779663,0.6391635537147522,-0.04666569456458092,-0.17368915677070618,0.24990150332450867
0.030608797445893288,0.1719023585319519,-0.8685182929039001,0.07264645397663116,-0.12107204645872116,0.00943684671074152,-0.26758748292922974,0.35150980949401855
