0.010504018515348434,0.2522924840450287,0.11922705173492432,0.4578078091144562,0.2078062742948532,0.30330249667167664,-0.017902810126543045,-0.10193831473588943,0.1976964920759201,0.4375185966491699,0.3262200355529785,0.11938424408435822,0.32291659712791443,-0.2781515419483185,-0.17895808815956116,0.04122244939208031
0.12739038467407227,0.1376463621854782,-0.4074240028858185,0.027697062119841576,0.3660047650337219,0.11153113096952438,0.5040256381034851,-0.00903678871691227,0.002198031870648265,0.23646515607833862,-0.3458681106567383,0.142838716506958,-0.4161079227924347,-0.014627031050622463,-0.07886846363544464,0.1483752429485321
-0.14727358520030975,-0.06611305475234985,-0.05932115390896797,-0.12640167772769928,0.20497222244739532,-0.013575577177107334,-0.1333279013633728,-0.43486669659614563,0.2928892970085144,-0.4135538935661316,0.26152727007865906,0.2651485204696655,-0.13744129240512848,0.048903562128543854,-0.2353464812040329,0.48288604617118835
0.04492291435599327,0.06382908672094345,0.5159865021705627,-0.30599841475486755,-0.012631846591830254,-0.21224889159202576,-0.23709741234779358,-0.04780791699886322,0.17999090254306793,0.493537962436676,-0.3164229691028595,0.3042752742767334,-0.13947150111198425,0.07175250351428986,0.04185514524579048,0.18784154951572418
0.25705739855766296,-0.18936148285865784,-0.21839869022369385,-0.34132352471351624,-0.39356720447540283,0.19024984538555145,0.26665133237838745,-0.06286414712667465,-0.07158048450946808,0.2275291234254837,0.25655409693717957,0.14373764395713806,0.280358225107193,-0.04692375287413597,0.31171438097953796,0.3825925290584564
0.02827546000480652,0.4015659689903259,-0.04648102819919586,0.22316747903823853,-0.17556369304656982,-0.02404163032770157,-0.07682108879089355,-0.6322379112243652,-0.237366184592247,-0.012332717888057232,-0.006363491527736187,0.12557385861873627,-0.15075801312923431,0.1644730418920517,0.44241201877593994,-0.17646372318267822
-0.18083733320236206,-0.41153720021247864,-0.03931692987680435,0.4132973849773407,0.03701688349246979,0.05106012150645256,-0.06308124214410782,-0.1386418342590332,-0.1551208794116974,0.1596752554178238,-0.32400980591773987,-0.13896754384040833,0.2642189860343933,0.49460533261299133,-0.024989888072013855,0.33086565136909485
0.3735862970352173,0.0012305480195209384,0.19865423440933228,-0.04332606494426727,0.3580682575702667,0.01900181733071804,0.035763200372457504,-0.19441479444503784,0.11314120888710022,-0.28507813811302185,-0.3665309250354767,-0.29350653290748596,0.32904887199401855,-0.3357856571674347,0.31161022186279297,0.13694055378437042
-0.14536152780056,0.08117371052503586,0.16190843284130096,0.08713433146476746,-0.22158877551555634,0.2500367760658264,0.35412663221359253,0.09226202219724655,0.6942190527915955,-0.1648343950510025,-0.10122877359390259,0.01964537985622883,0.024858370423316956,0.3213564455509186,0.21957877278327942,-0.14522163569927216
0.09649860113859177,0.009791446849703789,0.3314066529273987,-0.09463217109441757,0.15475577116012573,0.4459890127182007,-0.044929139316082,0.03621835261583328,-0.1401488333940506,0.08054188638925552,0.3064051568508148,-0.4926573634147644,-0.44053053855895996,0.20793356001377106,0.11319431662559509,0.1810484081506729
0.36234602332115173,0.3283800184726715,-0.35149723291397095,-0.23554325103759766,-0.013634254224598408,-0.10959206521511078,-0.23925848305225372,-0.10240858793258667,0.2597949206829071,0.15290376543998718,0.006601383443921804,-0.3547675907611847,0.19844238460063934,0.3894897997379303,-0.29883289337158203,-0.06895549595355988
-0.407939612865448,0.12159164249897003,-0.3152560293674469,-0.05055354908108711,0.3288516104221344,-0.2335168570280075,-0.22779425978660583,0.25907382369041443,0.17103350162506104,0.15790072083473206,0.16106344759464264,-0.11503659933805466,0.032114177942276,-0.004817137029021978,0.562579870223999,0.15577439963817596
-0.5013753175735474,0.27868151664733887,-0.1076761782169342,-0.19539222121238708,-0.33045196533203125,0.3332500755786896,-0.10878758877515793,-0.11148329824209213,-0.03868194296956062,0.02293085679411888,-0.3588259220123291,-0.2707878351211548,0.028252530843019485,-0.3305475413799286,-0.16634796559810638,0.18663892149925232
-0.057841259986162186,-0.5499827265739441,-0.2014622688293457,-0.18534177541732788,0.1255197823047638,0.2653166949748993,-0.21506395936012268,-0.34275391697883606,0.22217276692390442,0.22649742662906647,-0.03321727365255356,-0.01646254025399685,-0.1125311553478241,-0.1466609537601471,0.0674763172864914,-0.47811359167099
-0.3028390407562256,-0.05397523567080498,0.1955130398273468,-0.16150514781475067,0.06946934759616852,-0.4425349831581116,0.5353212952613831,-0.3455233871936798,-0.015718897804617882,0.19279919564723969,0.19994650781154633,-0.35163018107414246,0.0993131697177887,-0.02608167752623558,-0.12031722068786621,-0.09158748388290405
0.21499137580394745,-0.1735488474369049,-0.09885657578706741,0.4096795916557312,-0.39271268248558044,-0.32456642389297485,-0.0903836265206337,-0.026637079194188118,0.30817171931266785,0.09165128320455551,0.017145365476608276,-0.28484630584716797,-0.3826248049736023,-0.3139362931251526,0.02164382115006447,0.2176625281572342
