0.9999998807907104,-1.798159701138502e-07,1.243860765498539e-07,-9.633772179995503e-08,1.1719043158109343e-07,1.5546837062174745e-07,1.2301325114094652e-07,3.9114222971647905e-08
-1.1620518591826112e-07,-2.6704094580054516e-07,3.496160516647251e-08,8.035937781869507e-08,0.9999979138374329,1.5223140792386403e-07,-2.056826673424439e-07,-1.8666922585452994e-07
2.586529035397689e-07,5.873897812591622e-09,7.090518749919283e-08,2.8371067628540914e-07,-1.537847396093639e-07,-2.173279511907822e-08,-1.5670202913042885e-07,0.999997615814209
5.8181250039979204e-08,1.1757126117117878e-07,-4.1576189602210434e-08,0.9999975562095642,9.483328966553017e-08,1.0409835482505514e-07,-7.616075947680656e-08,1.2639755198051716e-07
5.9724605705469e-08,1.0000016689300537,-7.498790211002415e-08,-2.7066445085210944e-08,1.2770348689628008e-07,5.643499534357943e-08,1.6501552124736918e-07,-9.863302352641767e-08
-5.172290329369389e-08,-3.458195152461485e-08,0.9999987483024597,-1.0248106363519582e-08,7.2124137773244e-08,3.0208823886823666e-07,-3.729698150323202e-08,9.666246114647947e-08
8.105183724183007e-08,-7.193896323087756e-08,5.907840971985934e-08,8.041331511776662e-08,-6.549072395500843e-08,1.0000001192092896,6.754166292921582e-08,-1.2121070369630615e-07
1.1640697294978963e-07,-6.25680343091517e-08,-1.020708211285637e-07,-1.4794268565765378e-07,-1.0664278704552999e-07,-6.7476911169706e-08,0.9999991059303284,3.6342370890452e-08
