-0.39605459570884705,-0.2735440731048584,0.17293989658355713,0.15337803959846497,-0.023706814274191856,0.1126619502902031,0.49987635016441345,0.11774379014968872,0.007178630214184523,0.0951787456870079,-0.5921399593353271,0.2795424163341522
0.12565523386001587,-0.12839797139167786,0.022385872900485992,-0.04349130392074585,-0.4983949363231659,-0.24751201272010803,-0.007691743317991495,0.11859482526779175,-0.3753962516784668,-0.07130379974842072,0.2543538808822632,0.6563888192176819
-0.6110571026802063,0.07778988778591156,-0.1277691125869751,0.15256579220294952,-0.06844152510166168,0.28362831473350525,-0.07419005781412125,-0.5183161497116089,0.11534840613603592,-0.24233759939670563,0.32642224431037903,0.20757490396499634
-0.05217239260673523,-0.4611673653125763,0.44969674944877625,-0.03173977509140968,0.16344480216503143,0.23737947642803192,0.20834733545780182,0.30764535069465637,-0.029390934854745865,-0.22756622731685638,0.5239862203598022,-0.18176741898059845
0.3374888598918915,-0.04983694478869438,0.02345765009522438,-0.2391226440668106,-0.5500501394271851,0.1359301656484604,0.39502450823783875,-0.3301412761211395,0.291273832321167,-0.30994194746017456,-0.09401098638772964,-0.2237735390663147
0.1407841444015503,-0.3579362630844116,0.16666743159294128,0.044008638709783554,0.12848837673664093,0.06267566233873367,-0.457495778799057,-0.2829318344593048,-0.35011032223701477,-0.47876086831092834,-0.39982715249061584,-0.03008696809411049
-0.1436467170715332,0.08421847224235535,0.47586318850517273,0.22750581800937653,-0.46984556317329407,0.04691733047366142,-0.4955938756465912,0.2286166101694107,0.3805036246776581,0.11179915070533752,-0.10240618884563446,-0.07391362637281418
0.42674291133880615,-0.2624494731426239,0.09329991787672043,0.02293081022799015,0.25317081809043884,0.3013598322868347,-0.10239353775978088,-0.2724078595638275,0.39396265149116516,0.35862722992897034,0.05600859597325325,0.4617578089237213
0.09701763093471527,-0.28311654925346375,-0.4803764820098877,0.39061248302459717,-0.3021022379398346,0.48164501786231995,-0.06814100593328476,0.14272066950798035,-0.2507009208202362,0.24644339084625244,0.02775244042277336,-0.2334025353193283
-0.07459376752376556,-0.23081503808498383,-0.49492523074150085,-0.18681591749191284,0.059292785823345184,-0.03160086274147034,-0.17489029467105865,0.44050681591033936,0.4729885458946228,-0.41123494505882263,-0.07943489402532578,0.18171247839927673
-0.312448650598526,-0.4772871434688568,-0.06980247050523758,-0.5647585391998291,-0.1438124030828476,-0.20858202874660492,-0.18117499351501465,-0.1919412463903427,-0.01794942282140255,0.422926127910614,0.014091757126152515,-0.19366487860679626
-0.046639442443847656,0.34950366616249084,0.08351093530654907,-0.5765990018844604,-0.016224024817347527,0.6303494572639465,-0.10794753581285477,0.2049470692873001,-0.22485357522964478,0.01541848760098219,-0.11814356595277786,0.1421818882226944
