0.004419093020260334,-0.4412494897842407,0.10205347836017609,0.010497599840164185,0.2842063307762146,0.23584865033626556,-0.3912562131881714,0.3730960786342621,-0.18370914459228516,-0.5057581663131714,-0.20216023921966553,-0.18885298073291779
0.22781269252300262,0.11836110800504684,0.2026553452014923,0.4025721848011017,-0.03615900129079819,0.23927666246891022,0.5000823140144348,0.3718215525150299,0.0889846459031105,0.0321490652859211,0.1299484521150589,-0.5081605911254883
0.13890723884105682,-0.3144010007381439,-0.4957265853881836,0.038383979350328445,-0.1293288767337799,0.00410417839884758,-0.24341601133346558,-0.15133129060268402,0.03347771242260933,0.041285112500190735,0.6437207460403442,-0.34429624676704407
0.10649070143699646,-0.09881217032670975,0.43522241711616516,-0.22093307971954346,0.2014605551958084,-0.1695045828819275,0.1790848970413208,0.03898469731211662,0.30194297432899475,-0.35761821269989014,0.5682756304740906,0.30944833159446716
0.5394365191459656,-0.23361627757549286,0.21381090581417084,-0.3366483151912689,0.27447476983070374,-0.3444497287273407,-0.04754386469721794,-0.012017347849905491,-0.050226129591464996,0.44879117608070374,-0.172200009226799,-0.2557508051395416
0.1568031758069992,0.4816892445087433,-0.28322404623031616,-0.5113178491592407,0.23015160858631134,0.13294947147369385,0.2140023559331894,-0.09968554973602295,-0.31921058893203735,-0.3515445590019226,0.03814967721700668,-0.22003057599067688
0.41550469398498535,0.056625645607709885,0.12635061144828796,-0.0796937569975853,-0.6072307229042053,0.052421934902668,-0.1251613050699234,0.3008449673652649,-0.4653893709182739,-0.014634883031249046,0.12767095863819122,0.301794171333313
-5.195804624236189e-05,0.21726858615875244,0.38833507895469666,0.03913965821266174,0.23859646916389465,0.6039332747459412,-0.35023897886276245,-0.2767992913722992,-0.13584519922733307,0.317966490983963,0.24436518549919128,0.015465905889868736
-0.019897663965821266,0.3660753667354584,0.2802506685256958,-0.13110961019992828,-0.37995144724845886,-0.19242773950099945,-0.44571542739868164,-0.05713247135281563,0.38876211643218994,-0.21399657428264618,-0.08524297922849655,-0.42702171206474304
0.6123840808868408,0.2121763527393341,-0.308104008436203,0.28679394721984863,0.18507707118988037,0.13895964622497559,-0.186649352312088,-0.011747683398425579,0.4158163368701935,-0.13135533034801483,-0.16733361780643463,0.3099856972694397
0.21758808195590973,-0.16812384128570557,0.21713411808013916,0.35469308495521545,-0.09923093765974045,-0.12219426780939102,0.1453886181116104,-0.6927485466003418,-0.28023481369018555,-0.35231417417526245,-0.12138856202363968,-0.09071344882249832
0.08041586726903915,-0.3719795346260071,-0.006252956110984087,-0.4238295257091522,-0.34377047419548035,0.5322595834732056,0.2539406418800354,-0.1939530223608017,0.35215622186660767,-0.009609250351786613,-0.21864056587219238,-0.0006288093281909823
