-7.020131675972152e-08,-1.436988839031983e-08,-1.3812500299081876e-07,-9.295784764162818e-08,-1.2166321994300233e-07,-5.790548041062493e-09,1.0000017881393433,-2.1597966792796797e-07,-8.693670139336973e-08,5.834593252984632e-08,-6.220801651579677e-08,-1.5333840508446883e-07,2.3043735097871831e-07,2.1498321700619272e-07,-1.3608330462488993e-08,-2.5897412214703763e-08
-2.730894266278483e-08,1.1205708716488516e-07,1.1280238254585129e-07,1.0720250287477029e-07,5.94679505638851e-08,3.849544327749754e-08,8.568925125018723e-08,-1.6091314591903938e-07,1.0000005960464478,3.453293118127476e-07,1.0879539047436992e-07,9.207844442471469e-08,-1.8028107717782405e-07,1.1350317663527676e-07,7.120961242890189e-08,-2.0980836623607502e-08
1.0000017881393433,-1.0688096097055677e-07,7.175719929364277e-08,-4.756576998943274e-08,-6.130654384151057e-08,6.75749660672409e-08,-6.647618278066147e-08,-1.7333884727577242e-07,-6.757194626061391e-08,-2.7477927488916976e-08,1.5972851485912543e-07,1.4662900582607108e-07,2.9395389233854985e-08,-2.4384226549045707e-07,-8.797937312010617e-08,9.853096116785309e-08
6.656963336126864e-08,2.3620646771860265e-08,-2.9072637630633835e-07,-1.0996716781619398e-07,8.000228746141147e-08,9.603295936244649e-09,9.65574908917688e-09,-2.1646620496085234e-07,-3.103516377223059e-08,1.4137224724208863e-08,-5.453851414927158e-08,8.234540871399076e-08,1.71437804397101e-07,-1.6957939408257516e-07,1.0000008344650269,8.463064204988768e-08
1.2097203239136434e-07,-9.4943622741539e-08,-1.5449404600076377e-07,6.597652202344761e-08,-3.4424669337340674e-08,-7.690029946161303e-08,-2.7953916514888988e-08,-1.509523031018034e-07,2.7370674615667667e-08,-1.7634185667247948e-07,-4.2013230228121756e-08,-2.4068883774930327e-08,7.025506221225442e-08,0.9999997019767761,1.0176916021009674e-07,2.0171496828425006e-07
8.987567134965957e-09,-2.8876478097572544e-08,7.707148697022603e-09,3.210438848100239e-08,-7.843908633731189e-08,-7.038833871320094e-08,-8.66067324523101e-08,-8.611997515117764e-08,-4.2968128610709755e-08,-2.322113834551942e-09,0.9999982118606567,2.3536255611134038e-08,-1.2599863907780673e-07,3.0501024639306706e-07,-1.4160467287638312e-07,1.5108081186099298e-07
-5.142037551308931e-08,1.825767270702272e-07,4.498049932522008e-08,-1.0765114666355657e-07,3.9131043649831554e-07,0.9999988675117493,-4.354782490167963e-08,4.356063598720539e-08,-6.018063203327984e-08,1.18960148398628e-08,-8.136971652028535e-10,-5.129785307644852e-08,-1.3099976570174476e-07,-1.4037608764283505e-07,2.398049581131545e-08,2.131784810899262e-07
2.0590762872529922e-08,-6.90627501853669e-08,3.6794045144006304e-08,2.4812406351770733e-08,-6.189196000150332e-08,-2.870209492300546e-08,1.4552504978837533e-07,0.9999999403953552,-2.4520707597730507e-07,-1.0175683939905866e-07,-9.426719316252274e-08,1.6673241987064102e-07,6.071724811818058e-08,-2.024044079007581e-07,1.5817374787729932e-07,-4.414734533497722e-08
4.382875928854446e-08,1.0000020265579224,-1.8076390162491407e-08,1.8815727287346817e-07,-7.135008672776166e-08,-2.8072493662989473e-08,3.8691627679554585e-08,1.0941856487534096e-07,-1.4497992140150018e-07,1.8837644333302705e-08,8.141053342569649e-08,-1.2141081917604879e-08,-2.9476069585143705e-08,-3.18865829740389e-07,6.318136769323246e-08,5.0569930465371726e-08
2.0965542546491633e-07,1.6449661188744358e-07,-1.2214992750614329e-07,1.5188163615675876e-08,4.205021753023175e-07,1.461575180883301e-07,-1.2016852224405739e-07,-1.558414908231498e-07,1.594210345956526e-07,8.725768907424936e-08,6.521793238789542e-08,6.365587523760041e-08,1.575113817153806e-09,3.0307526799333573e-07,-1.9369895198906306e-07,0.9999988079071045
3.668956338742646e-08,-2.3427928041996893e-08,-9.950626633781212e-08,1.0432631647461221e-08,-4.736682157613359e-08,6.945241892708509e-08,-5.710594663810298e-08,2.887412087204666e-08,-6.767359650439175e-08,6.445939249033472e-08,2.9221910224919156e-08,0.9999982714653015,1.1935443922084232e-07,4.986997836908813e-08,1.134833453875217e-07,7.697489934344048e-08
9.670085177049259e-08,-1.0584469833929688e-07,-2.6017463028438215e-07,-1.234467550403906e-08,0.9999984502792358,1.5044989254420216e-07,-6.208149727626733e-08,-2.483742207459727e-07,-7.952180425263577e-08,-1.518505428066419e-07,-2.845884772284535e-08,1.8276844571119e-07,-2.1009239503655408e-07,2.0266018196934965e-08,-2.1504258995719283e-07,-1.7055864987014502e-07
-2.185698022572069e-08,-4.5752837962709236e-08,0.999998927116394,-1.0499265457042384e-08,-5.112811152230279e-08,-9.614898743848244e-08,-5.066707586820485e-08,1.1054153503664566e-07,1.8589159367365937e-07,-5.256217505689165e-08,1.332006149823428e-07,-6.933199614422847e-08,4.8463597579484485e-08,-1.0917761272821735e-07,2.6392152463472485e-08,1.6082709919373883e-07
-7.349680686274951e-08,4.785847806942911e-08,9.112333998473332e-08,2.631156803545309e-07,-1.7271976560095936e-07,9.589723681813211e-09,1.4251584445901244e-07,1.0643011449928963e-07,2.4688111466275586e-07,1.0000009536743164,-5.7916221152254366e-08,-6.001683061640506e-08,1.277119991982545e-07,7.6746964339236e-08,-1.4991829999644324e-08,-1.2107011571060866e-07
7.073141716773534e-08,6.622757808827373e-08,-2.0301197167782448e-08,0.9999993443489075,-1.9942329743116716e-07,-1.1392812382382544e-07,1.1809778044380437e-08,-1.0411923767605913e-08,-9.138165069089155e-08,9.815839696614148e-09,1.289663345005465e-07,1.9074438739608013e-07,7.165434112721414e-08,-1.3667897746927338e-07,-1.0017979690246648e-07,2.0217143514855707e-08
9.326996774916552e-08,1.0783051607177185e-07,1.0810017414542017e-07,2.3718816066775616e-07,1.5168099309903482e-07,1.0202991518326598e-07,-7.157461823226186e-08,-6.337590008342886e-08,5.6442416962454445e-08,-9.409844636820708e-08,2.413874256035342e-07,-1.1436115698870708e-07,0.9999976754188538,-3.095945544373535e-07,-1.8639504162365483e-07,-1.1482863015999101e-07
