3.695970818284877e-08,-1.1670188371226686e-07,-1.9314926191782433e-07,-2.179162379434274e-07,1.834741283346375e-07,4.958647892294721e-08,-6.766239124544882e-08,4.8381139094999526e-08,-7.55141442709828e-08,-1.691920488156029e-07,-6.282852638150871e-08,6.686005349365587e-08,-4.802801711889515e-08,4.05706366279901e-08,0.999998152256012,1.7587520062534168e-07
-7.32205123199492e-08,-7.529065726430417e-08,-2.5149391902345997e-08,-2.821517739448609e-07,4.714592805044049e-08,1.194852785602052e-07,5.959734039606701e-09,-6.549458220206361e-08,7.491817655136401e-08,9.978020187872971e-08,-7.4669785021797e-08,1.0000015497207642,-2.8710476840387855e-07,1.8981268112838734e-08,-2.7119676815345883e-07,-6.703612775993406e-09
1.2383226000167724e-08,-1.7121455186952517e-07,1.6958686899215536e-08,9.347706964035751e-08,-3.2967039942377596e-07,0.9999976754188538,-3.304010931515222e-08,2.261645448697891e-07,-1.1853662584826452e-07,5.0916259652922236e-08,3.6350223808767623e-07,-8.988879329763222e-08,-5.870502661764476e-08,-2.43876399963483e-07,3.786236391079001e-08,2.4543885501771e-07
1.0424847118883918e-07,-4.2690157187053046e-08,1.3063041137684195e-07,5.784939460795613e-08,9.463964723011031e-09,-6.09827992548162e-08,1.286025934632562e-07,1.4524219693612395e-07,5.007905912179922e-08,1.0000007152557373,-2.0109452236738434e-07,1.0107298464845371e-07,9.80485665991182e-08,2.0095988872981252e-08,-1.2946712502071023e-07,7.216382869046356e-08
-5.2574883113720716e-08,1.0000020265579224,-5.00446901696705e-08,-1.1128116739200777e-07,-1.1199479388324107e-07,-2.591001191376563e-08,-7.547975400257201e-08,-5.6606644704970677e-08,-4.123826258251029e-08,1.0208094636254827e-07,-2.0761372354627383e-07,-1.5878768522270548e-07,-1.1611192718419261e-07,-3.115985691692913e-08,-3.7944184327898256e-07,-6.793430884499685e-08
0.9999977350234985,-3.6535560354877816e-08,1.5133334585470948e-09,8.461443101737132e-09,9.774856124522557e-08,-8.68878728965683e-08,-7.789332556740192e-08,9.910215226227592e-08,-7.955007674809167e-08,-6.747488612290908e-08,7.1323751349439135e-09,7.261694889848513e-08,1.0480020051772954e-07,2.2664229959445947e-07,-7.430512738437756e-08,-5.386107204685686e-08
5.2284839568983443e-08,7.661137857439826e-08,-5.397444624577474e-08,-1.687940169858848e-07,-1.5104019723821693e-07,8.10046572041756e-08,4.297329780911241e-08,4.3116777703744447e-08,6.827814047483116e-08,-2.4496188189004897e-08,8.968167719558551e-08,5.892163912335491e-08,1.0000017881393433,1.1228114260575239e-07,1.3599091630567273e-07,-9.750642249173325e-08
2.162625776236382e-07,1.7973118104919195e-08,1.0000017881393433,-1.0523202575996038e-07,-7.18931900678399e-08,-1.1058331494950835e-07,6.876993552396016e-08,-4.472666503829714e-08,1.9931843553422368e-07,9.264824285537543e-08,1.0994303778488757e-07,-3.317827861337719e-07,-9.444393356261571e-08,-5.3292983359654045e-09,-1.1640789665534612e-07,5.258099378124825e-08
1.7693973575205746e-07,-7.375459887271063e-08,-9.07864645682821e-08,-1.1208668126982957e-07,7.70709220887511e-08,-1.9003198303835234e-07,1.0000017881393433,1.2644687785723363e-07,-6.246268213772055e-08,-6.656834727891692e-08,-1.6767623378655117e-07,1.3874927162760287e-07,-1.746985667239187e-08,7.60884901751524e-08,-2.0524839783320203e-07,-1.3513886187865864e-07
3.3418086076153486e-08,1.8936614765152626e-07,-1.2753639566653874e-07,1.2558390771744143e-08,1.2893345058273553e-07,-3.696125716601273e-08,2.799132126085624e-08,0.9999986290931702,7.818041325435843e-08,-5.3300027502700686e-08,9.811405021764585e-08,1.7283863940065203e-07,-6.219065795676215e-08,-7.608378638224167e-08,8.342394863802838e-08,-5.757756227353639e-08
-6.751022141315843e-08,3.5464985614908073e-08,2.291127110254365e-08,-2.929087905556571e-08,1.0000020265579224,-1.1144307876520543e-07,-2.1134816563517234e-07,-3.024121042471961e-07,-5.4618730871425214e-08,8.303450726998562e-08,-1.0014474582931143e-07,9.854424121158445e-08,1.5778969242319363e-09,2.4276635812725544e-08,-1.3998760550748557e-07,1.1195805882380228e-07
1.1815056488728715e-08,2.2422819156986407e-08,6.031724097965707e-08,-6.776986793965989e-08,-1.1984039360868337e-07,1.2659238279866258e-07,2.3355222822374344e-07,-5.709885897431377e-08,-6.793423779072327e-08,1.1129062471582074e-07,-1.4694765582135005e-07,1.1312452130596284e-07,3.218043431729711e-08,0.9999986886978149,-6.218409254188373e-08,-1.7663199969319976e-07
-5.187797569305985e-08,3.648125357358367e-08,4.657535512819777e-08,-6.232514060400263e-09,-3.5614966975572315e-08,-1.0047492793319179e-07,1.1525762566577669e-08,-6.645232275559465e-08,0.999997615814209,7.514603339586756e-08,-8.377757865218882e-08,4.7017991278153204e-07,-6.488343018418163e-08,4.138054165991889e-08,4.3255425907773315e-08,-1.2237462954090006e-07
-1.2892987788504229e-09,-2.1869533384233364e-07,5.56961992970173e-07,-1.6037198236062977e-07,-7.864456819106636e-08,-3.163027528785278e-08,-1.2523361192506854e-07,-6.940964425439233e-08,-6.20682456542454e-08,7.451868810903761e-08,7.801040879940047e-08,2.013885413987282e-08,1.4915823953742802e-07,-2.0389927612995962e-07,-2.0476289819271187e-07,0.9999982118606567
2.2002883781624405e-07,8.688378017041032e-08,-1.8709448568188236e-07,-1.1482264739015591e-07,-1.4595505604120262e-07,8.912786597647937e-08,1.0494172641983823e-07,4.52207125078985e-08,-2.2755672901553226e-08,4.973417944142966e-08,1.0000003576278687,8.992601863155869e-08,-2.8155869813417667e-07,8.880995494564559e-08,-2.413944457657635e-07,4.4146077016193885e-08
-1.4807588932796989e-08,5.8512632961083e-08,-1.0921431936594672e-07,1.000001311302185,-7.468476326266682e-08,-1.1418725875955715e-07,-1.9266190065536648e-07,1.5992763735539484e-07,3.727360109451183e-08,5.059182939248785e-08,2.195364317003623e-07,6.190710877262973e-08,-3.5677157939062454e-07,-7.46890904679276e-08,1.7088858328406786e-08,2.132272491905951e-08
