-0.4643418788909912,-0.3883926272392273,-0.5647692680358887,0.27731454372406006,0.01509836781769991,-0.4797050654888153,-0.024362346157431602,0.08205479383468628
-0.07951795309782028,-0.015826888382434845,-0.3723239600658417,-0.004244674928486347,0.33054909110069275,0.4076117277145386,0.44167372584342957,-0.6199172735214233
-0.26011669635772705,0.034493181854486465,0.35893574357032776,0.10596458613872528,-0.38344210386276245,-0.2616468369960785,-0.2288326770067215,-0.7233496904373169
0.7005396485328674,-0.08356449753046036,0.005731952842324972,0.5974118709564209,0.05455208569765091,-0.30304425954818726,0.17552901804447174,-0.14037111401557922
-0.2326488196849823,-0.2404455542564392,0.18059858679771423,0.49810802936553955,-0.4736822843551636,0.5014627575874329,0.29473721981048584,0.21124622225761414
0.0654246062040329,-0.772365391254425,0.3989828824996948,-0.3549293875694275,0.15512727200984955,-0.12774810194969177,0.26900607347488403,-0.03549417480826378
-0.3702801764011383,0.153445765376091,0.45800089836120605,0.39712923765182495,0.679976761341095,-0.03804118186235428,-0.023447176441550255,0.08663959801197052
-0.15534527599811554,0.4035075008869171,0.10943957418203354,-0.1521603912115097,-0.1723344773054123,-0.4173852205276489,0.7492465972900391,0.11242099106311798
