-0.23673038184642792,0.45430752635002136,-0.43693700432777405,-0.016973624005913734,-0.5815142393112183,-0.1264607012271881,-0.43595781922340393,-0.04636843502521515
-0.28398656845092773,-0.2520771324634552,0.4583563208580017,-0.02228338085114956,-0.48582765460014343,-0.4500228762626648,0.1665894240140915,0.4229906499385834
0.20185261964797974,0.0703151524066925,0.47145384550094604,0.7221751809120178,-0.19487065076828003,0.12033280730247498,-0.28214579820632935,-0.28008079528808594
-0.28795579075813293,-0.6063676476478577,-0.015315580181777477,-0.22601336240768433,-0.30804961919784546,0.3036644160747528,-0.06971310079097748,-0.5532781481742859
0.3460164964199066,0.03258276730775833,0.3631476163864136,-0.503998339176178,-0.10414230823516846,0.37284907698631287,-0.5000309944152832,0.3056582808494568
0.5740160942077637,0.21086595952510834,0.10224470496177673,-0.30913621187210083,-0.31535056233406067,-0.29729244112968445,0.37136247754096985,-0.4407773017883301
0.41859811544418335,-0.5235503911972046,-0.32028287649154663,0.1032075583934784,0.08218159526586533,-0.49301275610923767,-0.4289321005344391,0.060333073139190674
-0.339414119720459,0.19443906843662262,0.36274054646492004,-0.25761470198631287,0.4194009006023407,-0.45203593373298645,-0.35468220710754395,-0.3781719207763672
