1.0000020265579224,7.757078179793098e-08,-4.6564323952225095e-08,-5.82689985151319e-08,-2.7238469257895304e-08,-6.398745711067022e-08,7.439346205728725e-08,-2.2952040268364726e-08,-5.345058795569457e-08,5.0405876805825756e-08
-1.9603099588039186e-07,-3.8833412929761835e-08,-1.0101516068061756e-07,1.499653308201232e-07,-1.3627877137878386e-07,6.249039330441519e-08,-3.775140555717371e-08,1.0000004768371582,-1.3761413697466196e-07,-5.0523073724662027e-08
-8.352034797098895e-08,7.53913553808161e-08,8.380203553315368e-08,1.1588429060793715e-07,-7.712131377957121e-08,0.9999986886978149,1.9684669894104445e-07,3.658065139688915e-08,3.568337092474394e-07,-1.3260333275866287e-07
-5.672801250966586e-08,4.3543849415073055e-08,4.265611508458278e-08,1.0000020265579224,-3.0387720784119665e-08,-5.011476744698484e-08,-1.316910811510752e-07,4.602540215614681e-08,-4.9704897975288986e-08,5.89697535247069e-08
8.128694872766573e-08,0.9999983310699463,-1.8523610378906596e-07,-3.0628612535110733e-07,-1.393160715679187e-07,-1.6716096240543266e-07,-7.302557492039341e-08,1.5335000114191644e-07,8.59348503468027e-08,-5.935862290584737e-08
3.166195128301297e-08,-3.8952002512360195e-08,-7.672858970408925e-08,7.164226900613357e-08,-9.451446203456726e-08,-4.633569261613957e-08,0.9999998211860657,-8.290745512340436e-08,-6.996927481850435e-08,-1.2306367125347606e-07
-3.124219105643533e-08,-7.024998183169373e-08,1.000001311302185,-3.0288185826066183e-07,1.9020680497305875e-07,7.945366320427638e-08,1.2364097301542643e-07,-6.749510816916882e-08,-6.907090011054606e-08,9.485567886713397e-08
5.739919117786485e-08,7.132364743256403e-08,6.365578286704476e-08,-1.5751153270571194e-08,1.0000011920928955,5.34996189571757e-08,-5.336853092785532e-08,8.696945030806091e-08,-1.789540959862279e-07,-1.9395453421111597e-07
-2.959225184895331e-07,-2.014271700545578e-07,6.538017771617888e-08,-1.3781473739982175e-07,-2.824424143454962e-07,1.1135415434182505e-07,-6.949279907075834e-08,-8.784271443573743e-08,1.0000007152557373,-3.8314766470648465e-08
-6.193185697611625e-08,7.528528556122183e-08,-9.112540055866702e-08,-1.677576051406504e-07,1.6602791674813488e-07,2.1168133912397025e-07,-1.0855314513946723e-07,-1.2470060539726546e-07,1.9966131503679208e-07,0.9999982714653015
