-7.076126706806463e-08,1.0000017881393433,-7.707611615614951e-08,7.225208520367232e-08,2.4875231474652537e-07,6.917037609355248e-08,-4.410459908399389e-08,1.15991703353302e-07
-3.3959747014478125e-08,2.8629907333765914e-08,2.1701036700960685e-07,4.059501463871129e-07,-2.471796278769034e-07,0.9999977350234985,-1.0764674840402222e-07,-5.084432430635388e-08
1.0098643343781077e-07,-7.159023596159386e-08,-1.0706176567509829e-07,4.4962892076227945e-08,-1.6112738876472577e-07,3.421264338498986e-08,0.9999982714653015,-8.52225312542032e-08
-6.939207253253699e-08,1.1371779073954258e-08,-7.012261704630873e-08,-2.0789443055946322e-07,0.9999988079071045,-7.780934652146243e-08,3.6787844237551326e-07,-2.3568804863316473e-07
1.0000009536743164,-3.219169641965891e-08,6.714554956488428e-08,6.298591159747957e-08,-1.8554235481360593e-08,7.88726595146727e-08,1.654523273941777e-08,-8.415740637701674e-08
4.839096234832141e-08,-2.869019510853832e-08,-1.727431708786753e-08,1.000002145767212,-1.2374310642826458e-07,6.680518538360047e-08,-1.0126396432497131e-07,7.709311233838889e-08
2.0978180259589863e-07,1.1048332027030483e-07,1.5985341406121734e-07,-1.1452291204250287e-07,-3.556632464096765e-07,-2.188606451625219e-08,-1.0114513315784279e-07,0.9999997615814209
-7.519836486835629e-08,-3.811034687828396e-08,0.9999993443489075,-8.48049950263885e-08,1.5863572855323582e-07,6.1786331606583644e-09,3.9774084825694445e-07,-1.7742095792527834e-08
