3.941669390883362e-08,8.270357909623272e-08,1.4659363500868494e-07,7.04142024687826e-08,7.245203903494257e-08,-6.506136429607068e-08,-7.834418624952377e-08,1.0000005960464478
1.3943757437573367e-07,8.9905419997649e-08,-8.106062665547142e-08,-7.177759187015909e-08,9.844987403084815e-08,4.861179547788197e-08,1.000002145767212,-1.2731709375657374e-07
1.0000020265579224,-1.2216904110573523e-07,-2.8790458372895955e-07,-5.4853366293627914e-08,-8.272989759916527e-08,2.270163612649867e-08,-1.5395036712106958e-07,1.5247520934735803e-07
-1.3557226452576288e-07,7.715211580716641e-08,1.000000238418579,-1.2310491115385958e-07,7.709893878882212e-08,5.056841345663088e-08,-2.678751265250412e-08,-6.027915055994981e-09
-3.930400538365575e-08,0.9999977350234985,-1.0068908551374989e-07,-3.2647268000118856e-08,1.666420956780712e-07,-4.736623182566291e-08,-1.3854148050995718e-08,-1.2815583261271968e-07
-6.28543190828168e-08,-1.7684513409221836e-07,1.3883385463486775e-07,-2.0640126052740015e-08,0.9999997615814209,6.775051275553778e-08,-3.390724501173281e-08,-3.683685534383585e-08
5.913452127970231e-08,1.1337475314121548e-07,1.8185433248163463e-07,-1.8562457171356073e-07,2.707898616449711e-08,0.9999992847442627,-1.458360259221081e-07,2.1220922974407586e-07
3.913230273155932e-08,-9.347614593480102e-08,1.26904424746499e-07,1.0000009536743164,-6.75800251315195e-08,6.935017005105237e-09,1.5415968945831082e-08,-4.225785943390292e-08
