1.0762263258357052e-07,8.58794138025587e-08,2.0433160941024653e-08,-1.543487115895914e-07,-2.6134433284141778e-08,1.9503675119381114e-08,0.9999999403953552,2.2522513631884067e-07
-2.1542641093219572e-07,0.9999994039535522,6.78380729368655e-08,-4.427831257203252e-08,1.3839469659160386e-07,7.096555521002301e-08,-1.559914437621046e-07,2.4749627414166753e-07
5.572239114570721e-09,-5.4510771008153824e-08,-1.3994888092838664e-07,-4.1542186579590634e-08,-8.057946843109676e-08,1.0000015497207642,1.762871875143901e-07,1.9042677479319536e-07
-1.693474160902042e-07,1.8687713065901335e-07,-1.588507956284957e-07,-3.350983490690851e-08,3.397305903263259e-08,2.967387402463828e-08,-3.519146218877722e-08,0.999997615814209
4.353065605755546e-07,-1.680933614522928e-08,-1.2636955659672822e-07,0.9999985098838806,-3.2950712380852565e-08,-2.416473705579847e-07,1.4665806702396367e-07,1.508723812548851e-07
-1.625968693019786e-08,-5.283616033580074e-08,-3.6702171968272523e-08,8.65074554212697e-08,1.000002145767212,7.246533328952864e-08,-6.560593845961193e-08,5.1868610739802534e-08
-9.096379471884575e-08,9.803240885730702e-08,0.9999975562095642,-3.058463704519454e-08,2.1915693082519283e-07,-6.694138932061833e-08,-7.258048384528593e-08,6.226464677183685e-08
0.9999999403953552,-4.7048882123590374e-08,-1.489608436600065e-09,8.424220254710235e-08,1.3361447770421364e-07,-1.2777197078150948e-08,-2.133535588200175e-07,7.652502631572133e-08
