0.0656740739941597,-0.011669903062283993,-0.2879033386707306,-0.2095862329006195,0.19841276109218597,-0.0026607259642332792,0.015014066360890865,-0.8388774991035461,-0.20675873756408691,0.19212783873081207,-0.21390317380428314,-0.0021890460047870874
-0.3612600564956665,0.0858774185180664,-0.4431421756744385,-0.07737096399068832,-0.25727733969688416,0.2755998373031616,0.4035746455192566,0.10687827318906784,0.3127608299255371,0.4745732843875885,0.046324778348207474,0.1346447467803955
0.3503367304801941,-0.3429292142391205,-0.0464787632226944,-0.3576975166797638,-0.1184043437242508,0.20829235017299652,-0.07036223262548447,0.04187823832035065,0.41912245750427246,0.002317647682502866,-0.139100581407547,-0.60862797498703
0.17098358273506165,0.22754056751728058,-0.1396583616733551,-0.03947841376066208,-0.16261932253837585,-0.24719378352165222,0.40976986289024353,0.16177807748317719,-0.5606114864349365,0.12013232707977295,0.1682736724615097,-0.5091772675514221
0.11132636666297913,0.00048293001600541174,0.3814903795719147,0.5629935264587402,0.11534822732210159,0.5859788060188293,0.2639997899532318,-0.18904389441013336,-0.04253189265727997,0.15465469658374786,0.010671522468328476,-0.1927676945924759
-0.13422302901744843,-0.39392679929733276,-0.3465431332588196,0.5046205520629883,0.10416395217180252,-0.3337101638317108,-0.0629686638712883,-0.16329333186149597,0.20479556918144226,-0.04649755731225014,0.4516167938709259,-0.22620199620723724
0.08238711208105087,-0.3231804668903351,0.028556663542985916,-0.2450144737958908,0.09976311773061752,0.2879033386707306,-0.36383458971977234,0.1360635906457901,-0.3624019920825958,0.423843115568161,0.503943145275116,0.13875573873519897
0.4006917178630829,0.0076305135153234005,0.4148854911327362,-0.06704611331224442,-0.061809636652469635,-0.44478631019592285,0.26231473684310913,-0.14128509163856506,0.3272763788700104,0.41170284152030945,0.20162315666675568,0.23468321561813354
-0.34438154101371765,0.43641364574432373,0.20787574350833893,-0.32305318117141724,0.4295751452445984,0.054390933364629745,0.020107045769691467,-0.11733544617891312,0.23935626447200775,-0.10983376204967499,0.43942761421203613,-0.2815145254135132
-0.35816773772239685,-0.3101814389228821,0.1811773031949997,-0.009809838607907295,0.5000579953193665,-0.24894382059574127,0.09184589236974716,0.25163400173187256,-0.0748370811343193,0.37077149748802185,-0.43368181586265564,-0.16625665128231049
-0.4763396382331848,-0.4029026925563812,0.404855340719223,-0.20113494992256165,-0.4802597463130951,-0.0327942781150341,0.19557629525661469,-0.2599810063838959,-0.14965635538101196,-0.1915903091430664,0.08913594484329224,-0.042331937700510025
-0.20414459705352783,0.33827540278434753,0.14336831867694855,0.198835089802742,-0.3883334994316101,-0.13448336720466614,-0.5848996043205261,-0.10668741166591644,0.044719140976667404,0.4024493396282196,-0.12894976139068604,-0.28431475162506104
