-0.4794686436653137,0.0570422001183033,0.09724263101816177,-0.23909111320972443,0.026169298216700554,-0.19592534005641937,0.21626493334770203,0.6202472448348999,0.2633368670940399,-0.34286463260650635,-0.1686764359474182,0.11971969902515411
0.2725801169872284,-0.40236184000968933,-0.4564938247203827,0.08876245468854904,-0.11954662203788757,-0.0009107670048251748,0.00865422934293747,0.36009249091148376,0.3566901981830597,0.017893554642796516,0.5249809622764587,-0.018815694376826286
0.34629443287849426,0.25486937165260315,0.3450241982936859,-0.43474990129470825,0.2579118311405182,-0.30265194177627563,0.3392908275127411,0.06756248325109482,0.0017547179013490677,0.25078678131103516,0.3803033232688904,-0.14746040105819702
0.12009259313344955,-0.08377207070589066,-0.3079453408718109,-0.6254996061325073,0.12972842156887054,-0.020477350801229477,-0.3278796374797821,-0.06407660990953445,-0.36281150579452515,-0.31799784302711487,0.06041651591658592,0.3566732704639435
0.005436411593109369,-0.009806915186345577,0.07857874035835266,0.31572291254997253,-0.26927798986434937,-0.4976581633090973,0.03611929342150688,0.018080327659845352,-0.48155301809310913,-0.46734681725502014,0.2643669843673706,-0.22807468473911285
0.12435954064130783,-0.3101533055305481,0.5715845227241516,0.2715875804424286,0.24864286184310913,0.2688787281513214,-0.05271567031741142,0.20650331676006317,-0.16119077801704407,-0.09791569411754608,0.1953440010547638,0.4843544661998749
0.23985706269741058,-0.42828649282455444,-0.18886083364486694,0.07149674743413925,0.26176008582115173,-0.26063400506973267,0.26349109411239624,0.24210411310195923,-0.3262413442134857,0.2514289915561676,-0.5294684767723083,-0.06148715689778328
0.2876806855201721,0.4980604946613312,-0.26476454734802246,0.12881556153297424,-0.16732224822044373,0.41905298829078674,0.4494374692440033,0.2381695806980133,-0.25387606024742126,-0.12810136377811432,-0.044005025178194046,0.19328716397285461
-0.33732426166534424,0.004878989886492491,-0.023682070896029472,-0.08757135272026062,0.1372690349817276,0.37955933809280396,-0.2237197756767273,0.3734663426876068,-0.43070700764656067,0.2487190067768097,0.21950924396514893,-0.47955137491226196
0.24389994144439697,0.40214142203330994,0.029410742223262787,0.16846191883087158,-0.11428405344486237,-0.3002539575099945,-0.6007528901100159,0.3998764753341675,0.029788773506879807,0.2748076617717743,-0.13557958602905273,0.17534464597702026
0.48200610280036926,-0.08668089658021927,0.26036760210990906,-0.15814468264579773,-0.07600057125091553,0.2625367045402527,-0.18892815709114075,0.12478668242692947,0.19119779765605927,-0.4298653304576874,-0.2954384982585907,-0.4824576675891876
0.008727469481527805,0.25658151507377625,-0.2457944005727768,0.3138381838798523,0.7957062125205994,-0.05435856431722641,-0.09153978526592255,-0.0607980415225029,0.14169533550739288,-0.2971827983856201,0.05909103900194168,-0.12294954806566238
