-1.7283865361150674e-07,-8.813114504846453e-08,-4.419176136138958e-09,6.641161576226295e-08,2.6519696660898262e-08,3.9317701094887525e-08,1.5081398885286035e-07,6.757925063993753e-08,-9.981728510410903e-08,-3.3676158750495233e-07,1.0000011920928955,2.794627107505221e-08,-5.458168317318268e-08,6.761457616022426e-09,-6.57810872439768e-08,-4.4671978116639366e-08
-1.3626709538527848e-08,8.83810855611955e-08,-1.5793378338457842e-07,2.2023925794201205e-07,-1.9479155355384137e-07,1.0000016689300537,-7.120567602214578e-08,3.6240123790776124e-07,-1.1914021769143801e-07,3.0781650561806373e-09,-4.947191811766061e-08,4.454388857766389e-08,-5.687203596949075e-08,-1.0817954176900457e-07,2.214916605680628e-08,-5.982220585565301e-08
3.9888573155622e-07,2.9960494885017397e-07,4.593162827859487e-08,-3.0305496778737506e-08,1.2821948303098907e-07,-2.1693428209346166e-07,1.8243460431222047e-07,1.9905935744191083e-07,1.893359922178206e-07,-3.3152556255799936e-08,9.602407402553581e-08,-7.107217925295117e-08,1.9101491943729343e-07,1.0,1.856364235663932e-07,-3.609964949191635e-08
-1.6943241121225583e-07,7.288845438324643e-08,-1.2805104177004978e-07,1.320075142530186e-07,-7.697727966160528e-08,1.63167158007127e-07,3.1236165654036085e-08,1.4703418571571092e-07,1.1241570518905064e-07,5.993742036025651e-08,-1.288047855041441e-07,-2.3188087538983382e-07,8.987287714035119e-08,-1.1642091379826525e-07,1.0000017881393433,-1.1971476965300099e-07
5.7282418808313196e-09,1.773880171640485e-07,8.051802069530822e-08,0.9999982118606567,2.7877953812094347e-07,-6.984706146795361e-08,6.821268527801294e-08,2.0197207462047118e-08,6.756753379022484e-08,7.189026263176856e-08,-7.408943503151022e-08,-8.689919894777631e-09,1.35647155730112e-07,-5.742904818362149e-08,6.760507176295505e-08,-9.783192211898495e-08
7.626066178545443e-08,6.499881521904172e-08,1.7671715113465325e-07,-6.066110103120081e-08,1.1251698595060589e-07,8.193868694661433e-08,-2.566579553331394e-07,1.0000017881393433,-2.9815847568670506e-08,3.9574692323185445e-07,2.751360739239317e-07,-1.8235103027564037e-07,7.405242996583183e-08,1.4564211880951916e-07,-2.3105894797481596e-07,1.093383605876852e-08
7.725618900167319e-08,-6.80910261507961e-08,7.472298335642336e-08,-2.456709466969187e-07,-2.1461167420966376e-07,-8.266843565252202e-08,1.5156796706605746e-08,-4.994101345801027e-07,9.551639124083522e-08,-2.47435224309811e-07,2.2647478203907667e-07,1.0000011920928955,-8.655385386191483e-08,-7.29835960555647e-08,6.188844281496131e-08,1.6135977887188346e-07
2.773641760711598e-09,5.374541700575719e-08,1.2008908534255625e-08,-2.4295175649058365e-08,-1.5248899387643178e-07,-2.1267581473694008e-08,-2.7139623881566877e-08,1.5542480014119064e-07,-5.6748991283939176e-08,-7.519357581031727e-08,6.658932960590391e-08,1.0561079477611202e-07,6.814744324401545e-09,1.450111568601642e-07,2.6964312382915523e-07,0.9999991655349731
-8.379568328109599e-08,9.301736270117544e-08,0.9999977350234985,-1.8877718832577273e-10,5.892398124984766e-09,1.0761240076817558e-07,-1.6535797442429612e-07,6.38150243759128e-09,-1.677154273238557e-07,9.378913645718967e-09,-8.661588424274669e-08,8.638796344939692e-09,-1.7636074289839598e-07,3.2016785667110526e-08,1.7363875315368205e-07,-1.7473817592872365e-07
-2.8279941943765152e-08,-4.748283188860114e-08,1.298012790584835e-07,-6.83772611864697e-08,-2.21541299083583e-07,-1.2634940560474206e-07,-6.470267521763162e-08,1.7171257127301942e-07,-1.9638821679990315e-09,1.0000017881393433,8.115665472985256e-09,-1.0188322363546831e-07,1.296924807547839e-07,1.1818746514791201e-07,-6.30497893894244e-08,2.5294044192492038e-08
0.9999995827674866,1.446256447934502e-07,-3.998066233634745e-07,1.6654009016292548e-07,-2.7940768632106483e-07,2.956207012516643e-08,7.032536331053052e-08,6.957292697507e-08,8.352658653620892e-08,-1.4809859294473426e-07,-1.602069232831127e-07,-3.1003164480125633e-08,-4.6180588242350495e-08,-1.1727621540558175e-07,-1.6019657778088003e-07,3.8368901300600555e-07
2.9729017114732414e-07,-4.3919163772443426e-07,-1.3820716127099786e-08,-7.30552898176029e-08,9.648414334151312e-08,-2.940893750746909e-08,1.000000238418579,-3.5859969216289755e-08,-3.5122241115459474e-08,-9.301594161570392e-08,1.8704372450883966e-07,-2.1382899006994194e-08,-4.241404738536403e-08,-3.7157188437220157e-09,5.477925313357446e-08,2.5472941089788037e-08
-1.9072319901169976e-07,1.0000005960464478,-9.22889284993289e-08,2.0519438237442955e-07,-1.78029381459055e-07,6.798514107231313e-08,1.7240847682842286e-07,6.050418477343555e-08,-5.249821199981852e-08,-8.122515993136403e-08,2.8363043469425975e-08,-7.671327040270626e-08,3.5173712831237935e-08,-3.690169236847396e-08,-1.0603764621919254e-07,7.15128720685243e-08
-1.0787998405703547e-07,-2.5537731929148322e-08,-3.934801284799505e-08,-4.636346417896675e-08,-7.573274984906675e-08,-1.9303989517993614e-08,-5.181360620554187e-07,-2.339144344887245e-07,1.0000001192092896,-4.020070321075764e-08,1.0236959724352346e-08,-3.267627164404985e-07,9.891658692140481e-08,-5.4523678016948907e-08,-1.3548604727020575e-07,-2.878326483823912e-07
-2.651647790230527e-09,-9.259028388441948e-08,-6.882741132585579e-08,1.415145334249246e-07,-1.6675815572853026e-07,1.466904393510049e-07,-3.386694658047418e-08,2.4792433350739884e-07,1.059781098433632e-07,6.06679080306094e-08,1.2760135170708509e-08,1.890330310061472e-07,0.9999991655349731,9.591107641426788e-08,-7.69173311709892e-08,1.4771332246255042e-07
-8.11150115964665e-08,-2.3350379763087403e-07,2.054380416893764e-07,1.1489830598065964e-07,0.999997615814209,-1.7314994238404324e-07,-1.7988716649597336e-07,2.541520593979385e-08,-1.3484770988725359e-07,-2.169178685562656e-07,-3.9310123156610643e-08,-4.155214128331863e-08,-1.740158239726952e-08,1.1105228736596473e-07,-3.231295053751637e-08,-1.1938806387945533e-08
