-0.09065236896276474,-0.1543148308992386,0.07112564146518707,0.11067128926515579,0.4095250368118286,-0.013124505989253521,-0.11257445067167282,-0.1112126037478447,-0.3517870604991913,-0.32922568917274475,-0.296586275100708,-0.11576016247272491,0.1642731875181198,-0.12631431221961975,-0.5108906030654907,-0.3468129634857178
0.12226895242929459,-0.04721645265817642,0.4884219765663147,-0.14329984784126282,-0.017217570915818214,-0.09675835818052292,0.06958576291799545,0.07608739286661148,0.6761277914047241,0.035612598061561584,-0.13477720320224762,0.2096293717622757,-0.08507594466209412,-0.16286101937294006,-0.2733449339866638,-0.272827684879303
-0.0548713356256485,-0.3019346296787262,-0.2558484971523285,-0.12392658740282059,0.2128894329071045,-0.165069118142128,-0.27173277735710144,0.34269657731056213,0.2784377932548523,-0.16233865916728973,0.04422476142644882,-0.4578556418418884,-0.2636141777038574,0.19398093223571777,0.2463284581899643,-0.2790890634059906
0.2017129808664322,0.08105771243572235,-0.1570807695388794,-0.11613528430461884,-0.07319026440382004,-0.2553670108318329,0.0016129266005009413,0.17493490874767303,-0.1688351035118103,-0.2929382920265198,-0.49881917238235474,0.3734646737575531,-0.5128356218338013,0.06614010035991669,-0.01037684641778469,0.2081015557050705
-0.15505768358707428,0.39715781807899475,-0.08293641358613968,0.006884858477860689,-0.3795009255409241,0.17212705314159393,-0.13980935513973236,-0.15889623761177063,0.17465385794639587,-0.01480690948665142,-0.23328520357608795,-0.328083336353302,-0.05695575848221779,0.5047876238822937,-0.3763255476951599,-0.0198567695915699
-0.17446713149547577,0.5122281312942505,0.2885298728942871,-0.526529848575592,0.31752341985702515,-0.13444967567920685,0.11099429428577423,-0.11731336265802383,-0.16441349685192108,-0.08836296200752258,0.051196541637182236,-0.0015572947449982166,0.01128572691231966,0.17245393991470337,0.30313238501548767,-0.20616041123867035
0.7795159220695496,0.22822493314743042,0.141104057431221,0.04245604947209358,0.04949622601270676,0.16804306209087372,-0.08369612693786621,0.3048902451992035,-0.0513024777173996,-0.235097736120224,0.09197337925434113,-0.16242246329784393,0.27934253215789795,0.12331369519233704,0.0095619922503829,0.04275643825531006
-0.15886028110980988,-0.17215508222579956,0.06859564036130905,-0.19613513350486755,-0.3390338718891144,-0.48052170872688293,-0.35231348872184753,0.1035303995013237,-0.038673244416713715,-0.24525238573551178,0.15684422850608826,0.2291717529296875,0.4861440360546112,0.1797572821378708,-0.06848008185625076,0.09570950269699097
0.135152667760849,-0.01950279250741005,0.016952678561210632,-0.09811025857925415,-0.566088080406189,0.08628326654434204,-0.130436509847641,-0.031860921531915665,-0.2873902916908264,0.09878955036401749,-0.14514179527759552,-0.04513652250170708,-0.048059649765491486,-0.28541019558906555,0.23899251222610474,-0.6075940728187561
0.06991395354270935,0.13697341084480286,-0.15874996781349182,-0.0011562756262719631,0.2784324884414673,0.23503835499286652,-0.7092893719673157,-0.08869635313749313,0.061699748039245605,0.3117476999759674,0.022496933117508888,0.434364378452301,-0.02939521335065365,0.07073567062616348,0.0070839147083461285,-0.10645686089992523
-0.052011940628290176,-0.40446820855140686,0.4810508191585541,0.12054018676280975,-0.0024408320896327496,0.2110797017812729,0.076888307929039,0.17335163056850433,-0.2663807272911072,0.19941926002502441,-0.07585509866476059,0.13865430653095245,-0.10753392428159714,0.5893333554267883,0.09281548112630844,-0.06355345994234085
0.06850443035364151,0.024204980581998825,-0.46678176522254944,-0.2025604099035263,0.07743131369352341,-0.10095396637916565,0.39806392788887024,0.34328240156173706,-0.025850443169474602,0.4027840793132782,-0.07738789170980453,0.1788841038942337,0.2785695791244507,0.18667903542518616,-0.2337016761302948,-0.27452409267425537
-0.3743089735507965,0.05666763707995415,0.0763857290148735,-0.2817878723144531,-0.05623054876923561,0.5020224452018738,-0.09463512152433395,0.5765550136566162,-0.030100317671895027,-0.08919668942689896,-0.14965921640396118,-0.018158400431275368,0.10411257296800613,-0.28502538800239563,-0.041586197912693024,0.2224443107843399
-0.14831802248954773,0.16378794610500336,0.012780257500708103,0.46079254150390625,0.08558209985494614,-0.1024513691663742,0.016743624582886696,0.06892400979995728,0.2077215164899826,-0.007428525947034359,-0.5529875755310059,0.029097527265548706,0.3920707404613495,0.022206289693713188,0.4580220878124237,-0.044598862528800964
-0.22195392847061157,0.2775247395038605,-0.0675884261727333,0.4435063600540161,-0.06460665166378021,0.07480554282665253,0.1252061277627945,0.2606971263885498,0.021193495020270348,-0.3750596046447754,0.4330374002456665,0.3228118121623993,-0.16665008664131165,0.07089380919933319,-0.03717654198408127,-0.3346860110759735
0.06201235577464104,-0.28983911871910095,-0.257214218378067,-0.2592304050922394,-0.020937016233801842,0.4534370005130768,0.1904342919588089,-0.3594517111778259,0.22106719017028809,-0.44395729899406433,-0.062957264482975,0.24430875480175018,0.17571312189102173,0.1675184816122055,0.17861083149909973,-0.08254581689834595
