-0.5541194081306458,0.5196369290351868,-0.12576185166835785,0.29202964901924133,0.1607006937265396,-0.22466745972633362,0.14343148469924927,-0.35028713941574097,0.13931646943092346,0.2284032553434372,-0.004929287824779749,0.17508676648139954
0.34654831886291504,0.45010900497436523,-0.5334648489952087,-0.07626250386238098,-0.20547975599765778,0.03318655118346214,0.11212379485368729,0.3659123182296753,-0.10102026164531708,0.03239765018224716,-0.13099341094493866,0.4107376039028168
-0.12877494096755981,0.08790078014135361,0.0005249325768090785,0.12195885926485062,-0.6470507979393005,0.24271546304225922,-0.35494372248649597,-0.2474195510149002,0.1115509420633316,-0.12173023074865341,-0.5056090950965881,-0.11456310749053955
-0.2440309375524521,-0.12513935565948486,0.004123816732317209,0.4072967767715454,0.060670096427202225,-0.0030251259449869394,0.1678571254014969,0.6485232710838318,-0.02073003351688385,0.2626763880252838,-0.3724093735218048,-0.3135512173175812
0.16344089806079865,-0.26442426443099976,0.030667880550026894,-0.04950512945652008,0.07213252782821655,-0.12214987725019455,-0.19793687760829926,-0.2502410113811493,-0.39378589391708374,0.6828452348709106,-0.29908812046051025,0.2593359053134918
-0.30925148725509644,-0.024231232702732086,0.030108528211712837,-0.5456663966178894,0.11504469066858292,0.01137088518589735,0.4399030804634094,-0.06828000396490097,-0.29943692684173584,-0.2730076014995575,-0.47860264778137207,0.017893701791763306
0.16596494615077972,-0.3696098327636719,-0.3279714286327362,-0.09909646958112717,0.030631186440587044,-0.25138863921165466,0.23575377464294434,-0.1539967656135559,0.7115353941917419,0.08308497071266174,-0.24799787998199463,0.01846802607178688
-0.08127899467945099,-0.3628820478916168,-0.15819917619228363,0.34135955572128296,-0.32098907232284546,0.37234261631965637,0.5471634268760681,-0.20054572820663452,-0.19406510889530182,0.021148519590497017,0.2515588700771332,0.1936148852109909
0.16266368329524994,0.1697690635919571,-0.45610836148262024,-0.10174626857042313,0.046853434294462204,0.08858518302440643,0.08546460419893265,-0.25748372077941895,-0.1998969167470932,0.18969540297985077,0.09118469059467316,-0.7472790479660034
0.31273722648620605,0.3535313904285431,0.5272285342216492,-0.10226184129714966,0.0030829417519271374,0.39601781964302063,0.35955002903938293,-0.04891036078333855,0.28096023201942444,0.33183202147483826,-0.08978210389614105,-0.05624824017286301
-0.08859337866306305,0.03793221712112427,0.20197199285030365,-0.24915073812007904,-0.6187669634819031,-0.5647807717323303,0.198859304189682,0.12887677550315857,-0.04462303966283798,0.21357595920562744,0.255558043718338,-0.13009288907051086
-0.4561880826950073,-0.09972353279590607,-0.19582267105579376,-0.4676559865474701,-0.04591933637857437,0.4347003400325775,-0.22114768624305725,0.21234729886054993,0.21897800266742706,0.35084810853004456,0.2519969344139099,0.07266763597726822
