0.3391302525997162,0.6953924298286438,-0.4043007791042328,-0.17030416429042816,-0.037843797355890274,-0.18164098262786865,-0.20555612444877625,0.16764719784259796,0.2938656210899353,0.13348270952701569
0.00634407252073288,0.11997634172439575,0.01670791022479534,0.22812508046627045,-0.27060750126838684,0.6668305397033691,-0.32520338892936707,-0.05149073526263237,-0.19274935126304626,0.5194174647331238
0.051386378705501556,-0.17452198266983032,-0.12073925137519836,0.003902419935911894,-0.14136278629302979,-0.3186628818511963,-0.6310963034629822,0.3019542396068573,-0.5515794157981873,-0.19256804883480072
0.40427887439727783,-0.24181006848812103,0.3319863975048065,-0.24489110708236694,0.1659591943025589,0.11622008681297302,-0.5282388925552368,-0.33670833706855774,0.3962459862232208,-0.13201341032981873
-0.25557780265808105,0.4166344404220581,0.17387069761753082,0.13131418824195862,0.7106224298477173,-0.0581853874027729,-0.18141765892505646,-0.2835487425327301,-0.3011767864227295,0.03508656099438667
-0.2768078148365021,-0.266433984041214,-0.7364766597747803,-0.023237191140651703,0.028749192133545876,-0.026944143697619438,-0.14469723403453827,-0.5263540148735046,0.0913732722401619,0.03952253237366676
0.38364896178245544,-0.22730271518230438,-0.15665273368358612,0.7840420603752136,0.29011696577072144,-0.11518223583698273,0.011963694356381893,0.15424945950508118,0.1769387274980545,0.09596759080886841
0.014717785641551018,0.2802523672580719,-0.09370661526918411,0.29806676506996155,-0.17448879778385162,0.38037481904029846,-0.016597282141447067,-0.11705955862998962,-0.006722230464220047,-0.7965309619903564
0.3989325165748596,0.14134067296981812,0.15152743458747864,0.13974027335643768,-0.3671754002571106,-0.3494702875614166,0.19417239725589752,-0.6053351759910583,-0.3296833038330078,0.09281177818775177
0.5199761390686035,-0.13546235859394073,-0.28732770681381226,-0.3436477780342102,0.35009849071502686,0.3508545756340027,0.2875753343105316,0.057592570781707764,-0.41969063878059387,-0.052906885743141174
