0.2808535099029541,-0.19576631486415863,-0.031089214608073235,-0.5330475568771362,-0.3226260840892792,-0.6915006637573242,0.06337115168571472,-0.10684125870466232
-0.11524831503629684,-0.09227506816387177,0.4598853588104248,-0.3164360523223877,0.5229824781417847,0.018978415057063103,0.6263593435287476,-0.019504711031913757
0.3399997651576996,-0.4736684560775757,-0.6228540539741516,-0.042158082127571106,0.3668827414512634,0.12351978570222855,0.12875306606292725,0.32229921221733093
-0.707341194152832,0.01577366515994072,-0.39553767442703247,0.10472743958234787,0.2976301312446594,-0.4757409691810608,-0.022608667612075806,-0.12876112759113312
0.31080618500709534,0.7212834358215332,-0.2533174157142639,0.2136598527431488,0.026297690346837044,-0.22554327547550201,0.4468799829483032,0.1485462188720703
-0.33838409185409546,-0.10227418690919876,-0.30205419659614563,-0.14783550798892975,-0.5805458426475525,0.3529423773288727,0.5410864949226379,-0.08697191625833511
0.27884605526924133,-0.22716425359249115,-0.048875004053115845,0.4237154722213745,0.06770686060190201,-0.0369400680065155,0.18731234967708588,-0.8047864437103271
0.05519845336675644,0.38240963220596313,-0.2921440899372101,-0.5966087579727173,0.23854763805866241,0.32105910778045654,-0.24290989339351654,-0.43638983368873596
