0.34799259901046753,0.07729357481002808,-0.0630255937576294,0.3969530761241913,-0.14620359241962433,0.4361903965473175,-0.4619811475276947,0.257428914308548,-0.42262521386146545,0.2035605013370514
0.403601735830307,0.017419785261154175,-0.2489890605211258,0.5872279405593872,0.42741769552230835,-0.38501641154289246,0.2048111855983734,0.11557020246982574,0.16144517064094543,-0.13295184075832367
-0.1506776660680771,0.1915329098701477,0.14334580302238464,-0.18122144043445587,0.24510568380355835,-0.3955169916152954,-0.4552960991859436,0.2431301474571228,-0.37512925267219543,-0.5134023427963257
-0.14616723358631134,-0.17630358040332794,0.7539604902267456,0.43245524168014526,-0.286435604095459,-0.07609246671199799,0.12703141570091248,0.24548329412937164,0.11341415345668793,-0.12241031974554062
-0.004353550728410482,0.5478671193122864,0.43984824419021606,0.10542438924312592,0.4405100643634796,0.14537334442138672,-0.12699547410011292,-0.4557192921638489,0.09383789449930191,0.21782058477401733
-0.04433019086718559,-0.44195884466171265,0.014745503664016724,-0.03652231767773628,0.33567750453948975,0.27979275584220886,-0.5077136754989624,0.09310851246118546,0.5747601389884949,-0.115769162774086
-0.11311487853527069,0.532841145992279,-0.09467843174934387,-0.09679208695888519,0.052202850580215454,0.37984704971313477,0.26539620757102966,0.5936033725738525,0.2822013199329376,-0.18843796849250793
0.4736901819705963,-0.166385680437088,0.18981347978115082,-0.17152170836925507,0.08606355637311935,0.4004734754562378,0.27968764305114746,-0.24553914368152618,-0.18343529105186462,-0.5852653384208679
0.657491147518158,0.14882901310920715,0.229821115732193,-0.4023362100124359,-0.23761269450187683,-0.30658048391342163,-0.15728062391281128,0.17282147705554962,0.2945704162120819,0.19757111370563507
0.021902363747358322,-0.3109937012195587,0.23137706518173218,-0.2542083263397217,0.5296183228492737,0.03470930829644203,0.271840900182724,0.37699994444847107,-0.32019564509391785,0.429410457611084
