-8.141610408074484e-08,-6.528469498334744e-08,-7.583498273788791e-08,-7.670044510632579e-08,1.9574422083223908e-07,4.6408679565956845e-08,0.9999995827674866,8.712257226761722e-08
-1.4963498529141361e-07,1.2198097465443425e-07,2.697179866117949e-07,1.000001311302185,-4.1734555367156645e-08,1.6961810445081937e-07,-3.893362077178608e-08,-1.502109214790437e-09
1.0000020265579224,-6.292571441690598e-08,-1.1832650415044554e-07,-7.560522874427988e-08,1.0192803046038534e-07,-2.2115993658644584e-07,-1.2546864525120327e-07,4.533539765816386e-09
8.951157326464454e-08,7.630548282122618e-08,-9.655870059077643e-08,4.547334242488432e-08,1.000001311302185,1.1661113319405558e-07,8.596125411486355e-08,1.1350302742130225e-07
4.2751295836751524e-08,-9.338771889133568e-08,-1.6532483471110027e-07,1.9024851383164787e-07,9.778466392162954e-08,-4.3558483042716034e-08,-1.1913358832771337e-07,1.0000017881393433
-1.7499479554317077e-07,0.9999991655349731,1.6481173759075318e-08,-2.127060128032099e-07,-1.705377705718547e-08,-1.7530904017348803e-07,-2.6774708317134355e-07,2.2287654388719602e-08
5.56350343572376e-08,-1.93638129530882e-07,4.2674635380990367e-08,1.4131572356745892e-07,-5.964133009683792e-08,0.9999998807907104,2.9322769989903463e-08,-2.185775471730267e-08
3.095265199704045e-08,3.2287175599776674e-08,0.9999983906745911,-2.4992453973027295e-07,2.2395077792225493e-07,1.6520968415534298e-07,6.494320103911377e-08,-1.1557548162954845e-07
