3.6655492863246764e-08,-5.5559823408657394e-08,-3.042269369757378e-08,1.375134104364406e-07,2.0444595349999872e-08,-3.285429670540907e-07,1.799030968641091e-07,1.0000016689300537
-8.218015068450768e-08,-1.9024626851660287e-07,2.414982134268939e-07,0.9999982714653015,1.3944867305326625e-07,7.635267706973536e-08,3.767670975207693e-08,1.2214584899084002e-07
8.084654723461426e-08,2.556352995952693e-08,1.1541953881533118e-07,3.4472204646363025e-08,0.9999992847442627,-1.12266192786592e-07,-9.24928968970562e-08,6.621772286052874e-08
7.83946507709743e-09,-4.5357487010733166e-07,0.9999986886978149,7.979515004308269e-08,5.991537221916587e-08,5.2952994877841775e-08,3.706896336552745e-07,-1.5498723371365486e-07
-5.301605909835416e-08,-4.191259961316973e-08,1.2359952172857902e-08,-1.4770550649245706e-07,-1.3353356109746528e-07,1.0000027418136597,6.770654437104895e-08,5.764997013102402e-08
-1.4236242407150712e-07,-8.213592650463397e-08,-1.9434104103766003e-07,1.9860682698435994e-07,-2.7702492744197116e-08,-7.052526029838191e-08,0.9999983906745911,1.0016394469403167e-07
1.0000005960464478,7.43542898362648e-08,3.7159768595529385e-09,9.380943311043666e-08,-6.329646851099824e-08,-2.258067013372056e-07,1.4203321541117475e-07,-9.307391302115775e-09
-1.6373816436043853e-07,0.9999988079071045,4.0817248248004034e-08,1.2358532863743221e-08,-1.3926926101248682e-07,1.9218938973608601e-07,1.7817365005612373e-07,-1.1689744638943012e-07
