0.9999986886978149,1.6118602008674543e-09,-2.478749365764088e-07,2.4765698825035543e-08,-2.3609890931197697e-08,-2.01997494286843e-07,9.752061913559373e-08,-3.090843136988042e-08
-9.25988601352401e-08,2.425025869001729e-08,3.727906516814983e-07,-1.2978590291368164e-07,0.9999985694885254,3.1673064171400256e-08,-1.9137915785449877e-07,2.6323258239813185e-08
6.18187954160021e-08,-1.5245426254750782e-07,9.834767666916377e-09,-1.0418004592338548e-07,3.6631112720897363e-07,1.112301006855887e-08,5.012409687310537e-08,0.9999983906745911
-1.1205392524971103e-07,0.9999977350234985,-6.768891580577474e-08,-1.6139966874106904e-07,2.6484089588052484e-08,-6.021446807835673e-08,-5.4201731103376005e-08,-7.4480324130377085e-09
-2.2235465735320759e-07,2.6819719778359286e-07,1.0000017881393433,1.9083077518189384e-07,6.460115997697358e-08,-1.0170694508815359e-07,-1.3904487339289062e-08,-1.8616315600183952e-08
3.388898406342378e-08,2.30529977329752e-07,8.919386829120413e-08,0.9999977946281433,1.1925838805382227e-07,-1.019650071043543e-07,-3.167121462865907e-07,6.752726733338932e-08
-3.9266399909365646e-08,-1.5022096988559497e-07,2.579571400929126e-07,-4.346660986698225e-08,-1.257121056141841e-07,-1.1439176006433627e-07,1.0000019073486328,-1.2979834984605532e-08
1.2375244295981247e-07,3.04683567264874e-08,6.22294464847073e-08,1.2048273489995154e-08,2.3842371632554205e-08,0.9999976754188538,-1.7780898531327693e-08,9.522494082148114e-08
