-0.2312265783548355,-0.7102506756782532,0.10458587110042572,0.12704992294311523,-0.1683567464351654,-0.14606130123138428,-0.15488389134407043,-0.13224491477012634,-0.017666121944785118,-0.4052509665489197,0.3991210162639618,0.0022182012908160686
-0.18474292755126953,-0.20278477668762207,-0.18017512559890747,0.08511864393949509,0.044813670217990875,-0.081946462392807,0.018797095865011215,0.08073239773511887,-0.41835448145866394,0.10426270216703415,-0.3332628607749939,-0.7566313147544861
0.30303505063056946,-0.2260723114013672,-0.30349183082580566,0.14018167555332184,-0.47051578760147095,0.20391719043254852,-0.0723366066813469,-0.027694983407855034,-0.49406546354293823,0.1825323849916458,-0.19170497357845306,0.4027006924152374
-0.2651570737361908,0.22495654225349426,0.49261564016342163,0.3590008318424225,-0.21483658254146576,-0.1374582201242447,0.22692319750785828,-0.29037296772003174,-0.2807137668132782,0.4048546850681305,0.2528857886791229,0.003965402953326702
-0.30475175380706787,0.16601410508155823,-0.32685691118240356,0.374172180891037,-0.37550440430641174,0.37169668078422546,-0.21919140219688416,-0.20795845985412598,0.4760061800479889,0.030321242287755013,-0.03805018216371536,-0.18254293501377106
-0.3531346917152405,-0.15504595637321472,-0.36355993151664734,-0.09401099383831024,-0.08513003587722778,-0.6222413778305054,0.20217207074165344,0.0461735762655735,0.2497909665107727,0.3283638060092926,-0.18216928839683533,0.26344457268714905
0.27300530672073364,-0.11818046867847443,-0.1870134472846985,-0.2238536924123764,0.26818016171455383,-0.06533460319042206,-0.2780056595802307,-0.7078613042831421,0.03347453847527504,0.3533492684364319,0.17584280669689178,-0.12237904965877533
0.2972085475921631,-0.18621671199798584,0.44795581698417664,-0.34014415740966797,-0.5417892336845398,-0.07502329349517822,-0.014729241840541363,0.01524595357477665,0.3374522924423218,0.1545332670211792,-0.25175392627716064,-0.24470169842243195
0.2293190360069275,0.43474462628364563,-0.2901408076286316,-0.10184995085000992,-0.3875155448913574,-0.43584954738616943,-0.108278788626194,0.07287971675395966,-0.1440933495759964,-0.24737228453159332,0.417809396982193,-0.22397805750370026
-0.4195285439491272,0.19874483346939087,0.02615060657262802,-0.5098535418510437,-0.16739653050899506,0.10531836003065109,0.09213600307703018,-0.43729910254478455,-0.2348477840423584,-0.3783685564994812,-0.27036362886428833,0.1166890561580658
0.28737303614616394,0.0861249566078186,0.11865813285112381,0.49164655804634094,0.09272217005491257,-0.38319164514541626,-0.03130228444933891,-0.3277077078819275,0.07393930107355118,-0.38765767216682434,-0.48038163781166077,0.06233882158994675
-0.24217340350151062,0.12863051891326904,0.21960681676864624,-0.037266768515110016,0.04017595574259758,-0.16835708916187286,-0.8551695942878723,0.20074447989463806,-0.12810547649860382,0.12475114315748215,-0.1468815952539444,0.14167426526546478
