0.3724672496318817,-0.3639582097530365,-0.18033652007579803,-0.35568884015083313,0.012803505174815655,-0.05795348435640335,-0.6265394687652588,-0.41676416993141174
-0.2724940776824951,0.09386489540338516,0.22404073178768158,0.5580971240997314,0.17951351404190063,-0.2689172625541687,-0.6579897403717041,0.133335679769516
-0.43017643690109253,-0.037423767149448395,-0.035131581127643585,-0.42045971751213074,-0.4898640811443329,0.24434907734394073,-0.3332030177116394,0.47416189312934875
-0.367073655128479,0.18137162923812866,-0.5811372399330139,-0.13022105395793915,-0.08220936357975006,-0.6615052819252014,0.08471530675888062,-0.1617460548877716
-0.2684212028980255,0.5395238399505615,-0.018322492018342018,0.05078322812914848,-0.13871647417545319,0.4567872881889343,-0.12614217400550842,-0.6246122717857361
-0.37608054280281067,-0.30337047576904297,-0.4315849244594574,0.013472886756062508,0.6409858465194702,0.40574589371681213,-0.00027554272674024105,0.06775936484336853
-0.008405833505094051,0.44998878240585327,0.34023505449295044,-0.5885494947433472,0.5387497544288635,-0.16007977724075317,-0.08018173277378082,0.11394550651311874
0.503648579120636,0.48869210481643677,-0.5253294110298157,0.13826924562454224,0.0230289064347744,0.16769306361675262,-0.1842728853225708,0.38706690073013306
