-0.2648066580295563,-0.30404120683670044,0.018757246434688568,-0.3613598942756653,0.32229599356651306,0.21429798007011414,-0.2604905664920807,0.6991784572601318
0.5708843469619751,-0.14569368958473206,-0.6628589630126953,-0.16236162185668945,0.2856283187866211,-0.3084903955459595,0.06868363171815872,0.07520532608032227
-0.4454047977924347,0.4028480350971222,-0.423128604888916,0.3994376063346863,0.019797593355178833,-0.3418916165828705,-0.391316682100296,0.1741558164358139
-0.5112287998199463,-0.15629605948925018,-0.11671663820743561,0.029841845855116844,0.2964768409729004,-0.20354847609996796,0.754356861114502,-0.036263350397348404
-0.21573200821876526,-0.39968225359916687,-0.5609458088874817,0.08129329234361649,-0.42335230112075806,0.5139569640159607,-0.022079171612858772,-0.1690489649772644
0.10527385026216507,0.6948542594909668,-0.1913585364818573,-0.1928451657295227,-0.12832961976528168,0.42059552669525146,0.372475266456604,0.3165130913257599
-0.04400230944156647,0.16637688875198364,-0.06864915043115616,0.07829795032739639,0.7175540924072266,0.4605308473110199,-0.18816065788269043,-0.4440292418003082
0.2909800708293915,-0.17136718332767487,0.10777392238378525,0.7954177856445312,0.12517917156219482,0.21782302856445312,0.1749679297208786,0.38461557030677795
