-0.5312577486038208,-0.13314440846443176,-0.09892262518405914,-0.4616663455963135,0.014613788574934006,0.2645609676837921,-0.04742952436208725,0.6240363717079163,-0.09694678336381912,-0.07643307745456696
-0.1289927214384079,0.04072452336549759,0.9299618005752563,-0.03590274602174759,0.14885494112968445,-0.2409762293100357,-0.14636656641960144,0.10379107296466827,0.019170012325048447,-0.05283447727560997
0.29600590467453003,-0.21981483697891235,0.04155648872256279,0.1722482591867447,0.0015442356234416366,-0.03988577052950859,0.08461418002843857,0.20057594776153564,-0.8518512845039368,-0.2408989816904068
0.0026458431966602802,0.2346930205821991,-0.21477475762367249,-0.4522312581539154,0.5183854699134827,-0.37284642457962036,-0.32154935598373413,-0.21148556470870972,-0.29059600830078125,0.23230741918087006
-0.08342301845550537,-0.43566322326660156,0.01237623579800129,0.2668434977531433,0.5461953282356262,0.48098915815353394,-0.3743394911289215,-0.21407823264598846,0.060576070100069046,-0.11210926622152328
-0.09004683047533035,-0.5615993142127991,-0.016876667737960815,0.16377830505371094,0.08581144362688065,-0.3057096004486084,0.2324342578649521,0.1552891731262207,0.026221424341201782,0.6853765249252319
-0.17892052233219147,0.605777382850647,0.03006579913198948,0.44546380639076233,0.2598801255226135,0.3026517927646637,0.16145996749401093,0.20678825676441193,-0.18195946514606476,0.37497177720069885
-0.25880321860313416,0.051303520798683167,-0.2699119448661804,0.49685871601104736,0.020584585145115852,-0.5303223729133606,-0.36474281549453735,0.2946754992008209,0.12824833393096924,-0.3044413626194
0.25939562916755676,0.02863967977464199,0.04747001826763153,0.014730841852724552,-0.4429253935813904,0.18342694640159607,-0.7131872773170471,0.16234782338142395,-0.06711659580469131,0.4001185894012451
-0.6573840975761414,-0.03998341038823128,0.032862789928913116,0.08854220807552338,-0.37291377782821655,-0.006355808116495609,-0.06224462389945984,-0.5375444889068604,-0.34888219833374023,0.060625988990068436
