-0.6720526814460754,-0.5747979283332825,-0.02616851031780243,-0.11983215808868408,0.2522895336151123,0.11720923334360123,-0.18231730163097382,-0.277601033449173,-0.051900096237659454,-0.10338623076677322,0.030836187303066254,0.029757428914308548
0.5043206214904785,-0.4196668565273285,0.5716478228569031,-0.03333904966711998,0.21199093759059906,-0.019795715808868408,0.06603509187698364,-0.2141173630952835,-0.12282621115446091,0.1032048910856247,0.1820264309644699,0.29536229372024536
-0.15491893887519836,0.04286246746778488,-0.22738461196422577,0.09741459041833878,0.3709551692008972,-0.47848522663116455,0.518115222454071,-0.0364113450050354,-0.2967953085899353,0.42299315333366394,-0.04024041071534157,0.08952845633029938
-0.01039669755846262,0.1754755973815918,-0.1782926470041275,-0.21960967779159546,-0.24746942520141602,-0.09249115735292435,-0.3440636396408081,-0.31179067492485046,-0.14689938724040985,0.3972577452659607,0.6513285636901855,0.008375036530196667
0.10539781302213669,-0.23079639673233032,0.11102274060249329,-0.2992700934410095,-0.03665102273225784,-0.6091803908348083,-0.12747426331043243,-0.020285947248339653,0.35657721757888794,0.04260624572634697,-0.12264711409807205,-0.5482933521270752
-0.1556728482246399,-0.04125729203224182,0.2864418029785156,-0.28877514600753784,-0.22272337973117828,0.46729913353919983,0.31119218468666077,0.08675950020551682,0.010333608835935593,0.5706104636192322,-0.1646522730588913,-0.2889096438884735
0.07469664514064789,-0.39516082406044006,-0.13239547610282898,0.6420186758041382,-0.3459739089012146,-0.058822181075811386,-0.2934587895870209,0.07983003556728363,-0.0970735102891922,0.36911433935165405,-0.21537654101848602,-0.029056603088974953
0.3003935217857361,-0.4429875314235687,-0.49759793281555176,-0.29139935970306396,0.05721514672040939,0.16545166075229645,0.10216698050498962,0.49182382225990295,-0.17490488290786743,-0.07147371768951416,0.22971980273723602,-0.09777858108282089
-0.035984694957733154,0.005134373903274536,0.09526996314525604,0.5040958523750305,0.28144678473472595,0.17407236993312836,0.20137333869934082,0.02443377487361431,0.24840719997882843,-0.04508673772215843,0.5335895419120789,-0.48617979884147644
-0.07319043576717377,-0.20069938898086548,-0.16530315577983856,0.009912192821502686,-0.36059561371803284,-0.07049725204706192,0.40414658188819885,-0.08005992323160172,0.6428334712982178,0.014395443722605705,0.1698915809392929,0.4241374135017395
0.3629501461982727,0.005424122326076031,-0.43942779302597046,-0.018639514222741127,0.2439838945865631,0.2967698574066162,0.008811349980533123,-0.6158930659294128,0.18655456602573395,0.09204015880823135,-0.28978925943374634,-0.1433142125606537
0.01887579821050167,-0.1147267147898674,0.00606484804302454,0.04686781018972397,-0.49986886978149414,-0.06871310621500015,0.4024522602558136,-0.36880743503570557,-0.4421989321708679,-0.4030458331108093,0.03459332510828972,-0.2692343294620514
