-0.16483208537101746,-0.03334592282772064,-0.324055939912796,0.09685670584440231,0.4310401380062103,-0.7767418622970581,0.20409007370471954,0.020081564784049988,-0.15681865811347961,-0.039398446679115295
-0.3200187087059021,-0.30465272068977356,-0.10745652765035629,-0.4326266646385193,-0.5283690690994263,-0.17133280634880066,0.39699792861938477,0.2314000129699707,0.29307058453559875,0.022118916735053062
0.07168404012918472,0.4365212917327881,-0.27741116285324097,-0.18480005860328674,-0.07385090738534927,0.24895349144935608,0.3894296884536743,0.3152681887149811,-0.6102014183998108,0.048745378851890564
0.46941831707954407,0.048284370452165604,0.3137088119983673,-0.49498865008354187,-0.05328533798456192,-0.2659178078174591,0.03011920675635338,-0.21040476858615875,-0.13802236318588257,-0.5441591143608093
-0.3634220063686371,-0.2280159741640091,-0.33585435152053833,-0.25413215160369873,0.24376925826072693,0.37676966190338135,0.09891704469919205,-0.5975950956344604,-0.11658956110477448,-0.2380635142326355
-0.2173348069190979,0.15302957594394684,-0.03369320183992386,0.07278897613286972,0.28807151317596436,0.20044174790382385,-0.013494905084371567,0.5046965479850769,0.32326382398605347,-0.6635904312133789
-0.23687711358070374,0.48272114992141724,0.21133089065551758,0.4241555333137512,-0.3114269971847534,-0.09803992509841919,0.4008590877056122,-0.4062727093696594,0.12072858959436417,-0.19844482839107513
-0.3146534264087677,-0.24879027903079987,0.0191047266125679,0.24625015258789062,-0.42215123772621155,-0.11604220420122147,-0.41974741220474243,0.09314628690481186,-0.5406216979026794,-0.33057403564453125
0.5512955188751221,-0.3753456175327301,-0.4350815713405609,0.43168359994888306,-0.18290255963802338,0.10170160233974457,0.27739885449409485,-0.019029129296541214,0.07581020891666412,-0.22953681647777557
0.0810675248503685,0.44942212104797363,-0.5998467206954956,-0.16586089134216309,-0.27509060502052307,-0.1381041407585144,-0.47369253635406494,-0.1282603144645691,0.25968286395072937,-0.03319438546895981
