6.292187038070551e-08,1.0397583594112803e-07,-6.103982030936095e-08,-1.201274102413663e-08,-6.817249698087835e-08,1.7242288663510408e-07,0.9999990463256836,-1.9263352157850022e-07
1.0393418392595777e-07,-2.3293124229439854e-07,8.327908318506161e-08,-2.817445476921421e-07,1.3547419541737327e-07,3.672146320354841e-08,-3.754150412760282e-08,1.0000020265579224
-7.573867577548299e-08,0.999998152256012,-4.68875560599713e-09,-4.825308153044716e-08,-1.4680321669402474e-07,-1.0395612548563804e-07,6.74634037522992e-08,9.301751191514995e-08
1.000001072883606,1.494188524020501e-07,-2.4512974050594494e-07,-4.906891959421955e-08,-3.5131591857862077e-07,1.5840869949101943e-08,-1.7396229168298305e-07,-7.91310768022413e-08
6.284962950076078e-08,-1.5432230782153056e-07,-4.8369201977038756e-08,0.9999978542327881,3.316111758522311e-07,2.517574273497303e-07,5.073620457096695e-08,2.0475537709785385e-08
6.810547859004146e-08,-2.157755289999841e-07,1.0000011920928955,-1.0907408665161711e-07,5.481538778440154e-08,9.240113740816014e-08,2.277837918285286e-10,-3.301747852901826e-08
-9.198085137995804e-08,-1.2270218974208547e-07,1.6968787974747102e-07,1.566701115507385e-07,0.9999976754188538,5.337323827347973e-08,-8.16917875567924e-08,-1.6647938139158214e-07
7.193968798446804e-08,8.928611805458786e-08,-7.371201604655653e-08,-6.444764011348525e-08,1.9630677172699507e-07,0.999997615814209,-6.766375548750148e-08,-7.205609620086761e-08
