-0.35000333189964294,0.34978675842285156,-0.23344393074512482,0.6004525423049927,0.04646729305386543,0.4464661180973053,-0.34319964051246643,-0.1443307101726532
-0.47232958674430847,-0.03038986586034298,0.22930307686328888,-0.48114848136901855,-0.4544820189476013,0.3554326593875885,0.02125317044556141,-0.3981965482234955
0.3018541932106018,-0.3667331635951996,-0.6406288146972656,-0.20240908861160278,-0.11796841025352478,0.5332502126693726,0.01178064290434122,0.15685662627220154
-0.5245875120162964,0.014801022596657276,-0.3792523443698883,-0.4294441044330597,0.5612142086029053,-0.2086438238620758,-0.1747129261493683,0.08552993088960648
0.4658610224723816,0.18282002210617065,-0.1345708966255188,-0.20752033591270447,0.06026138737797737,-0.16652131080627441,-0.5007010102272034,-0.637427568435669
0.07400689274072647,-0.48003503680229187,0.5110713243484497,0.03143342584371567,0.5307655334472656,0.39479362964630127,-0.24610494077205658,-0.0613604374229908
0.1038769781589508,0.24993157386779785,-0.07825935631990433,0.0018082545138895512,0.41053611040115356,0.21922917664051056,0.7241784334182739,-0.4237692952156067
0.23409824073314667,0.6447387337684631,0.23077547550201416,-0.37216418981552124,0.09233061969280243,0.3388160169124603,-0.12407691031694412,0.4461260735988617
