0.18952606618404388,0.26789993047714233,0.6909694671630859,-0.2335720658302307,-0.43961432576179504,0.020638518035411835,-0.4081673324108124,0.005354725755751133
0.16379478573799133,-0.35033947229385376,0.22392742335796356,-0.19926764070987701,0.42776480317115784,0.2822685241699219,-0.11636185646057129,-0.6959786415100098
0.13463559746742249,0.5765626430511475,-0.4260079860687256,-0.450212299823761,-0.14340412616729736,0.4225347340106964,0.15048256516456604,-0.20863789319992065
0.16509941220283508,0.3269500434398651,0.21311917901039124,-0.3014572262763977,0.7320237159729004,-0.1682029664516449,0.032929420471191406,0.405353844165802
0.6020429730415344,-0.03683812543749809,-0.3064805269241333,-0.11470776796340942,-0.10371174663305283,-0.6737432479858398,-0.12309257686138153,-0.2219487577676773
-0.17470939457416534,0.22624289989471436,0.36098042130470276,0.010254723951220512,-0.07916662096977234,-0.34084808826446533,0.736007809638977,-0.35174664855003357
0.6343320608139038,0.16266918182373047,0.12131012976169586,0.6282600164413452,0.04503947123885155,0.3319915533065796,0.21612116694450378,0.05274922028183937
0.3106593191623688,-0.5358796119689941,0.08100893348455429,-0.4518823027610779,-0.21972297132015228,0.18095986545085907,0.4388197660446167,0.3632850646972656
