3.457882513657751e-08,1.1172598846087567e-07,0.9999988079071045,-5.312622786135535e-09,1.7683018427305797e-07,-4.6742506754071655e-08,-2.3134084869980143e-07,-1.6300565164328873e-07,7.128522661048464e-09,3.9418104336164106e-08,6.295010734902462e-08,1.5379461615339096e-07,-5.100623035048102e-09,-2.3223017819873348e-07,-1.2121988390845218e-07,-1.1246260811503817e-07
1.662167505855905e-07,-6.881749925469194e-08,1.346029989690578e-07,-3.042618246240636e-08,-4.768817873923581e-08,-9.325905381274424e-08,1.000000238418579,-1.0773748471137878e-07,-2.0834285408000142e-07,5.498600899045414e-07,1.5622558180439228e-07,7.080698338768343e-08,1.8193986761616543e-07,1.1000310706776872e-07,7.648612410093847e-08,1.501737223463806e-08
-6.043094913366076e-08,6.109911510066013e-08,-9.021775326800707e-08,1.0755253754268779e-07,-1.429303893019096e-07,-8.30975395160749e-08,-4.414411591824319e-08,-9.15734759132647e-08,5.596252350414943e-10,-1.2814625449664163e-07,-4.826132737889566e-08,3.8998413742774574e-07,1.2044213804074388e-07,1.0101938130446797e-07,1.0000011920928955,-2.545623942751263e-07
-2.615626115698433e-08,6.758018855634873e-08,-1.5028113864445913e-07,7.062782714228888e-08,0.9999980330467224,7.206850227703399e-08,-8.272396456732167e-08,-1.665413762452772e-08,9.118423349718796e-08,-9.741621198600114e-08,7.616863229031878e-08,9.750973362088189e-09,2.2633765084378865e-08,2.8605114721358404e-07,-9.215311536081572e-08,2.4464203107754656e-08
-4.128733976926924e-08,4.060516189952068e-08,-7.257864353960031e-08,2.883655838559207e-07,3.6835444916505367e-08,2.583997513738723e-07,-1.4990285990279517e-07,-9.227677111312005e-08,-1.9723016109196578e-08,2.416416009509703e-07,-3.9641516735855475e-08,1.87172943810765e-07,-3.2889786893974815e-08,1.0000017881393433,-9.55393204549182e-08,-2.1723911913795746e-07
1.0000009536743164,7.326524809059265e-08,-6.520779027852086e-09,3.01153058046566e-08,2.320224723462161e-07,1.1001136357435826e-07,-7.370499588432722e-08,2.980155215936975e-07,-1.2831073092911538e-07,1.793805495253764e-07,-5.223103727303169e-08,-6.903837856953032e-08,5.1902965481076535e-08,-3.235000178847258e-08,-3.7367304805968615e-09,4.857773774347152e-07
-3.2047728382167406e-07,5.9079006575757376e-08,1.1257530729835707e-07,3.984361640618772e-08,-8.196386858116966e-08,-2.3725224451709437e-08,-1.0398210292805743e-07,-1.9656842198401137e-07,6.650967065979785e-08,-9.441342285754217e-08,3.187038828400546e-07,0.9999985098838806,7.34846423711133e-08,-1.4972634687637765e-07,7.400986135053245e-08,-1.1976865721408103e-07
6.764490478872176e-08,-5.9170059074631354e-08,-8.951931818046432e-08,1.0000020265579224,-2.243412033919867e-08,-4.755536409106753e-08,-5.1578378901240285e-08,-1.2678199823312752e-07,2.3678133231896936e-07,5.145929193872689e-08,-9.846672810454038e-08,9.53973753325954e-08,1.4392285585529407e-08,-7.575916072255495e-08,-2.775791756448598e-07,-7.636381837983208e-08
1.2874807886475992e-08,1.0682509099524395e-07,1.7345334057949913e-08,-7.181211003626231e-08,-1.0938603622889786e-07,2.261580078766201e-07,-1.0316254162034966e-07,-1.443711141746462e-07,0.9999988079071045,-1.0864313537695125e-07,-8.900133252609521e-08,1.0413954498744715e-07,1.1717397541133323e-07,3.366256606796014e-08,3.756208855065779e-08,1.0936561656293975e-09
-1.3240165230854473e-07,-8.142104235275838e-08,-1.9522251193393458e-07,1.2112506908579235e-07,-6.90346126930308e-08,0.9999977946281433,-1.890091709810804e-07,-6.582465061910625e-08,-9.029468373000782e-08,2.5574911433068337e-07,1.0131636685173362e-07,1.3284740418839647e-07,9.517821553117756e-08,2.9434183090870647e-08,5.8032828320619956e-08,6.20015967456311e-08
1.1229706053939026e-08,-6.602822821832888e-08,1.725894449577936e-08,1.1556495849163184e-07,-1.0358091628859256e-07,-5.794943191972379e-08,1.534835369909615e-08,-1.6111852119138348e-07,-3.33529932561305e-08,1.000001072883606,-7.674316293559968e-08,6.382607864452439e-08,-9.73695648553985e-08,1.7817862740798773e-08,5.081786369487418e-08,1.0735255528970811e-07
-1.3688976707726397e-07,7.048990369185049e-08,6.651305284322007e-08,-8.585916333458954e-08,-8.975221277296441e-08,-7.251257727602933e-08,5.2936350414256594e-08,0.9999976754188538,1.7181460520987457e-07,-1.993007181511075e-08,1.0401145544847168e-07,-2.8185722200646524e-08,-6.740714297848172e-08,5.065184538466383e-08,-4.7661508517649054e-08,3.447766516728734e-09
-2.0065149541892424e-08,5.350108978063872e-08,-4.800658004455727e-08,-1.8662118961287888e-08,-1.1427182045053996e-07,-2.402580605576077e-07,2.158970779930769e-08,-5.683299875158809e-08,-2.8760053893961413e-08,3.620732869080712e-08,1.0000017881393433,2.510410865852464e-07,5.9425484977282395e-08,8.054004041468943e-08,-5.9568417754007896e-08,1.241802465301589e-07
5.217910370447498e-08,0.9999977350234985,1.7231658944183437e-07,-7.727899031806373e-08,2.415967230717797e-07,-1.3476764593178814e-07,-9.062646455504364e-08,5.6796537251102563e-08,6.721784018282051e-08,-3.4571776552638767e-08,-1.5086547477949352e-07,-2.053369740906419e-07,-1.8068744722654628e-08,1.6696243676506128e-07,1.7438595989460737e-07,1.3683302313438617e-07
-7.542560354067973e-08,-6.614754965994507e-08,7.201829532732518e-08,5.7448637846846395e-08,-9.60365937885399e-08,-2.0715350501632201e-07,1.3250409836018662e-07,6.412160047375437e-08,-2.0762844599175878e-07,-5.744663766904523e-08,2.874456299650774e-07,2.069416638050825e-07,-6.487635317853346e-08,2.1481604051132308e-07,1.8848994898235105e-07,0.999997615814209
-6.850989819895403e-08,2.3972463125687682e-08,-7.410233138216427e-08,-2.376156160721621e-09,4.4884192362815156e-08,-7.64115597462478e-08,-1.4538625237037195e-07,6.209225489328674e-08,1.752085125872327e-07,9.285997037977722e-08,-4.309414691761049e-08,-3.480156962609726e-08,0.9999993443489075,2.063085275949561e-07,-7.147567515630726e-08,2.0876403539205057e-07
