0.9999986290931702,-8.57838742263084e-08,1.1189000304057117e-07,-6.758615000990176e-08,4.477447745898644e-08,-2.259247793290342e-07,-6.603707447538909e-08,-2.9317257954630804e-08,1.9944840445873524e-08,9.640493914275794e-08,1.5619615822970445e-08,1.0032839981022335e-07
9.755202867722801e-09,-1.3108541452311329e-07,6.435688248984661e-08,0.999998152256012,-1.259456183788643e-07,6.382046535691188e-08,1.5591986368690414e-07,-6.535026386700338e-08,4.9845443328422334e-08,1.0025338781360915e-08,-1.0815015372145353e-07,-1.9801434802957374e-07
-1.7641323779571394e-07,-6.24861513642827e-08,9.137543344195365e-08,-8.332789036558097e-08,-2.3345458899370897e-08,-2.479672218669293e-07,1.1289154855376182e-07,1.0748817658168264e-07,-9.369141906745426e-08,-5.6501864520441814e-08,-3.3052347703232954e-07,0.9999976754188538
-5.40700106910208e-08,1.0000008344650269,-2.0110160647845987e-08,-1.6806454539164406e-07,7.724243289430888e-08,-9.133507461456247e-08,-5.3496194141189335e-08,9.480773144332488e-08,1.8299932946774788e-07,1.2163236817741563e-07,-8.729762157599907e-08,-3.367935335063521e-07
-1.4862338559851196e-07,7.020089753950742e-08,-8.420917652074422e-08,-6.248922801432855e-08,-8.309431365205455e-08,6.088639281642827e-08,-8.162089670804562e-09,-3.4264575621278937e-09,-6.069781477435754e-08,-1.27677793670955e-07,0.999997615814209,2.377094077132824e-09
1.6339913599949796e-07,-5.273379599657346e-08,-1.476250766074827e-08,-2.0687888024895074e-07,8.244396809686805e-08,1.1988691994702094e-07,-5.091565213888316e-08,-3.5436866596683103e-07,5.291959936926105e-08,0.9999995231628418,9.844411863468849e-08,-8.022861663903313e-08
6.4820490308648e-08,9.57453494265792e-08,-1.0758814994460408e-07,-1.0861049304367043e-07,2.774441156816465e-07,-1.986915805218814e-07,2.3655275072087534e-07,-1.339325095273125e-08,0.9999983906745911,-4.136553144462596e-08,8.556459363262547e-08,-9.424302760407954e-08
-1.878728284054887e-07,-3.307617362224846e-07,1.0104110970132751e-07,8.05599711384275e-08,-4.5635673018296075e-09,1.0000020265579224,3.414088567410545e-08,2.770125320239458e-07,-8.069924462006384e-08,2.6995037316623893e-08,-1.5935077612994064e-07,-5.619108378596138e-08
1.677419732004637e-07,-6.229326832141169e-09,5.008753234392316e-08,2.1342259515222395e-07,0.9999966621398926,7.421176206889868e-08,-7.946004387804351e-08,3.191828739090852e-07,1.042854957944428e-08,8.138808027524647e-08,1.8340098506541835e-07,-8.65570086716616e-08
2.1716934028859214e-08,8.026125897231395e-08,0.9999977350234985,-1.0338676759147347e-07,8.183906885506076e-08,-7.131061607879019e-08,4.103938806565566e-07,-9.721082960822969e-08,9.305908577061928e-08,9.682091928198133e-08,-6.752041770141659e-08,-1.0147245177449804e-07
3.2766570257081185e-07,-9.066263828572119e-08,-2.1372984804202133e-07,4.0694480674119404e-08,2.8791419026674703e-08,1.229012411840813e-07,-1.3560983802562987e-07,1.0000015497207642,2.4460451442109843e-09,4.605694670090088e-08,6.898783055930835e-08,4.2566384195197315e-08
5.653101453617637e-08,-1.5486217819216108e-07,-1.774082960537271e-07,-1.7993579604080878e-07,8.400873952041366e-08,6.460404478048076e-08,1.0000011920928955,2.2651296660569642e-07,-6.659580265022669e-08,-1.771153250729185e-07,-1.964517082342354e-08,-1.5120340890462103e-07
