-9.817649981869181e-08,-4.4415898514671426e-08,-9.558074509641301e-08,-8.442668075758775e-08,2.1488270718350577e-08,4.986477364354869e-08,1.0000001192092896,1.6740753494559613e-07
-1.4372466239365167e-07,-6.776075167636009e-08,1.7070382796191552e-07,1.000002145767212,1.5218898852253915e-07,1.1836799984621393e-07,-1.0765658231548514e-07,1.3757778560830047e-07
0.9999975562095642,1.0967448105247968e-07,8.158487219134258e-08,3.0793344762969355e-07,1.5057094060466625e-07,-9.479858675831565e-08,-1.0322860077849327e-07,-7.238350718807851e-08
-1.0102175451720541e-07,1.922906278650771e-08,1.0000015497207642,6.963922771774378e-08,-4.219770843860715e-08,4.4961527834175286e-08,1.8981266336481895e-08,-2.0256737798263202e-07
1.1205338878994553e-08,-9.345638574131954e-08,1.7375095140437224e-08,-1.2673839933086128e-07,1.0000009536743164,-6.88114383251559e-08,-7.3915944476254936e-09,9.234048548023566e-08
1.7193832491102512e-07,1.0000011920928955,1.0788325255361997e-07,2.8756775805049983e-07,1.2009564898107783e-07,-7.57117604166524e-08,-9.761531316598848e-08,-1.346827218640101e-07
-1.122335380188133e-08,-4.8848846745386254e-08,6.632134841311199e-08,-3.265033043930998e-08,6.787009709796621e-08,-1.5224310345729464e-07,3.0946969786782574e-07,0.9999982118606567
-1.6005327063695063e-09,-1.9552715002646437e-07,-1.1358937257455182e-07,1.1262208943207952e-07,2.290133522819815e-07,0.9999982714653015,-2.81787464473382e-07,3.026945876172249e-07
