-8.881667667992588e-08,2.9544369173351015e-09,-7.435512117126564e-08,6.23049771775186e-08,1.0097819114207596e-07,-7.43800470104361e-08,-4.005509879334568e-08,-2.5946727078007825e-07,6.931198726078946e-08,1.000002145767212
2.108094889763379e-07,-3.1598869298932186e-08,-1.5195901426068303e-08,-9.335745687621966e-08,-8.904024184630543e-08,6.521349860122427e-08,3.7119988860467856e-08,-1.1308819836131079e-07,0.9999974966049194,-5.415761705762634e-08
-5.353664178642248e-09,3.5578953117010315e-08,-6.52135270229337e-08,1.0778669690125753e-07,2.882735827824945e-08,-1.4714004237248446e-07,0.9999995231628418,2.0734313466164167e-07,-1.6813278591598646e-07,3.831282313626616e-08
-3.916090918210102e-08,1.3515920826989714e-08,-3.6638090250562527e-07,3.649649116255205e-08,0.999998152256012,-7.075299635062038e-08,-9.34199917423939e-08,-9.218909724495461e-08,-3.3306847058156563e-08,-7.706884019853533e-08
1.1775827601923083e-07,1.000001072883606,1.8666176515580446e-07,1.6966846816401926e-09,-1.4399066117221082e-07,-1.899267800808957e-07,-4.387138119454903e-08,2.6630438298980152e-08,9.437579251425632e-08,-9.269410838896874e-08
-7.757292763699297e-08,-2.1958909712793684e-07,2.2219776951715176e-07,-2.7788960466068602e-08,-1.9532419059942185e-07,1.000001311302185,-3.1880679784990207e-07,1.8325994943779733e-08,-6.756912540595295e-08,-1.806897387268691e-07
1.667389284421006e-07,-1.433252521110262e-07,1.000002145767212,2.151942268824314e-08,-9.781750520687638e-08,1.004995624498406e-07,-3.820152727485038e-08,5.7162708344549173e-08,-6.534164498361861e-08,-6.019694609449289e-08
0.9999997019767761,-4.086328431185393e-08,-6.097983007435914e-09,-2.832630130455982e-08,2.0448726445465581e-07,8.975127485655321e-08,-1.6746665210121137e-07,-1.8298550230611e-08,1.8685219060898817e-07,-3.196953457518248e-07
-1.1301346347636354e-07,-1.4924370361768524e-07,3.815406657281528e-08,9.19153819722851e-08,-1.95193550212025e-07,-2.772869720502058e-07,-7.582415584295177e-09,0.9999986290931702,6.304050970129538e-08,-3.4474703625164693e-07
-2.2460991999651014e-07,1.4965340255912452e-07,-1.8880930952036579e-07,0.9999986290931702,3.4097101320185175e-07,-3.182639574106361e-08,1.0396310479166004e-08,1.107644820308451e-07,7.257367684587734e-08,3.738468024039321e-08
