-6.668865637493582e-08,7.005422908434866e-09,-1.1608446470745548e-07,4.191270761566557e-07,-4.1747935597413743e-07,1.000000238418579,1.7140466468390514e-07,-6.094390414546069e-08
-9.186458527210561e-08,-1.6074746156391484e-07,-1.6942607317105285e-07,1.5982134726755248e-08,-7.276948821299811e-08,-3.108509076810151e-07,8.141350349433196e-08,1.000001072883606
1.315695641324055e-07,2.593136230188975e-07,1.0000017881393433,-1.4533163117391723e-08,-1.0722501286863917e-07,-7.282071834424642e-08,-3.9683669683654443e-08,-1.513284644261148e-07
1.0000003576278687,9.758808516835416e-08,-3.419128518089565e-07,1.0813456441383096e-07,7.452518246964246e-08,-7.366232068761747e-08,-1.2338442445525288e-07,1.990036224697178e-07
-6.372004435206691e-08,-1.5160243549416919e-07,1.293756639597632e-07,5.931305935291675e-08,1.2205238419937814e-07,-8.298560771891061e-08,0.9999988675117493,1.4743770293534908e-07
1.095599841960393e-07,3.07576755176342e-08,1.0637592140483321e-07,1.0000003576278687,8.332767720276024e-08,-7.097999343841366e-08,-1.6796181512290786e-07,6.230743698765195e-10
1.1163635349475953e-07,1.1208929606709717e-07,1.1577203906654177e-07,7.479122388076576e-08,1.0000011920928955,2.2324644533000537e-07,1.0792169291562459e-07,2.764402324828552e-07
2.9294477954522335e-08,1.0000019073486328,-5.967162053366337e-08,9.285195545771785e-08,7.55000826302421e-08,1.3777924579017053e-08,5.144880965701759e-09,-1.21398826991026e-07
