-0.3134678602218628,-0.044382479041814804,-0.2823483645915985,-0.31222349405288696,0.02392302080988884,-0.23030418157577515,-0.6384510397911072,-0.5112066268920898
0.04900442063808441,0.02237837202847004,0.355163037776947,0.13742904365062714,0.08901515603065491,-0.5466911792755127,-0.49098122119903564,0.5515561699867249
-0.2902509272098541,-0.41816022992134094,0.20100130140781403,-0.6944634318351746,-0.0009579631732776761,0.2745194137096405,0.02107645943760872,0.3773754835128784
0.05067591369152069,0.42077726125717163,-0.6004855036735535,-0.3923264145851135,-0.016718702390789986,-0.3506036698818207,0.25375398993492126,0.3439217507839203
0.1752835065126419,0.4832667410373688,0.05743738263845444,-0.1270371526479721,0.6280627250671387,0.4805375337600708,-0.2922245264053345,0.0742930993437767
-0.17102238535881042,0.5901844501495361,0.5811939835548401,-0.2838096618652344,-0.33882829546928406,-0.10915083438158035,0.1426168531179428,-0.2388332337141037
0.13847462832927704,0.16425277292728424,-0.19646356999874115,0.08529141545295715,-0.6895605325698853,0.4360106289386749,-0.42129915952682495,0.2547141909599304
0.8563722968101501,-0.19176572561264038,0.1160634458065033,-0.3787768483161926,-0.08038903027772903,-0.12988445162773132,-0.057058606296777725,-0.21522168815135956
