-7.382763556051941e-08,-1.262590387796081e-07,-9.529214395342933e-08,8.87465887444705e-08,-6.235302407731069e-08,1.604214006079019e-08,-5.5190326975207427e-08,-3.356969102696894e-08,-1.0550204621040393e-07,-9.438017656293596e-08,-1.272444336564149e-07,1.8288423575540946e-07,1.2153355655186715e-08,0.9999979138374329,-1.1082885720270497e-07,-2.826194211991151e-08
-1.551859156734281e-07,6.306667899025342e-08,-6.102548155695331e-08,1.1091652396544305e-07,6.09652204275335e-08,-7.835222248786522e-08,-5.261198765538211e-08,-2.6056522273165683e-08,0.9999975562095642,1.079906866152669e-07,-2.737532440733048e-07,3.294050809898863e-09,-2.178003555286523e-08,-6.411855935084532e-08,5.7710728640358866e-08,4.700700984017203e-08
-2.0176348414224776e-07,-1.3794532094379974e-07,0.9999983906745911,-1.216129845715841e-07,-4.817617593744217e-08,-5.0498172754487314e-08,-2.1446920683843018e-08,-1.1134792288203244e-07,9.990667848569501e-08,1.5046390444695135e-07,3.7837241961824475e-07,-1.3111349517203053e-07,-2.240346930193482e-07,1.0923572091314782e-07,-2.3995994524739217e-07,-4.2322625404267455e-08
6.762272164451133e-08,4.580895662797957e-09,-4.7795914781545434e-08,1.0031035202473504e-07,-3.925480029920436e-07,-1.6275197367576766e-07,1.0000020265579224,-5.959179372183598e-09,1.1503580310545658e-08,3.079803434502537e-07,-6.73911415560724e-08,1.083963070414029e-07,1.6386766787945817e-07,1.3157819012121763e-07,6.486765613544776e-08,5.7379804019319636e-08
-1.9685622021370364e-07,2.728958463649178e-07,2.1480560974396212e-07,-1.3760524097961024e-07,2.877804305967402e-08,7.450719863300037e-08,6.018205311875136e-08,-1.5074770942646865e-07,-7.634718457438794e-08,-5.904203703721578e-07,-3.1963315905159106e-07,0.9999988675117493,-8.602406609270474e-08,-1.6068671016000735e-07,2.635537832418322e-08,8.584966515456927e-09
1.3996105963087757e-07,6.331756452482296e-08,-5.362301749300968e-07,2.6734575442333153e-08,-1.6968152749541332e-07,3.2129548799275653e-07,3.8523658929534577e-08,-1.2046366570928058e-08,-1.2220955625252827e-07,1.5690068266849266e-07,1.5088410521002515e-07,-1.5484973303614424e-08,-3.534127435145251e-10,1.1670113764239431e-07,2.443173627852957e-07,0.999997615814209
-1.10843700440455e-07,-1.8706971616211376e-07,-4.279789678207635e-08,-9.452883631411169e-08,-6.571951161049583e-08,-1.9444752297204104e-07,-1.0782670045728082e-07,-1.210684814623164e-07,7.549001423967638e-08,-2.979187918583648e-08,0.9999975562095642,6.51723510713964e-08,1.0056202626174127e-07,1.0410946060801507e-07,1.1971508229180472e-07,-7.68865788813855e-08
3.6454938623364797e-08,-3.117166613719746e-08,-5.772238154122533e-08,-1.276958414564433e-07,2.478747429535133e-09,-1.0939505301621466e-07,-1.0925597848654434e-07,2.558456380086227e-08,4.023883803938588e-08,-1.7189127277106309e-07,-8.922663852217738e-08,-8.734966172596614e-08,-8.254605887714206e-08,-2.323517822588883e-09,1.0000017881393433,-1.3653301778049354e-07
-1.0398505168041083e-07,-1.4586898089419265e-07,1.0813727868708156e-07,-1.4612461995966441e-07,1.0000016689300537,1.1311565373262056e-07,4.7939053615664307e-08,4.997515929971996e-07,1.0322415278096742e-07,-5.599848407200625e-08,2.251258379715182e-08,8.229255854530493e-08,-1.3514926422431017e-07,4.468837033755335e-08,7.598414697440603e-08,-1.0588975385417143e-07
1.0000003576278687,1.2798251702861307e-07,9.17433151670366e-09,-9.145771429075467e-08,3.4909074742017765e-08,-2.6031580091512296e-07,-6.977970201660355e-08,4.4976157909104586e-08,5.8941253655575565e-08,-2.878732914268767e-07,1.2376044367101713e-07,1.302783232404181e-07,-7.845605409784184e-08,-1.235950435329869e-07,-6.719786682651829e-08,3.489727173899837e-09
-9.573302861554112e-08,1.0000019073486328,-5.884576159687072e-11,9.052119764874078e-08,8.547537078129608e-08,7.963510961772613e-10,2.2955165945859335e-07,-3.858066577322461e-08,1.1163682245296513e-07,5.174899797566468e-08,5.2849152609724115e-08,6.788070550101111e-08,4.527221975081375e-08,-1.2047992825614529e-08,7.295980708477146e-08,9.487298058274973e-08
9.775946274714897e-09,2.463520445417089e-07,-2.5144686333078425e-08,0.9999983906745911,-1.1039291791803407e-07,6.884193481937473e-08,-7.984396255267256e-09,-6.239662297957693e-08,3.213690291659077e-08,3.850502423574653e-07,-5.244186240815907e-08,-2.880010541161937e-08,6.11600325939321e-09,-6.10281816193492e-08,-5.522343027308807e-09,3.747678078980243e-08
6.660390283741435e-08,-2.8002185104014643e-07,-2.452774872097052e-08,6.740004465655147e-08,-5.692547944136095e-08,3.288463119588414e-07,-2.2965071622138566e-08,-6.612082614765313e-08,1.8328462658701028e-07,-1.1347852080234588e-07,-5.9745588032456e-08,6.618209624775773e-08,0.9999979138374329,1.404189475806561e-07,-7.609028074284652e-08,1.5949586895658285e-07
6.706792277100249e-08,4.503606021444284e-08,6.829553456100257e-08,2.5207356202372466e-07,2.4178015678444353e-07,1.9523427852163877e-07,6.856492973383865e-08,-1.264873628059604e-08,-1.7959372655695915e-07,0.9999986886978149,1.680593442188183e-07,-1.936098072974346e-07,4.238214046381472e-08,-2.6223476723430394e-09,1.0416339790708662e-07,2.2115725073490466e-07
3.054736907870392e-08,-1.5120605212359806e-08,-3.357978641815862e-07,5.720934126429711e-08,5.5544447263855545e-08,2.8797577655836903e-08,-3.47468471773027e-08,0.9999997615814209,8.572973086984348e-08,3.846362162107653e-08,1.690597741799138e-07,1.8506817411889642e-07,1.4716717089413578e-07,-2.1114666992616549e-07,3.7089159832248697e-07,9.203843376326404e-08
3.6535208636223615e-08,6.419057996254196e-08,2.5567674200033252e-08,5.212719855762771e-08,1.816221839590071e-07,1.0000028610229492,7.098113741221823e-08,7.468803886467867e-08,-2.6909798833685272e-09,8.932011752449398e-08,6.756710746458339e-08,-1.841664527546527e-07,7.209020935761146e-08,2.3585705832829262e-07,-1.799220683551539e-07,-2.3046676744797878e-07
