0.199117511510849,-0.45124703645706177,0.48186802864074707,-0.35360559821128845,0.002900527324527502,0.3872523307800293,0.26217249035835266,-0.31630703806877136,-0.28041741251945496,-0.045846402645111084
0.20619310438632965,0.022813094779849052,-0.14612405002117157,0.089372418820858,0.18246819078922272,0.10117827355861664,-0.016640210524201393,-0.6852583885192871,0.6435569524765015,0.00836713146418333
0.5710393190383911,-0.38551583886146545,-0.40523573756217957,-0.07788047939538956,-0.24022437632083893,0.13042280077934265,-0.18909797072410583,0.31474098563194275,0.1320168823003769,-0.35783201456069946
-0.0893893837928772,-0.5143300294876099,0.019978681579232216,0.524142861366272,0.2764413058757782,-0.4405222535133362,-0.021663973107933998,-0.18730662763118744,-0.22649872303009033,-0.3082437515258789
0.26987454295158386,0.38531574606895447,0.3783888816833496,0.41531819105148315,0.21026720106601715,0.26147496700286865,0.28839412331581116,0.2560880184173584,0.11317867785692215,-0.4346131682395935
-0.26499655842781067,0.01680329255759716,-0.043001431971788406,0.40150102972984314,-0.7762851715087891,0.26408255100250244,0.06438732147216797,-0.2534625828266144,-0.06897047162055969,-0.1446906179189682
-0.209058478474617,0.0900171622633934,0.1986987143754959,-0.4655529260635376,-0.22298748791217804,-0.4602382779121399,0.12464510649442673,-0.0504288412630558,0.2662636339664459,-0.5843393206596375
-0.3547638952732086,-0.12585172057151794,-0.5316744446754456,-0.09291590005159378,0.22958563268184662,0.24034933745861053,0.6557209491729736,0.089970663189888,0.02192646823823452,-0.1340438276529312
-0.5196376442909241,-0.23237988352775574,0.16021119058132172,-0.024574678391218185,0.2125793844461441,0.44041672348976135,-0.5114644765853882,0.18363241851329803,0.2699854075908661,-0.20575881004333496
-0.033418890088796616,-0.3949723541736603,0.2982960045337677,0.16283577680587769,-0.19522437453269958,-0.16451415419578552,0.3167661428451538,0.34934282302856445,0.5259613990783691,0.403967022895813
