2.1473297806551273e-07,2.844379025646049e-07,-3.2925747461831634e-08,-9.093594854903131e-08,-6.352216530558508e-08,-1.8677951629797462e-08,7.919746281004336e-08,1.0788245674575592e-07,0.9999985694885254,7.24139752605879e-08,1.1936337784845819e-07,-1.9474823886866943e-07
-1.389693551345772e-07,7.080600994413544e-08,-4.895071725741218e-08,-7.086360653829615e-08,-2.094855844347876e-08,8.830735964693304e-08,-1.8505822652059578e-07,3.0904988079782925e-07,-2.1198476929384924e-07,1.0,9.306574355605335e-08,1.0375694969866345e-08
-1.9885297319888195e-07,-4.88232316797621e-08,-7.009205660324369e-08,-8.878613044771555e-08,1.0000019073486328,-2.2192065074477796e-08,-5.0333373025068795e-08,7.671182800095266e-08,8.747792712426872e-09,-3.2899290403065606e-08,8.054325206785506e-08,4.960912391993588e-08
-3.115005995368847e-07,0.9999988079071045,1.7857563250345265e-07,6.762567039686473e-08,4.509109530204114e-08,-6.750236991592828e-08,-1.0932336635960382e-07,4.645276518999708e-08,2.1695417729006294e-07,-2.883180094670479e-08,-2.995626289248321e-07,-6.879417924210429e-08
-1.4845595863732797e-08,6.123929097157088e-08,-3.6885305121359124e-07,0.9999985694885254,-7.048413408483611e-08,1.5624705440586695e-07,9.814149848352827e-08,1.5133983310988697e-07,-1.3530223164082145e-08,2.6133324126931257e-07,1.6580055728354637e-07,-1.632887745017797e-07
0.9999993443489075,5.864605867600403e-08,-5.624380072788426e-09,1.7873625779429858e-07,-4.619615978640468e-08,1.1242055819593588e-07,8.658683015028146e-08,-2.719215430602162e-08,8.836075693352541e-08,4.634804184888708e-08,9.715849813574096e-08,1.1343108496930654e-07
9.704062442494887e-09,-2.3443764707309356e-09,4.2197012106726106e-08,1.0745485212737549e-07,1.0923729121259385e-07,-3.342047705245932e-07,0.9999999403953552,-5.3955037770947456e-08,4.539076030596334e-07,-2.4216680571953475e-07,6.909141347932746e-08,-8.133698159440428e-09
3.706811213533001e-08,-7.044220495799891e-08,-2.459631502915727e-07,-5.3128484722719804e-08,-1.5101757355751033e-07,-1.1077132455739047e-07,-1.8098637610819424e-07,6.45313562586125e-08,-8.003258500366428e-08,7.501796517317416e-08,-2.522259912041136e-08,0.9999975562095642
4.810683051914566e-08,6.435651300762402e-08,8.961279718278092e-08,-9.506241127610338e-08,-1.6712243677829974e-07,0.9999982118606567,1.489324716885676e-07,9.768855591119063e-08,1.1844485214851375e-07,3.578484708555152e-08,5.355341059498642e-08,1.7925741246926918e-07
2.2784227837746585e-07,-6.363595872471706e-08,0.999998152256012,-3.3225705919903703e-07,2.727447849792952e-07,-1.0121864235657085e-08,-1.6102647748539312e-07,-2.0765559938240585e-08,6.026574794759654e-08,-1.741683952616313e-08,-5.5191133441212514e-08,-8.138824370007569e-08
3.435878426216732e-08,7.983113192722158e-08,1.196320482677038e-07,-2.1544764194914023e-07,3.289940764261701e-08,4.259425452346477e-07,-1.1372393515785006e-07,0.9999982118606567,-2.516594861390331e-07,-1.9187316979696334e-07,-4.115348062327939e-09,-1.6959853610387654e-07
-1.2265039117664855e-07,5.498410970972145e-08,2.0265848377221118e-07,-2.358900275112319e-08,-3.089731706040766e-07,2.139422008440306e-07,-1.363979009738614e-07,2.5895252164787053e-08,-8.659899464191767e-08,-6.94897224207125e-08,0.9999998807907104,-1.4344354326567554e-07
