9.394859290523527e-08,1.004840939344831e-07,-9.877820161818818e-08,4.995836988541669e-08,1.0000005960464478,-1.0570231268047792e-07,-1.4623969946114812e-07,7.862173134753903e-08,-1.9689792907229275e-08,4.689774613098052e-08
1.0000003576278687,1.7132698815203184e-07,-7.161112591802521e-08,-6.680716779783324e-08,4.7786461010446146e-08,-8.836064324668769e-08,3.9857496858530794e-08,-9.306136661280107e-08,-4.383655038964207e-08,4.943952802705098e-08
-9.150186031092744e-08,5.645853917712884e-08,1.5277633735877316e-07,-1.1438756075676793e-07,-8.618658675629831e-09,-3.9574327814762e-08,1.0000003576278687,-1.1580598879845638e-07,5.5216776928546096e-08,5.353926724183111e-08
1.3702623391509405e-07,-6.093655358085925e-09,4.6170519851784775e-08,1.0000014305114746,-6.99559095096447e-08,-2.6027613841961283e-08,1.2211098976422363e-07,2.5547035420458997e-07,-5.216315202005717e-08,-7.897882348117946e-09
3.623812006026128e-08,-1.6124673152262403e-07,1.0000019073486328,-1.7754642556155886e-07,1.3155597855529777e-07,-1.0462410671152611e-07,-1.2846959407397662e-07,-7.294001136415318e-08,2.167588633028572e-07,-1.085690044533294e-07
-3.367868117720718e-08,2.17141192138115e-07,-9.23941883002044e-08,2.513756314215243e-08,2.653000024110952e-07,1.0000019073486328,-8.163076614664533e-08,-9.257731647949186e-08,-5.502842626015081e-08,-1.0340806966269156e-07
-1.4049658147996524e-07,-1.602018961932572e-08,-6.672681962527349e-08,9.820308832786395e-08,1.010766226272608e-08,2.4482733351760544e-07,1.1390704379721228e-08,1.000002145767212,-1.4335007847421366e-07,-4.0285097924197544e-08
9.528368138944643e-08,0.9999994039535522,9.454266347574958e-08,-1.6377792633193167e-07,4.181018553595095e-08,-6.38645545336658e-08,1.1985682135673414e-07,3.090743518896488e-07,8.827166197988845e-08,1.6129492053096328e-07
3.876590426443727e-07,-7.194261542053937e-08,1.2388603920499008e-07,-5.7112444551421504e-08,1.2316256459143915e-07,-1.417695116856521e-08,4.169116996077804e-10,-3.858129460354576e-08,-1.715583124450859e-07,1.0000005960464478
8.213133639856096e-08,-8.232925097217958e-08,2.82920673555509e-08,-9.556924140952106e-09,7.004589974712871e-08,2.1167371855312922e-08,1.1084178197506844e-07,-3.0296425279630057e-07,0.999999463558197,7.611331653833986e-08
