-2.8979258104300243e-08,1.7306192034993728e-07,-3.964931849509412e-08,7.672777968537048e-08,-1.0121393501094644e-07,8.637582737947014e-08,-2.0447137671908422e-07,1.0000007152557373,1.421938549128754e-07,-8.047317123782705e-08,-1.3527392184187192e-07,-5.147575876662813e-08
-6.683019648789923e-08,9.305141901450042e-08,1.9676744500429777e-07,-7.154715575552473e-08,1.0745417711177652e-07,-7.409663282942347e-08,1.0000011920928955,-1.0981708697954673e-07,-2.8954133313163766e-08,7.844420935043672e-08,-7.459910733587094e-08,-2.225919892850925e-08
-2.4643362905862887e-08,-9.763541441998314e-08,0.9999999403953552,7.006046853774706e-09,2.444512290367129e-07,-3.5282590715723927e-07,2.711359741169872e-07,2.7727233842256283e-08,3.5562987221737785e-08,-6.528547658035677e-08,7.56180966732245e-08,-8.988563138245809e-08
1.2477890720674623e-08,-3.417979499431567e-08,2.3708179242021288e-07,-2.18958078335163e-08,-6.686124720545195e-08,1.2332486676314147e-07,-2.2865141602324002e-07,1.1068448380058271e-09,7.611559382780797e-09,-1.6857155671345936e-08,-3.5348669769064145e-08,0.9999994039535522
7.87973135629727e-08,-5.994161966782485e-08,-1.2328303000685992e-07,8.56097699397651e-08,1.0000001192092896,6.752653547437149e-08,-2.135587493512503e-07,2.4022952516133955e-07,-4.841755085749355e-08,-8.517848471001344e-08,7.870796281395087e-08,4.9073474173155773e-08
0.9999994039535522,-1.0702639485771215e-07,-1.0095045155367188e-07,-2.891410701977293e-07,2.2465160043338983e-07,6.482549252950776e-08,-2.3675040949910908e-07,9.398092259971236e-08,1.5160299682293044e-08,5.495437349622989e-08,-1.0102288428015527e-07,5.4524392112398345e-08
1.0757378987591437e-07,-1.301284697774463e-07,2.1947396078303427e-07,-3.7411613362792195e-08,-8.746158641770307e-08,-4.540692088994547e-08,6.606610725157225e-08,-3.072638889989321e-07,-9.031520420421657e-08,8.087786795840657e-08,0.9999995231628418,-6.0029307746845e-08
-2.2109010444637534e-07,-1.4846452955907807e-08,-5.475374678098888e-07,-1.617458877944955e-07,-1.7844865851657232e-07,6.037719657570051e-08,1.3571707313531078e-07,-1.3043192836903472e-07,1.0000008344650269,-3.680031213093571e-08,4.545468357264326e-08,1.5670629238684342e-07
4.5671807669123154e-08,4.652355301004718e-08,-2.2313446379484958e-07,6.657607087845463e-08,-2.480326202203287e-07,1.0000017881393433,7.472459628843353e-08,7.543948754573648e-08,-5.33425250637265e-08,2.0359145480597363e-07,-2.4180137003781965e-08,-2.506061314022645e-08
4.225179139893953e-08,0.9999975562095642,-5.2171309050663695e-08,-5.662950997020744e-08,-1.4780805202008196e-07,2.088675330469414e-07,-5.4427157891723255e-08,-4.672160613949927e-08,6.762122239933888e-08,-1.9633694137155544e-07,9.340548245972968e-08,1.8815126168192364e-07
-1.5063301361806225e-07,-6.684714293214711e-08,2.302243551355332e-08,3.7674357855621565e-08,2.855970819837239e-07,-4.58083313503721e-08,-1.1847508751827718e-08,2.1633103131080134e-07,-3.1356265139947936e-08,0.9999982118606567,-4.6728619196301224e-08,1.633115154220377e-08
-9.821346225180605e-08,-1.5539245623585884e-07,2.0103786368963483e-07,1.0000004768371582,1.4933888792256766e-08,-3.521941209783108e-07,-8.328020584258411e-08,-5.202622688216252e-08,2.0025538560730638e-07,9.081987428771754e-08,5.3392149368391983e-08,2.0871483741302654e-07
