-0.12723639607429504,-0.5407851934432983,-0.002764948643743992,-0.1662796586751938,0.06353197246789932,0.1563269942998886,-0.16033796966075897,0.38777732849121094,-0.46212729811668396,0.49557098746299744
-0.18578794598579407,-0.07635421305894852,-0.5607967376708984,0.12039592117071152,-0.1011919379234314,-0.37959274649620056,0.32094788551330566,-0.010525793768465519,-0.5147663354873657,-0.3289879262447357
0.49585145711898804,-0.5196004509925842,0.12347453832626343,-0.21473842859268188,-0.2654431164264679,0.049417123198509216,0.09294362366199493,-0.5565667748451233,-0.11546429991722107,-0.1347149759531021
0.2532213032245636,0.03831711784005165,-0.5460612177848816,0.2071359008550644,0.027649883180856705,0.5578526258468628,0.3939265012741089,-0.020431475713849068,0.18032921850681305,0.30536165833473206
0.2875734269618988,-0.1742299348115921,-0.2155000865459442,-0.2982853949069977,0.030767880380153656,0.17669153213500977,-0.1749906688928604,0.5567900538444519,0.2017911970615387,-0.5813840627670288
-0.40482646226882935,-0.15457391738891602,-0.0604650117456913,-0.41566893458366394,0.6610987186431885,0.17676441371440887,0.1755608469247818,-0.3210974335670471,0.09393060207366943,-0.15728707611560822
-0.28521278500556946,-0.11607703566551208,-0.22171005606651306,-0.46872854232788086,-0.4651252329349518,-0.2937486171722412,0.1560424268245697,0.04249982535839081,0.48700499534606934,0.26525449752807617
0.141115203499794,0.3750191926956177,-0.4368039667606354,-0.34754011034965515,0.0011389203136786819,0.02290363423526287,-0.6190816760063171,-0.28275221586227417,-0.2046341598033905,0.14917342364788055
-0.0077174012549221516,0.4528985619544983,0.2857170104980469,-0.46988439559936523,-0.2568366229534149,0.31473734974861145,0.40181323885917664,0.1256243735551834,-0.3834052085876465,-0.05601358041167259
-0.5398163199424744,-0.12957334518432617,-0.01965947449207306,0.21401125192642212,-0.4406737983226776,0.5191267728805542,-0.27741384506225586,-0.1693495512008667,-0.003645624965429306,-0.27619728446006775
