-0.008704869076609612,-0.09772494435310364,-0.7105407118797302,-0.12499625235795975,0.02312673255801201,-0.6792460083961487,0.07302316278219223,-0.05139957740902901
0.15771973133087158,-0.712078869342804,0.49299386143684387,0.020755838602781296,-0.20789696276187897,-0.4254720211029053,-0.005820938386023045,-0.01759163849055767
0.4369383752346039,0.3475121259689331,0.0809013843536377,-0.30355164408683777,-0.48374143242836,-0.12957824766635895,0.13174398243427277,0.5669897198677063
0.6450639963150024,-0.24186965823173523,-0.2865874767303467,-0.030275514349341393,0.09449169039726257,0.2741146981716156,-0.5970723032951355,-0.042182937264442444
-0.40262776613235474,-0.031872738152742386,-0.06275209784507751,0.44502174854278564,-0.10914018750190735,-0.11041206866502762,-0.5234869718551636,0.5803043842315674
0.1888343095779419,0.3321112096309662,0.02131938561797142,0.5687798261642456,-0.5014954209327698,-0.166730597615242,-0.09071479737758636,-0.492495059967041
0.4040561020374298,0.1819387674331665,0.16495239734649658,0.4616072177886963,0.6281875967979431,-0.2603883147239685,0.22422480583190918,0.22505077719688416
0.08363159745931625,-0.3996387720108032,-0.3630580008029938,0.3952803909778595,-0.23512080311775208,0.3973366916179657,0.5368807315826416,0.20937764644622803
