-0.2475309818983078,0.5686026811599731,0.10928510129451752,-0.07921229302883148,0.34958499670028687,-0.11937019228935242,0.3522244393825531,-0.29629331827163696,-0.3735972046852112,0.1288190335035324,-0.020349564030766487,0.04882737621665001,-0.06756245344877243,-0.104286789894104,0.22095903754234314,0.16018202900886536
-0.07638301700353622,-0.14947672188282013,-0.1815325766801834,0.027212508022785187,0.25910642743110657,-0.09100495278835297,0.5805038213729858,0.060159165412187576,0.5070367455482483,0.09273142367601395,0.12382872402667999,-0.05078314244747162,0.30174607038497925,0.3533150553703308,0.14019246399402618,0.05451398715376854
0.11169659346342087,0.0035567355807870626,0.09305033832788467,0.3382132649421692,0.09155617654323578,0.21836087107658386,0.3196120262145996,0.13723215460777283,-0.13144724071025848,0.1366443634033203,-0.08756288886070251,-0.18457676470279694,-0.5515874624252319,0.24445480108261108,-0.1385970115661621,-0.4759339988231659
-0.04698628932237625,0.17231491208076477,-0.2023153007030487,0.03221573308110237,-0.45510542392730713,-0.06668643653392792,0.229390487074852,0.0210958793759346,-0.3202628195285797,-0.4018913805484772,0.07566147297620773,-0.3321568965911865,0.3794851005077362,0.06102921813726425,0.12832556664943695,-0.3422843813896179
0.01315369550138712,0.0748995691537857,0.06631693989038467,-0.0733579620718956,0.04410621151328087,-0.07166913896799088,-0.40828630328178406,-0.07485783100128174,-0.024025771766901016,0.44736018776893616,-0.3745782971382141,-0.35035276412963867,0.21736909449100494,0.4168384075164795,0.31490322947502136,-0.1453409343957901
-0.07627832144498825,-0.12371915578842163,-0.10397594422101974,0.3977260887622833,0.08947006613016129,0.11673316359519958,0.09590066969394684,-0.17664527893066406,-0.046369969844818115,-0.2680346965789795,-0.7567633390426636,0.1648295819759369,0.18846839666366577,-0.022593311965465546,-0.12866376340389252,0.1463109254837036
-0.07918957620859146,-0.059748776257038116,0.2437649369239807,-0.3270835280418396,0.12707383930683136,0.049351587891578674,0.043967463076114655,-0.08692692965269089,0.16740453243255615,-0.029949061572551727,-0.15342849493026733,0.3987795114517212,0.17815852165222168,-0.23959970474243164,0.10966122150421143,-0.6949973702430725
-0.6185433864593506,-0.049011725932359695,0.37721577286720276,-0.22631287574768066,-0.307015597820282,0.18860268592834473,0.03668120875954628,-0.181643545627594,0.08354683220386505,-0.09204209595918655,-0.003483770415186882,-0.02179274708032608,-0.09328433871269226,0.3772270381450653,-0.27976933121681213,0.11005327105522156
0.24986444413661957,0.06723970174789429,0.16982416808605194,0.02762448415160179,-0.25470244884490967,-0.7526018619537354,0.09051350504159927,-0.33093610405921936,0.23700663447380066,-0.059123121201992035,-0.13755284249782562,-0.001167574431747198,-0.2229064553976059,0.04767982289195061,-0.14693476259708405,-0.04801255837082863
0.10291168838739395,-0.05765574425458908,0.14695927500724792,-0.46704500913619995,0.17834709584712982,-0.2126152217388153,0.10055872052907944,0.5949130654335022,-0.18760883808135986,-0.3230270743370056,-0.30059531331062317,-0.020338846370577812,-0.130528524518013,0.1823500096797943,0.04999832808971405,0.1490270346403122
-0.14934252202510834,0.25525951385498047,0.3813944458961487,0.22080524265766144,-0.08700696378946304,-0.07338684797286987,0.08702782541513443,0.4447779357433319,0.21940435469150543,0.24088479578495026,-0.1140514463186264,-0.28012311458587646,0.2530054450035095,-0.42265933752059937,-0.24204275012016296,0.032974258065223694
0.22592677175998688,0.3905133306980133,0.15683791041374207,-0.004951781593263149,-0.14670051634311676,0.3742784559726715,-0.03360617160797119,-0.05114930868148804,0.47435489296913147,-0.33665522933006287,-0.09596484899520874,-0.09604685753583908,-0.20926952362060547,-0.022812610492110252,0.43699949979782104,0.12006386369466782
-0.12629511952400208,-0.39577028155326843,-0.1830366849899292,-0.2737537920475006,-0.29999151825904846,0.05532274395227432,0.2911694645881653,-0.0920054018497467,-0.012258829548954964,0.2773776948451996,-0.24377687275409698,-0.2556081712245941,-0.2589493691921234,-0.41203489899635315,0.2878945767879486,0.10539847612380981
-0.4760415256023407,-0.2567181885242462,0.11710672080516815,0.3778233826160431,0.2085152417421341,-0.30183443427085876,-0.23063187301158905,0.09323583543300629,0.03910458832979202,-0.28449687361717224,0.14009244740009308,-0.11002101004123688,-0.18388858437538147,-0.09662070125341415,0.4353638291358948,-0.08749888092279434
0.2352360635995865,-0.23022592067718506,0.5014551281929016,0.24839933216571808,-0.3024013340473175,0.036251094192266464,0.1932009756565094,0.07259997725486755,-0.2647387385368347,0.17001111805438995,0.09784571081399918,0.3620559275150299,0.16814781725406647,0.13441334664821625,0.35780876874923706,0.17066362500190735
0.2812122106552124,-0.310974657535553,0.4116048812866211,-0.09339870512485504,0.3522804081439972,0.12650439143180847,0.05199325084686279,-0.35446298122406006,-0.09733860194683075,-0.2174653261899948,0.11909878253936768,-0.49456092715263367,0.1709986925125122,-0.12237323075532913,-0.12543927133083344,0.046124398708343506
