3.240785062530449e-08,-1.7559405041112086e-09,-3.4593021780437994e-08,1.2662833626109204e-07,0.9999978542327881,-2.1119382154211053e-07,3.925014979699881e-09,-2.750945604645949e-08
-1.858137608223842e-07,-2.0566048419823346e-07,1.4014400306905372e-08,0.9999983906745911,7.837232374185987e-08,1.168426493336483e-07,2.2603462923598272e-07,1.907637141584928e-07
-1.8024022097051784e-07,-8.202986379046706e-08,1.0,-2.7472174224385526e-07,1.4851978846763814e-07,9.886858975960422e-08,1.0217446089200166e-07,-8.811388596541292e-08
-1.1439897207310423e-07,2.2213125561165725e-08,-7.11857808255445e-08,3.671686670259078e-07,-3.030432651485171e-07,2.484996457496891e-07,-6.527885432205949e-08,0.9999980926513672
2.1357961088597222e-07,7.919547329038323e-08,6.241782557481201e-08,3.0541926321348e-08,-1.0208417933199598e-07,0.9999997019767761,5.356592946981209e-09,-1.7944923769164234e-08
0.9999977946281433,-6.867295354595626e-08,-3.980390417268609e-08,-2.9377906329841608e-08,5.3137160449523435e-08,9.615625629066926e-08,5.833232208374284e-08,-7.733987672509102e-08
2.725243177792436e-07,-1.9801137796093826e-07,-9.863759942163597e-08,-4.729881197818031e-08,-1.466665224825192e-07,-3.9381088612344683e-08,0.9999988675117493,3.9641456339722936e-08
8.409863028191467e-08,0.9999977946281433,5.4867228982402594e-08,3.729498700977274e-07,2.4740364779063384e-07,-8.991872846308979e-08,2.4124378228407295e-07,-4.630274830219605e-08
