-5.541470926573311e-08,7.40534744636534e-08,5.4676220884175564e-08,1.5203782766093354e-07,2.0639552644752257e-07,4.0525861777496175e-08,-1.2874615151758917e-07,0.9999995827674866,-1.2353865486147697e-07,-7.203296803481862e-08
1.1711142633430427e-07,6.559702114827815e-08,-1.4532743008999205e-08,5.7046189994025553e-08,2.73614119805643e-07,8.081564573103606e-08,1.0000009536743164,6.753088399591434e-08,4.077802628899008e-08,8.184921185261373e-09
-1.7475770164310234e-07,1.0615039514050295e-07,-1.3911613905293052e-07,-6.15764861322532e-08,-5.0302986664974014e-08,1.1366496011078198e-07,5.3016112389059344e-08,-1.3375387197811506e-07,6.753682413318529e-08,0.9999980330467224
1.5253915819357644e-07,-1.363935950848827e-07,1.374051521452202e-07,1.6838919592032653e-08,1.201349846269295e-07,-4.1485144208763813e-08,-6.63263577393991e-08,-2.351070520489884e-07,0.999997615814209,4.023173971745564e-08
1.4651793378561706e-07,4.493166727570497e-08,-1.3553734845572762e-07,-2.653977730915358e-07,3.4344132870955946e-08,0.9999978542327881,-1.0396445304650115e-07,1.1464752702750047e-07,8.830333797504863e-08,-6.751572811936057e-08
-1.7559034404257545e-07,3.623938198415999e-07,-3.969702504491579e-07,0.9999977350234985,5.764646715533672e-08,-4.361669425634318e-07,1.1779611241991006e-07,-7.445730254573846e-09,6.376980365985219e-08,3.660533565152946e-08
-2.885309413613868e-07,-1.5376181750070828e-07,0.999998927116394,3.254244518302585e-08,-1.8329244255710364e-07,5.155671090051328e-08,2.6285459853170323e-07,-4.6740346704154945e-08,-1.0609448253262599e-07,-2.532428595714009e-07
-9.963420666281309e-08,-4.3587422737800807e-07,2.9189097361381755e-08,-1.0817205264856966e-07,0.9999985694885254,5.720083962046374e-08,-8.180553123793288e-08,4.216565585579701e-08,-1.4256022495828802e-07,-5.7079536652793195e-09
0.9999985694885254,-5.467967056915768e-08,8.887354141506876e-08,1.9433844045124715e-07,-4.853861241826962e-07,1.4056054453703837e-07,7.923486577965377e-08,1.2700030538326246e-07,-3.065552078851397e-08,-1.1026727975149697e-07
-1.256582606856682e-07,1.0000003576278687,3.385186886362135e-08,1.4294977290774113e-07,-7.163042425872845e-08,1.2810646410343907e-07,-1.2519739911454053e-08,-2.2250953080060754e-08,5.3763557161801145e-08,-3.566953665767869e-08
