-0.03375312313437462,-0.07530277967453003,-0.005948541220277548,-0.2386518269777298,0.3575237989425659,-0.33141130208969116,-0.0024384399875998497,0.3234800696372986,0.42732882499694824,0.2996164560317993,-0.2679416239261627,0.4997274875640869
0.025762083008885384,-0.009292845614254475,0.7857577204704285,0.2587965726852417,0.26486435532569885,-0.21288089454174042,-0.05489552393555641,0.016956724226474762,-0.09291308373212814,0.1834309995174408,0.3910723328590393,-0.02947366051375866
0.347375750541687,0.46593794226646423,-0.2605336904525757,0.33610567450523376,0.4561508595943451,0.2518567442893982,-0.2622799575328827,-0.27780863642692566,0.18583771586418152,0.12018485367298126,0.08688603341579437,0.08592727780342102
-0.407012939453125,-0.2540734112262726,0.08703629672527313,0.44011494517326355,0.301047146320343,0.4175160229206085,0.2938549816608429,0.05912155285477638,0.1640397608280182,0.04436594247817993,-0.38024136424064636,-0.2006346881389618
0.14944767951965332,0.046728409826755524,-0.26478612422943115,0.45230716466903687,-0.2867653965950012,-0.20358078181743622,-0.05681999400258064,0.5571492910385132,-0.028578922152519226,0.4323943853378296,0.04517808184027672,-0.27137261629104614
-0.24098354578018188,0.18524888157844543,-0.32204315066337585,-0.22758015990257263,0.5013281106948853,-0.27717506885528564,0.4038338363170624,0.0709550529718399,-0.21865372359752655,0.006494610104709864,0.3002699911594391,-0.3432459533214569
0.027810988947749138,0.15473614633083344,0.026123952120542526,0.15712063014507294,0.1361526995897293,-0.1648150384426117,-0.031717438250780106,-0.01188123319298029,-0.7572280764579773,0.018497204408049583,-0.5091121792793274,0.2648256719112396
-0.22241553664207458,0.6853234171867371,0.160081684589386,0.16959057748317719,-0.2832903265953064,-0.028848951682448387,0.3966163694858551,0.15505628287792206,0.18718305230140686,-0.25552403926849365,0.005521900020539761,0.2523517310619354
0.3983522951602936,-0.40801918506622314,-0.1829610913991928,0.34304970502853394,0.05685112997889519,-0.09287435561418533,0.4555355906486511,0.01101804431527853,-0.03617311269044876,-0.3181065022945404,0.24790138006210327,0.3744732141494751
-0.5347846746444702,-0.10868782550096512,-0.23729845881462097,0.2528073787689209,-0.1954534500837326,-0.22551362216472626,-0.0670703649520874,-0.4845453202724457,-0.012305810116231441,0.3318599462509155,0.2275743931531906,0.30258381366729736
0.1774512082338333,0.047731056809425354,0.07092553377151489,-0.27853062748908997,-0.12127881497144699,0.4867266118526459,0.4259302318096161,-0.030340047553181648,-0.18900442123413086,0.6030390858650208,0.12569354474544525,0.18573926389217377
-0.32411351799964905,-0.04366740956902504,-0.11021075397729874,-0.020159639418125153,0.12174780666828156,0.405517578125,-0.35183700919151306,0.48881658911705017,-0.23037073016166687,-0.18041859567165375,0.37771064043045044,0.33197328448295593
