-5.0047376021211676e-08,5.52658114827409e-08,-9.365604114464077e-08,-3.782817827868712e-07,0.9999980926513672,9.174275561463219e-08,-8.027170395052963e-08,8.268659001942069e-08,-1.2574290053635195e-07,-1.1360589269315824e-07,-5.142271675140364e-08,-7.278813285438446e-08,-3.5671391174219025e-07,2.7498838761630395e-08,1.2796569137663028e-07,4.147020504774446e-08
-2.6401536956655036e-07,-8.436385456889184e-08,-5.6932687897415235e-08,-3.9308666544002335e-08,5.896098542734762e-08,6.738124369576326e-08,6.67142998622694e-08,1.2587332776092808e-07,7.237647992042184e-08,7.479968644474866e-08,-8.208100155115972e-08,5.985543793940451e-08,-4.293770317076451e-08,1.000000238418579,9.047791138527828e-08,3.498572027638147e-07
2.1762460278296203e-07,7.575319926900193e-08,-1.0113949144852086e-07,-1.3847679269929358e-07,2.5561374172866635e-07,-4.0756230390570636e-08,-7.513718713880735e-08,-1.0096307079265898e-07,-5.7700987099451595e-08,-9.22599028285731e-08,9.10741064785725e-08,-2.773608400730154e-07,1.9614395441180932e-08,5.412218584410766e-08,1.0000004768371582,1.9352168578734563e-07
1.7933382423507283e-07,1.1427431445554248e-07,1.5501608174872672e-07,-3.0634129188911174e-07,9.675084555738067e-08,5.2257316696113776e-08,6.775925953661499e-08,5.646031198125456e-08,-2.690471490041091e-08,-1.411588499422578e-07,9.698466385543725e-08,-4.853881918620573e-08,0.9999975562095642,2.4636817030909697e-08,5.0651562943926365e-09,-2.146341415709685e-07
1.0954421014730542e-07,1.0137998174286622e-07,0.9999988079071045,3.726534103520862e-08,-3.37670122974032e-08,-1.3940078247287602e-07,8.75714007975148e-08,1.083951843838804e-07,-4.866107872203429e-08,-7.669496682183308e-08,-1.6779589273596685e-08,1.2947508309935074e-07,4.5065487341844346e-08,1.2895900169951346e-07,-5.726813867568126e-08,4.760951100024613e-08
-5.945929260064986e-08,5.203400732511909e-08,7.464075224561384e-08,-9.722770499820399e-08,6.453073098100504e-08,-9.151452928790604e-08,1.000001072883606,7.935258850011451e-08,3.4444371976860566e-07,-2.6512273620937776e-07,7.600229423587734e-08,-2.8133001706009964e-08,1.6721966744626116e-07,-2.1254204796150589e-07,6.327268664563235e-08,2.5330075459351065e-07
-2.8254808270844478e-08,2.0580086967925126e-08,4.222377469886851e-08,1.938818456892477e-07,7.68557271157988e-08,6.584419054433965e-08,3.187797119608149e-07,1.0000019073486328,7.052280182051618e-08,-4.344556359114904e-08,-7.145168012812064e-08,7.620114672590717e-08,-1.763114028108248e-07,3.4203748722205773e-09,6.326557411284739e-08,7.405503055224472e-08
-7.744232988216027e-08,9.861638972097353e-08,-3.2389331749982375e-07,4.6851596380292904e-08,-2.0864305838586006e-07,-7.506341148655338e-08,1.767459849588704e-07,4.493479011102863e-08,-1.2698804141564324e-07,-9.726505112439554e-08,0.999998927116394,-2.982890521252557e-07,-3.9741951951555166e-08,1.829731672842172e-07,6.979878008905871e-08,-3.8666365753670107e-07
-2.8608394586626673e-07,1.1450772774423967e-07,2.0876025530469633e-07,0.9999995231628418,5.367033040215574e-08,-3.270117474585277e-07,5.867983077223471e-08,1.248870518111289e-07,7.13831624921113e-08,-8.818957297762609e-08,8.733412215633507e-08,-5.161288996191615e-08,-1.1161877466747683e-07,5.3375590169935094e-08,5.164177974137374e-09,-7.590559647496775e-08
0.9999977946281433,-8.525862682517982e-09,2.2539806820986996e-07,-6.773668559389989e-08,-8.864545009146241e-08,-1.4915516999280953e-07,-5.912473355351722e-08,-4.3888075396125714e-08,8.918741656316342e-08,-7.476680963236504e-08,-6.998489965326371e-08,-5.8193744933987546e-08,1.0209906520231016e-07,1.9738634193799953e-07,6.746162029003244e-08,1.8011871816270286e-07
-8.071381785157428e-08,-9.997889804935767e-08,1.8338548102292407e-07,-4.125113761688226e-08,3.5020118360762353e-08,-3.2188444265557337e-07,2.3626178347058158e-07,-8.448551369610868e-08,3.2310190078987944e-08,1.0000005960464478,-4.1102325099018344e-08,2.75537659355507e-09,-1.3540716281568166e-07,5.242370093583304e-09,-1.0621248236475367e-07,1.5227016092467238e-07
8.799182893426405e-08,-1.281484713899772e-07,-1.0520422222271009e-07,3.8146328762422854e-08,5.3053522464097114e-08,1.686920256815938e-07,-3.1695520874563954e-08,-4.672229181323928e-08,-1.9728734201862608e-08,-1.1297053958969627e-07,4.389139718341539e-08,0.9999976754188538,4.197361747060313e-08,3.247742696999012e-08,-3.7816917597410793e-07,-9.653036414647431e-08
1.9325229061450955e-07,3.0596430633522687e-07,4.892834581937677e-08,-5.6920722357745035e-08,5.565465244217194e-08,-1.0210602141569325e-08,-5.6034661355397475e-08,1.0330646915690522e-07,5.29773913626741e-08,1.2268402826975944e-07,-2.4698971401448944e-07,-1.6042938000282447e-07,-8.20815060365021e-08,2.014444646647462e-07,-6.600775748211163e-08,0.999997615814209
6.853046841115429e-08,5.902500710419645e-09,-1.5698192612489947e-07,-2.0713008197503768e-08,4.9533653623257123e-08,9.942116463435013e-08,3.3265706633756054e-07,2.2043489877887623e-07,1.0000028610229492,-1.0429224772678936e-07,-3.514232460588573e-08,-8.52319175237426e-08,7.454267603179687e-08,2.8432593168759013e-08,8.456434130721391e-08,-2.2395395760099746e-08
4.618646798348891e-08,-2.815224604546529e-07,-8.916623528421042e-08,7.266640267289404e-08,-1.3107067431405994e-08,0.9999986290931702,-3.8310440686473157e-07,-2.921870390082404e-08,-1.1821635581554801e-07,5.5505502416508534e-08,8.42999270389555e-09,3.867781828148509e-08,3.1396834287988895e-07,1.741956765499708e-07,-7.1396250689304e-08,8.77549055644522e-08
1.765771600048538e-07,0.999999463558197,-7.022740788897863e-08,3.282256599845823e-08,-5.975766725896392e-08,7.74344144360839e-08,9.070485873508005e-08,8.478439639247881e-08,-6.292999188417525e-08,-5.916429568486592e-09,-1.0085629753575631e-07,-1.241455578337991e-07,-1.1687696144235815e-07,2.2044309488933322e-08,2.6308691758458735e-07,-9.078439688892104e-08
