-2.804850112170243e-07,-2.2168794089338917e-07,-3.94044299412144e-08,1.0259874017037873e-07,1.0000007152557373,-7.080553388050248e-08,-1.298022311857494e-07,1.7750433300989243e-07,-3.1709763703702265e-08,-6.244756889373093e-08,-2.8142054020463547e-07,2.021728704448833e-07,-3.042050309431943e-07,-1.9438452625308855e-07,1.063069277051909e-08,-1.6793497081835085e-07
-6.284837184011849e-08,-1.5351135118635284e-07,2.1822783935476764e-07,0.9999974966049194,-5.1025011771344e-08,9.341843565380259e-08,3.370065826402424e-07,6.135640262527886e-08,1.4168877271458769e-07,7.241853694495148e-08,7.173589011699733e-08,5.1950973301018166e-08,2.939436569704412e-07,-1.2240835189913923e-07,-6.51758540470837e-08,-3.6618161836088348e-09
1.665167417286284e-07,4.0854502003639936e-08,6.39105550703789e-08,1.312562147859353e-07,7.926146849968063e-08,6.103743999119615e-08,-4.623504423761915e-08,2.3750132527311507e-08,2.219969132966071e-07,-3.225807532203362e-08,2.8355319869888262e-08,9.155267122196165e-08,1.01319990619686e-07,1.1358905993574808e-07,0.9999992251396179,6.7445974138991e-08
-1.255822468237966e-07,0.9999991655349731,-4.595888114522495e-08,9.692167957098263e-09,1.0819057649769093e-07,-1.1514631381714935e-07,-2.615319374399405e-07,-1.5708882017406722e-07,5.7278093379409256e-08,-1.1257895948801888e-07,1.4380724167040171e-08,4.536145681299786e-08,-2.0514737286703166e-07,-5.158974403229877e-08,8.536733986375111e-08,8.117323346823468e-08
2.970297998672322e-07,-1.1306365621521763e-07,-7.877504515363398e-08,-6.971550448042763e-08,3.556753824796033e-08,1.343148881005618e-07,1.0000005960464478,-7.635755139290268e-08,-1.758688084052551e-09,9.736994144304845e-08,1.007291032806279e-07,-1.216450584706763e-08,-9.154737767858023e-08,1.1859764015298424e-07,-6.0028035875348e-08,-2.606224427381676e-07
-1.1783961895162065e-07,1.015484585309423e-07,2.8519411898741964e-07,5.804220748473199e-08,-2.7355284260011103e-07,-4.6380570495330176e-09,-6.361960203093986e-08,-3.783717872352099e-08,1.509571490032613e-07,-6.418456166557007e-08,9.835125069912465e-08,2.976320345737804e-08,1.531292497247705e-07,0.9999998807907104,-7.377256139307065e-08,-1.0432579244934459e-07
-5.918310819197359e-08,1.5057732127843337e-07,1.7186786749334715e-07,5.7499047301234896e-08,-3.356965549983215e-08,1.1087504958595673e-07,1.728578666870817e-07,-3.02310468214273e-07,-3.2425017337800455e-08,-4.4884043148840647e-08,5.855000750898398e-08,-8.276982299548763e-08,1.4506505863209895e-07,1.7675961316854227e-07,4.032216693872215e-08,0.999997615814209
1.0000020265579224,3.309004625862144e-07,-1.788548900094611e-07,-7.566210769027748e-08,8.67934204507037e-08,-2.4906097451093956e-07,2.594471482098015e-07,4.5736703313536964e-10,8.084354519155568e-09,-1.1684360146091421e-07,2.0068199546585674e-07,6.993550982770103e-08,2.283767628341593e-07,6.069251412554877e-08,-2.384890329665268e-08,-1.4359828526266938e-07
1.8428860926178459e-07,1.550213113432619e-08,6.475767122537945e-08,2.3105130253497919e-07,-1.2360426637769706e-07,0.9999993443489075,-1.6880417774700618e-07,1.0823010399008126e-07,-1.6667179636442597e-07,8.922475558392762e-08,1.685838313392196e-08,3.51472237980488e-08,1.8056701378554862e-07,1.1473369809777978e-08,1.5091549698809104e-07,1.011963632890911e-07
-3.7848320744160446e-07,1.2925831072152505e-07,-1.0583497811467169e-07,7.442971394766573e-08,3.777643087232718e-07,6.810866182149766e-08,1.7287719344949437e-07,-1.701474161563965e-07,5.809737757545008e-08,-1.340012545369973e-07,1.0000009536743164,6.871105018291246e-09,1.3879994753551728e-07,-1.2093381940303516e-07,1.0680537343432661e-07,5.466553076871605e-08
3.079837824770948e-07,-1.363638659768185e-07,-1.8637915388808324e-07,6.510241234991554e-08,2.0328336347574805e-08,1.0081224388613919e-07,1.1190142146233484e-07,2.437039370306593e-07,1.0000017881393433,2.458916696923552e-07,1.2190368181563827e-07,5.58983060727769e-07,2.2694569778991536e-08,-1.0035835629196299e-07,-5.3876497929650213e-08,9.880105977799758e-08
-6.56129657272686e-08,5.9362989190958615e-08,3.5008323351348736e-08,7.848025518342183e-08,1.4990921215485287e-07,-1.0201664935038934e-07,4.4074809579797147e-07,8.089016034773522e-08,5.930386492991602e-08,6.891603021585979e-08,1.1417012224512746e-08,1.0631008962036503e-08,1.0000019073486328,1.04958154167889e-07,-4.975786538352622e-08,-8.300923326487464e-08
-1.4514739410387278e-09,6.79907259382162e-08,-2.2896070106526167e-07,-1.772669548927297e-07,2.1334443545129034e-07,1.906703204213045e-07,-8.524592232106443e-08,1.0000019073486328,-6.295702803527092e-08,4.118378171824588e-08,-2.3357726419703795e-08,-9.551924762263297e-08,5.833290117607248e-08,5.8267271896284e-08,-6.734926927265406e-08,-1.0005794592871098e-07
-1.6075148323579924e-07,-2.6182009449371435e-08,-7.03077205344016e-08,4.101267947476117e-08,1.0079386925099243e-07,2.1528823168637246e-08,1.9092460945557832e-07,-5.271135705697816e-08,-6.076582081959714e-08,0.9999977946281433,-1.0267966388255445e-07,1.7533623974941293e-07,-8.50511270300558e-08,7.114056188584073e-08,-4.2960749624398886e-08,6.98303210810991e-08
6.938342522744279e-08,-5.52739898296295e-08,1.0000011920928955,-1.6941008595949825e-08,7.425994397181057e-08,-1.300462031395e-07,8.289554642715302e-08,-1.282659809476172e-07,1.7288925846514758e-07,6.414233411078385e-08,1.1064758353995785e-07,-2.065347359803127e-08,1.929030020164646e-07,4.523752394902658e-08,1.2953134387316823e-07,5.366579713950159e-08
-6.694435228382645e-08,1.4616510668474803e-07,1.2803481608258949e-09,-1.802838482944935e-07,-7.693180492651663e-08,-1.1611937367206338e-07,-1.3747184368639864e-07,-1.0698239627515704e-08,-8.806507878489356e-08,1.247828151917929e-07,5.032823580108925e-08,0.9999976754188538,-3.636744736468245e-07,-4.146513177261113e-08,8.960903841170875e-08,2.2275836286667072e-08
