1.4690074578993517e-07,-1.5212137327580422e-07,8.828718733866481e-08,-1.4380831636628955e-08,0.9999983906745911,-8.207477719679446e-08,2.444165261294984e-07,-6.456328804915756e-08
-7.738052687500385e-08,-1.0840767572517507e-07,6.053690526641731e-08,1.1057602478103945e-07,-8.843565524330188e-08,0.9999984502792358,1.2670125215663575e-07,1.0211299894535841e-07
1.2597284637649864e-07,-3.5071504811412524e-08,3.09026489730968e-07,1.1746338657303568e-07,1.7785190209451684e-07,6.536793506484173e-08,1.0000020265579224,2.7797119628303335e-07
1.577924813034315e-08,-8.53648458587486e-08,-6.136973240700172e-08,5.6709428264412054e-08,-1.56360968617264e-07,-9.649887999785278e-08,-1.5250815055267708e-09,0.9999985694885254
-4.283950261196878e-08,0.999998927116394,-2.0905261521875218e-07,9.084541829906811e-08,-8.212614233116255e-08,-1.0013935458630385e-08,2.6481989934268313e-08,1.935538485042798e-08
2.304355106730327e-08,-4.9889219866372514e-08,-1.972443186559758e-07,1.0000017881393433,-9.926984745334266e-08,-1.1890593754060319e-07,1.1635246011110212e-07,-1.1581137471239344e-07
9.708897863447419e-08,3.2767786706244806e-08,0.9999998211860657,1.1846360337131046e-07,1.1679888700655283e-07,-1.0293923935478233e-07,-1.5760561211664026e-07,2.7805564073446476e-08
0.9999977946281433,-1.9411962171034247e-07,-4.361737282465583e-08,1.3591085235020728e-07,-2.3473110388749774e-07,1.7156951059860148e-07,1.224838896973779e-09,3.930956182784939e-08
