0.2035379856824875,0.12562738358974457,0.18512508273124695,-0.5896804332733154,0.2558688819408417,0.30077534914016724,-0.4200085997581482,-0.024460632354021072,-0.4687051773071289,-0.09039414674043655
-0.16483765840530396,0.17249277234077454,-0.26521167159080505,0.07191737741231918,-0.039666105061769485,0.7485017776489258,0.43930211663246155,-0.17098112404346466,-0.18883538246154785,0.218759223818779
-0.25497275590896606,-0.4355139434337616,-0.03663063049316406,-0.030359460040926933,-0.45044511556625366,0.026272591203451157,-0.11297903209924698,-0.536639392375946,-0.21932122111320496,-0.4365940988063812
0.33104419708251953,0.4801739454269409,0.048377882689237595,-0.0002841394452843815,-0.13870713114738464,0.06270673125982285,-0.20872828364372253,-0.6085320711135864,0.4680299460887909,0.03740520030260086
0.2417159378528595,0.022275257855653763,-0.6794423460960388,0.13799335062503815,-0.1132633164525032,0.2178293913602829,-0.3608238995075226,0.3397946059703827,0.12441962957382202,-0.37279820442199707
0.06325909495353699,-0.10363637655973434,-0.483342707157135,0.21108873188495636,0.4646352529525757,-0.31966260075569153,-0.1291421353816986,-0.4150724709033966,-0.329262375831604,0.30270761251449585
-0.514572024345398,0.44616809487342834,-0.2520010471343994,-0.2596685588359833,-0.41018474102020264,-0.2669459283351898,-0.22221146523952484,0.10854887217283249,-0.1351301670074463,0.2937449514865875
0.3233283460140228,0.4625231623649597,0.02417820133268833,0.17109064757823944,-0.1625070422887802,-0.28716641664505005,0.3899286687374115,0.01591114141047001,-0.48968958854675293,-0.3882122337818146
0.0996454507112503,0.002428936306387186,0.3327299654483795,0.6246461272239685,-0.26473546028137207,0.18494774401187897,-0.44266772270202637,0.09944304823875427,-0.30202898383140564,0.29633787274360657
-0.5613524317741394,0.3316468596458435,0.14712505042552948,0.3093555271625519,0.46621787548065186,0.08421079069375992,-0.17327919602394104,-0.04692723974585533,0.06580530852079391,-0.4433272182941437
