-1.2803363702573733e-08,2.613401584028452e-08,-1.7018784603806125e-07,1.4364846379066876e-07,6.753950287929911e-08,-1.864937360096519e-08,2.8209150571001373e-08,-7.635010490503191e-08,9.588502436486124e-09,0.9999979734420776,1.8060313777823467e-07,-2.7526419899004395e-07,-3.6120258783967074e-08,-1.953600392567978e-09,5.9436768395926265e-08,-4.818194199174286e-08
-6.741662872400411e-08,1.204808626198428e-07,0.9999988675117493,-4.585615798191611e-08,1.0261122440624604e-07,3.6801271363628985e-08,5.7822095556048225e-08,-6.934870810937355e-08,-2.056061987332214e-07,-7.859374306917744e-08,-2.444488984565396e-07,-8.176083809985357e-08,-6.275192276916641e-08,5.089802357360895e-08,-1.1935709665067407e-07,1.828356488431382e-07
6.655471196381768e-08,-1.6309147099491383e-07,2.6267542807545396e-07,-4.1710503495551166e-08,5.158920046710591e-08,-6.084788850557743e-08,-1.3252569885935372e-07,4.842955547701422e-08,7.00046101087537e-08,-8.590917843775969e-08,-1.1230777374748868e-07,-1.7548707376136008e-07,1.0000019073486328,-2.8517442274278437e-07,-4.2902733810024074e-08,-1.0937989003423354e-07
-5.332518426826027e-08,1.2196628063065873e-07,-8.103142334903168e-08,6.334687441267306e-08,-6.139728014886714e-08,1.0047119758382905e-07,-1.4930719993699881e-09,-4.280759355879127e-07,1.0000008344650269,-1.2187354059278732e-07,-1.6825475768200704e-07,1.6250220369329327e-07,-7.881662433817382e-09,9.759956043353668e-08,-4.613689696952861e-08,2.1826184593010112e-07
1.163255163305621e-07,1.000001311302185,-6.653088746588764e-08,-1.1337451866211268e-07,-6.755008996606193e-08,-1.2885385558547569e-07,1.0562519037193852e-07,-2.6621364668244496e-07,-1.535712357281227e-07,8.371495141545893e-08,-1.5519128737651045e-07,6.729753465606336e-08,7.640747412551718e-08,-1.0364752256464271e-07,3.607898690916045e-07,-4.5389839442577795e-08
-6.748371816911458e-08,-2.0717688187232852e-07,1.319310598546508e-07,-7.432871029777743e-08,-2.0680091949998314e-07,2.8189687029112065e-08,-2.9372614562817034e-08,4.479586124261914e-08,7.217536079906495e-08,-4.6757076432868416e-08,-6.229102922361562e-08,1.0000020265579224,-6.018670006824323e-08,-6.220786730182226e-08,-1.0380760784300946e-07,-1.4883767107676249e-08
-3.6166284189675935e-08,-2.667629139807559e-08,-2.2047331071917142e-07,0.9999976754188538,8.285862662660293e-08,-1.2286895412216836e-07,-6.446799716286478e-08,-5.4515094660700925e-08,5.217108522970193e-08,-4.030338018878865e-08,-3.873455156622185e-08,7.890225361961711e-08,-8.301969955937238e-08,1.0376601267125807e-07,6.682167708049747e-08,-1.4870798814570207e-08
-2.4321440150743e-07,1.6636765565181122e-07,-8.067525669730458e-08,-7.930680823164948e-08,-8.565166353946552e-08,9.571582637590836e-08,-2.787994048958353e-07,2.4610795179569322e-08,2.8327451673249016e-07,-1.6685540060734638e-07,-7.278376301655953e-08,-1.8431576265243166e-08,-1.5489699478621333e-07,1.8884750829784025e-07,1.0000017881393433,5.442619865902998e-08
-8.046781374559941e-08,-2.007933943559692e-07,-1.245271477046117e-07,1.114948844360697e-07,-2.177523725777064e-07,-4.666074460146774e-08,-6.304641431142954e-08,-7.026797987919053e-08,2.6249534101907557e-08,-2.223396222689189e-07,3.2630005364353565e-08,-2.6022359378430338e-08,8.501839232621933e-08,7.087880504741406e-08,4.727691660377786e-08,0.999998152256012
7.472565677346665e-09,-2.3124895776049925e-08,-6.601887747592627e-08,-6.435465138565633e-08,-7.709454052928777e-08,-5.66350628616874e-08,-6.212568592900425e-08,1.0000027418136597,6.395720930640891e-08,-7.39825196660604e-08,-3.2012170692041764e-08,-3.5525019370652444e-08,-7.955866720976701e-08,-3.7384631923487177e-07,-1.989021853887607e-07,-1.8278905145052704e-07
-5.3138936806362835e-08,1.449406710207768e-07,6.656262740989405e-08,2.373105445485635e-08,6.499288218719812e-08,0.9999980330467224,1.76257003658975e-07,5.791202895011338e-08,-3.1081870588423044e-07,6.736995317169203e-08,1.0400626848650063e-07,9.869848582866325e-08,6.983307798691385e-08,-1.22772618738054e-07,3.3784101560740964e-07,5.770861832843366e-08
-1.052100344622886e-07,6.018120668471738e-09,-1.806856531061385e-08,7.073505514654244e-08,1.1294068968936699e-07,2.400406344804651e-07,7.415836478230631e-08,5.5068685611558976e-08,4.1302865128045596e-08,-4.663261776727268e-08,0.999998152256012,6.997767343364103e-08,6.146499487158508e-08,4.4849065261587384e-07,-6.683733033696626e-08,-7.148064895545758e-08
3.4376438406980014e-07,1.5410960285677788e-09,5.706144534656232e-08,1.0521777937810839e-07,1.0000005960464478,3.3753842387795885e-08,3.6094041888645734e-07,-6.840044619593755e-08,1.3863972014860337e-07,-1.0961217355998087e-07,6.353579351525696e-08,-6.16896222993546e-09,1.1787505194149617e-08,-5.973233641043407e-08,7.216343789195889e-08,-2.8247361782973712e-08
7.796603918031053e-10,3.7716915812779916e-08,-2.645407448653714e-07,1.0742036948840905e-07,-1.1138644850916535e-07,-7.807449975416603e-08,-1.6802697189177707e-07,3.011207283520889e-08,9.132537570621935e-08,6.567468346929672e-08,-2.9069908702439307e-09,-3.815599924905655e-08,-4.561121969004489e-08,0.999997615814209,6.559525900229346e-08,3.962583861039093e-08
-1.7994180367963963e-08,-1.2413651973020023e-07,-2.6415337472940337e-08,-4.1770701386667497e-07,-9.08799613341671e-09,-1.9661268879644922e-07,1.0000014305114746,-1.603073229716756e-07,-2.875035143290461e-08,-7.120322464970741e-08,-8.50496348903107e-08,-2.20703910258635e-07,-7.918235844783794e-09,1.0517598525439098e-07,-2.298235557418593e-07,4.773478945452325e-09
0.999998152256012,-6.235323013470406e-08,1.9233844739119377e-07,-5.483933662731033e-08,-7.13947585495589e-08,-3.561747519142955e-08,-1.90430373692152e-08,5.1827704794504825e-08,6.767288596165599e-08,-3.210592325331163e-08,-5.769114252984764e-08,1.9951292529185594e-07,-1.337627963948762e-07,1.4568519723923146e-08,-2.8185963785176682e-08,4.981191992214917e-08
