1.556218052201075e-07,2.9700180448344327e-07,-2.3655773873088037e-07,0.9999979734420776,-3.2896569024387645e-08,-1.3220744676800678e-07,-7.200249996230923e-08,-8.956069308396764e-08
2.4195443870667077e-07,1.0000011920928955,9.943232015530157e-08,-7.608165475403439e-08,4.818333465550495e-08,1.847791111231345e-07,-5.887317300334871e-08,-1.2869368681833748e-08
-1.7461964318954415e-07,-3.4735304410560275e-08,1.2565294360555868e-09,1.8831096681992676e-08,1.0000011920928955,-4.867882807957358e-08,3.476478127595328e-07,1.4091443745201104e-07
1.0000005960464478,-5.480025322412985e-08,1.2736039423089096e-07,6.341760450112588e-09,4.517968932304939e-08,-5.08994908443583e-08,1.2948875394158676e-07,7.046067906912867e-08
1.0153183183092551e-07,1.962418423318013e-07,1.6869580576894805e-07,7.037331783976697e-08,1.5927229313206226e-08,3.809894977280237e-08,0.9999998807907104,2.0658108113025264e-08
-1.8677344826301123e-07,2.30663104616724e-07,-8.807170104319084e-08,1.0085223323130776e-07,-1.0020432483770492e-07,-1.531286102363083e-07,-1.79146198320268e-07,1.0000015497207642
1.2866368592767685e-07,-1.9817038321434666e-07,1.513698606459002e-07,5.7376841056111516e-08,1.7572791932707332e-07,0.9999984502792358,4.7937597003056e-08,-2.300784700537406e-07
-2.0466856653911236e-07,-6.551827169687385e-08,1.0000008344650269,-2.3114109737321087e-08,1.1867808069609964e-07,2.529907305870438e-07,7.877878971385144e-08,-6.626751059002345e-08
