0.2386845499277115,-0.07109194248914719,0.21194688975811005,0.1231132298707962,0.156724214553833,0.1632380336523056,0.19861748814582825,-0.54627925157547,-0.6838507056236267,-0.14549702405929565
0.12114615738391876,-0.3632550537586212,-0.44736966490745544,-0.4597194194793701,0.31377094984054565,0.004839389119297266,0.5302093625068665,-0.038752198219299316,0.06610818207263947,0.23752576112747192
0.09983601421117783,0.5620412826538086,-0.11788984388113022,-0.026077982038259506,-0.08876804262399673,-0.426133394241333,0.4555089771747589,-0.18783758580684662,0.1886332780122757,-0.4378838837146759
0.8659602999687195,-0.02725355699658394,-0.03366159275174141,-0.09277623891830444,0.0010529829887673259,0.08073203265666962,-0.1874295473098755,0.36652106046676636,0.003903427394106984,-0.25225308537483215
0.022274727001786232,0.5016798377037048,-0.5050405859947205,0.27858152985572815,0.09694626182317734,0.050397589802742004,-0.008908361196517944,0.2690991461277008,-0.4180728793144226,0.3948814272880554
-0.1108737364411354,-0.0498826764523983,-0.21349163353443146,-0.20541776716709137,-0.7837587594985962,0.41292229294776917,0.19991007447242737,0.08364489674568176,-0.18982453644275665,-0.1722489297389984
-0.21143099665641785,0.06554077565670013,0.1004796177148819,0.2458348274230957,0.40780186653137207,0.5622164011001587,0.3297923803329468,0.349758118391037,0.12183060497045517,-0.3900565207004547
-0.09409106522798538,-0.48628583550453186,-0.05186477676033974,0.41360288858413696,-0.11297548562288284,-0.5098586082458496,0.22186711430549622,0.38467755913734436,-0.2740362286567688,-0.18947532773017883
-0.11718298494815826,-0.17956289649009705,-0.6465689539909363,0.13406051695346832,0.1368858814239502,0.05018571391701698,-0.43284064531326294,-0.31012406945228577,0.06417239457368851,-0.45727479457855225
0.2973616421222687,-0.1384880244731903,-0.09179254621267319,0.6284388303756714,-0.21823376417160034,0.1833520233631134,0.22678272426128387,-0.29079949855804443,0.4330195188522339,0.29033005237579346
