0.07945060729980469,-0.32515236735343933,-0.07339729368686676,-0.43522506952285767,0.204552561044693,-0.1907278150320053,0.45461273193359375,0.26250502467155457,0.21575188636779785,0.15478193759918213,-0.21435335278511047,0.2753050923347473,-0.15744078159332275,-0.2735702693462372,-0.01955319568514824,-0.21702057123184204
-0.4046073853969574,0.0838748887181282,-0.009825400076806545,0.14377771317958832,0.06690037250518799,-0.3383285701274872,0.23851992189884186,-0.7117689847946167,-0.04137329384684563,0.15903380513191223,-0.063344806432724,0.01911327615380287,-0.0320701077580452,-0.26415395736694336,-0.15135282278060913,-0.030713779851794243
-0.2810002863407135,0.1391432136297226,0.4318343698978424,-0.4087582230567932,0.09384860843420029,0.3676949739456177,0.18787764012813568,0.0635572150349617,-0.07207885384559631,0.12295600771903992,-0.05088162422180176,-0.3694761097431183,-0.11609069257974625,-0.08388814330101013,-0.1578996777534485,0.3998850882053375
0.40943077206611633,0.08299081772565842,0.04729122668504715,-0.10164140909910202,-0.09062013030052185,0.2677523195743561,0.23563313484191895,-0.16296541690826416,-0.39257898926734924,0.26153191924095154,0.04372991621494293,0.031222809106111526,0.42239853739738464,0.03538677468895912,-0.36424580216407776,-0.33641546964645386
-0.10980731248855591,-0.17854395508766174,0.07794291526079178,-0.032623182982206345,-0.41252395510673523,-0.014099632389843464,-0.23840747773647308,0.11715205758810043,-0.3177153468132019,-0.344011515378952,-0.08642154932022095,-0.11403308063745499,-0.3213713765144348,-0.415385901927948,-0.3172328770160675,-0.3029332160949707
-0.17775622010231018,0.05094268545508385,0.042393386363983154,-0.0316009595990181,-0.4605337977409363,0.2631404399871826,-0.024096492677927017,0.005500216502696276,0.11269751936197281,0.03868861123919487,-0.1585172563791275,0.40860700607299805,0.421895295381546,-0.4020606279373169,0.3175627291202545,0.18516449630260468
-0.21386706829071045,-0.310124009847641,-0.007046214770525694,0.04340001568198204,0.05077957361936569,0.08130528777837753,0.30789661407470703,-0.003306920640170574,-0.10262583196163177,-0.5264912843704224,0.2516593337059021,0.3713158369064331,0.15252770483493805,0.25149837136268616,-0.32574334740638733,0.2656911015510559
0.020102480426430702,-0.5402598977088928,-0.07419414073228836,0.04762538522481918,0.04525766894221306,0.3802834749221802,-0.19480007886886597,-0.33213192224502563,0.14193564653396606,0.03674221783876419,-0.5664926171302795,-0.08539485931396484,-0.028781482949852943,0.22894175350666046,-0.045550063252449036,-7.491574069717899e-05
0.24295179545879364,-0.2579282820224762,-0.2826215922832489,-0.37379398941993713,-0.2968098521232605,0.035997241735458374,-0.0829678624868393,-0.3290756046772003,0.2577628195285797,0.06619364023208618,0.5399070978164673,-0.17243582010269165,-0.09807326644659042,-0.10543259978294373,-0.007142223417758942,0.19350053369998932
0.22096222639083862,0.28711339831352234,-0.15839257836341858,-0.3379310071468353,0.3973408341407776,-0.10604323446750641,-0.3651527464389801,-0.13707245886325836,0.06227878853678703,-0.3824176490306854,-0.2244262993335724,0.060860589146614075,0.2504592537879944,-0.25642091035842896,-0.21737992763519287,0.16815678775310516
-0.3267424702644348,-0.4266662299633026,-0.09872950613498688,-0.009316971525549889,0.18999241292476654,-0.23537901043891907,-0.2551436722278595,0.25605252385139465,-0.17386573553085327,0.2530241310596466,0.14552077651023865,-0.2806891202926636,0.5171558856964111,-0.12198314070701599,-0.045903850346803665,0.023426327854394913
0.07315286248922348,-0.07493968307971954,0.39704790711402893,-0.33238035440444946,-0.28189241886138916,-0.4388103783130646,0.0965811237692833,-0.14888428151607513,-0.00836210511624813,-0.2900887429714203,-0.16581955552101135,-0.2094786912202835,0.2569965124130249,0.31766369938850403,0.28519386053085327,-0.11621220409870148
-0.14131158590316772,-0.044174984097480774,0.05951410531997681,-0.37619224190711975,0.13406988978385925,0.00630818959325552,-0.3463161289691925,-0.14941473305225372,-0.4996746778488159,0.19570471346378326,0.11067820340394974,0.4585317075252533,-0.2395334541797638,0.20078258216381073,0.2530252933502197,-0.023549048230051994
-0.2588360905647278,0.2584589123725891,-0.3515319526195526,-0.21898967027664185,-0.3884093761444092,-0.18978382647037506,-0.0860937163233757,0.1710253804922104,0.1335994154214859,0.23416119813919067,-0.22843651473522186,0.08397604525089264,-0.0004722869489341974,0.39265716075897217,-0.42288750410079956,0.07873740047216415
0.3541214168071747,-0.1729995608329773,0.4943794906139374,0.21473725140094757,-0.08556652814149857,-0.3141525983810425,-0.20196858048439026,0.032299790531396866,0.07860076427459717,0.2771882116794586,-0.0338004045188427,0.2499070167541504,-0.07263977080583572,-0.06474240124225616,-0.311899870634079,0.3910771906375885
-0.24750494956970215,0.05620464310050011,0.3853404223918915,-0.07878608256578445,0.10987856984138489,0.16232123970985413,-0.26956096291542053,-0.04871425777673721,0.5232430696487427,0.009277267381548882,0.26941290497779846,0.15924856066703796,0.09176531434059143,0.07671777904033661,-0.196345254778862,-0.49270719289779663
