0.26049259305000305,-0.464653879404068,-0.17217986285686493,-0.18330760300159454,-0.3089587092399597,0.011198197491466999,0.6418187022209167,0.1529320925474167,0.2228958010673523,-0.1543993353843689,-0.06504395604133606,0.21056735515594482
-0.46934205293655396,-0.21449540555477142,-0.38388463854789734,-0.6388522386550903,-0.10857925564050674,0.15967203676700592,-0.2286064773797989,-0.09334129095077515,0.09243816882371902,0.07034575939178467,-0.09225258231163025,-0.2407263070344925
-0.034516315907239914,0.08640743792057037,-0.07081965357065201,-0.055960096418857574,0.29919061064720154,-0.45807310938835144,0.33668941259384155,-0.5999413132667542,0.19317913055419922,0.354045569896698,-0.21847647428512573,-0.012782243080437183
-0.03445375710725784,0.010208223946392536,0.04483636096119881,-0.40209484100341797,0.1813713163137436,-0.13087862730026245,-0.0869249701499939,-0.06437738984823227,-0.26670563220977783,0.003373372135683894,0.3897949159145355,0.7417599558830261
-0.13007207214832306,-0.2142021805047989,-0.4165688753128052,0.27435168623924255,0.3681178689002991,-0.14953263103961945,0.051568664610385895,-0.09057002514600754,0.08588782697916031,-0.4298030436038971,0.5373724102973938,-0.19695726037025452
0.37993481755256653,-0.4491327404975891,0.21031202375888824,-0.18918350338935852,0.4472940266132355,0.24393942952156067,-0.020515834912657738,-0.17926636338233948,-0.4369807839393616,-0.05803738906979561,-0.16157791018486023,-0.24767504632472992
0.03988484665751457,0.2814709544181824,-0.26409652829170227,-0.054712794721126556,-0.14367492496967316,0.10281722992658615,0.41270482540130615,0.09825335443019867,-0.5294367074966431,0.3950827121734619,0.34701108932495117,-0.28006723523139954
0.35030847787857056,-0.3411634564399719,-0.2164762318134308,0.22750921547412872,-0.165114626288414,0.14966626465320587,-0.3721715211868286,-0.1713191121816635,0.2232467085123062,0.5571262240409851,0.2729911506175995,0.09995812922716141
0.011912671849131584,-0.15860292315483093,0.012076792307198048,0.10387033969163895,-0.5965285897254944,-0.3683614134788513,-0.17045556008815765,-0.43316248059272766,-0.4191931188106537,-0.2760728597640991,-0.027835868299007416,-0.05323293060064316
-0.09703812748193741,0.10034673660993576,0.48810476064682007,-0.11146536469459534,-0.1702774465084076,0.42686352133750916,0.19392210245132446,-0.4575069844722748,0.2657921314239502,-0.10864899307489395,0.41828975081443787,-0.11959394067525864
-0.6306992769241333,-0.3894154727458954,0.11911646276712418,0.42670735716819763,0.03909064829349518,0.21826790273189545,0.1893102526664734,-0.019839486107230186,-0.22827103734016418,0.21523715555667877,-0.12684868276119232,0.23319318890571594
-0.12871314585208893,-0.31690070033073425,0.4785512685775757,-0.1494985818862915,-0.022095104679465294,-0.5167585611343384,-0.02179420180618763,0.35657501220703125,0.0798388421535492,0.2385941743850708,0.29315242171287537,-0.2953970432281494
