0.05573928728699684,0.08874884992837906,-0.6181395649909973,0.35980403423309326,0.0603695772588253,0.24257077276706696,-0.2649821639060974,-0.23469211161136627,-0.16999809443950653,0.2877671718597412,-0.04418959468603134,-0.13572318851947784,-0.33244454860687256,-0.006315153557807207,0.21640834212303162,0.014416433870792389
0.016390757635235786,0.12569138407707214,-0.3675099015235901,-0.6743083596229553,0.08409004658460617,0.16522130370140076,0.0689253881573677,-0.061498887836933136,0.32809799909591675,0.22814230620861053,0.24152441322803497,0.29633086919784546,-0.015603650361299515,-0.21087093651294708,-0.014422808773815632,-0.022645192220807076
0.48407989740371704,0.2930600345134735,-0.05062752217054367,0.1173880398273468,-0.3972802758216858,-0.023804884403944016,-0.12169003486633301,-0.23014454543590546,0.15033793449401855,-0.15757907927036285,0.42633047699928284,0.03635114058852196,0.21556562185287476,0.348262220621109,-0.07898788154125214,0.18100202083587646
-0.11061441898345947,0.17925721406936646,0.07592848688364029,-0.22818884253501892,0.03554949909448624,-0.08646608889102936,0.3746054470539093,0.13701538741588593,-0.03605467826128006,0.008250575512647629,0.20678122341632843,-0.3036942481994629,-0.42284247279167175,0.48680058121681213,0.42068445682525635,0.029149554669857025
-0.09343387186527252,-0.14185230433940887,0.2549605667591095,0.08318313211202621,-0.06181345880031586,0.411258339881897,-0.044314462691545486,-0.22784382104873657,-0.08478127419948578,-0.24885575473308563,0.4334295988082886,0.09877917915582657,-0.0866871103644371,-0.1686457395553589,0.2409774363040924,-0.5582409501075745
-0.5905753970146179,0.17466306686401367,-0.1322488784790039,0.21752795577049255,-0.22223582863807678,-0.5309911966323853,-0.028246989473700523,-0.10852310061454773,0.05993672087788582,0.07371392101049423,0.19957442581653595,0.31259289383888245,0.11850108206272125,-0.0683886781334877,0.21391575038433075,-0.030661631375551224
0.07566279917955399,0.09939485043287277,0.29745611548423767,0.3520347476005554,0.12515641748905182,-1.9385181076359004e-05,0.3829914629459381,-0.10267981141805649,0.18870607018470764,0.565110445022583,0.2772440016269684,-0.05394089221954346,-0.16453929245471954,-0.1960163116455078,-0.3136209547519684,0.022545145824551582
0.24902307987213135,0.007416910491883755,0.22505858540534973,-0.14896200597286224,0.4202635586261749,-0.4743162989616394,-0.4649774730205536,-0.28791722655296326,0.16027171909809113,0.14131712913513184,-0.004389773588627577,-0.15507769584655762,-0.03800860792398453,0.03520752489566803,0.15596406161785126,-0.2601105868816376
-0.10587763041257858,0.189782053232193,0.17843705415725708,0.021448718383908272,0.016878575086593628,0.09947236627340317,-0.21161921322345734,0.04053632169961929,0.26027894020080566,-0.2613721489906311,0.12878930568695068,-0.31977763772010803,-0.11813706159591675,-0.5144056081771851,0.23853032290935516,0.5229688882827759
0.0014736396260559559,-0.2051929235458374,-0.20895683765411377,0.14427267014980316,-0.08939813822507858,-0.1811642050743103,0.0035335365682840347,0.07393099367618561,0.5174058079719543,-0.3815959692001343,-0.04429975152015686,0.021183956414461136,-0.5349763035774231,0.03601060062646866,-0.33073848485946655,-0.18575607240200043
-0.21275745332241058,-0.2635706067085266,-0.0541999414563179,-0.1842205822467804,0.033972155302762985,-0.05830621346831322,0.23349396884441376,-0.7636046409606934,-0.15623493492603302,-0.16927742958068848,-0.011624949984252453,-0.20783878862857819,-0.001918325899168849,0.034099359065294266,-0.22060105204582214,0.24494557082653046
0.03750384598970413,-0.19463415443897247,-0.19485221803188324,0.29643863439559937,0.48970285058021545,0.10452651232481003,0.3002880811691284,-0.022973986342549324,0.40741458535194397,-0.16077694296836853,0.013633700087666512,0.05223628133535385,0.4147053360939026,0.15047845244407654,0.3163664638996124,0.06301342695951462
-0.3593331575393677,0.3824760615825653,0.13784386217594147,-0.01942829042673111,-0.1402079164981842,0.339510977268219,-0.1272592544555664,-0.17442424595355988,0.4044354557991028,0.11498844623565674,-0.3707437217235565,-0.2403722107410431,0.16722334921360016,0.25130414962768555,-0.10738413780927658,-0.22136080265045166
0.2798667252063751,-0.2935047447681427,0.1250004768371582,-0.028986506164073944,-0.5035089254379272,-0.05479907989501953,0.19470727443695068,-0.18788714706897736,0.2267613410949707,0.21413566172122955,-0.37800705432891846,0.0883059948682785,-0.061763696372509,-0.15559804439544678,0.46185797452926636,0.005325942765921354
-0.24384643137454987,-0.5885046720504761,0.11725322902202606,-0.03605026751756668,-0.09313008189201355,0.1588883250951767,-0.39108723402023315,0.13791054487228394,0.16136804223060608,0.3131502568721771,0.26310038566589355,0.0003563031496014446,0.0013587222201749682,0.32459530234336853,-0.024673813953995705,0.27197232842445374
0.004481373354792595,-0.18303246796131134,-0.29682403802871704,-0.06353046745061874,-0.2315174788236618,-0.17088188230991364,0.08778078109025955,0.19182506203651428,0.024389052763581276,0.0893465206027031,0.20540204644203186,-0.6719964742660522,0.3316299617290497,-0.20496022701263428,-0.05237146094441414,-0.29993584752082825
