0.3551897704601288,0.054677244275808334,-0.2089078724384308,-0.18042130768299103,0.32239070534706116,-0.03309357538819313,0.10005852580070496,0.06949897855520248,-0.25739288330078125,-0.24634741246700287,-0.489732563495636,0.5549829602241516
-0.0549447126686573,-0.4099683463573456,0.13880082964897156,-0.10756433010101318,-0.36519676446914673,-0.4903033375740051,0.056824710220098495,-0.1395755261182785,-0.39537036418914795,-0.3393939435482025,0.2942392826080322,0.20860104262828827
0.21279586851596832,0.34608757495880127,-0.49156495928764343,-0.30575692653656006,-0.3292686939239502,-0.006506388541311026,-0.0690259039402008,0.243055060505867,-0.4337190091609955,0.08608639240264893,0.11257070302963257,-0.345434308052063
-0.13634845614433289,-0.33570584654808044,0.08902964740991592,-0.3268657326698303,-0.14112909138202667,0.1176525205373764,-0.30287519097328186,0.3933869004249573,0.2160547971725464,-0.4338085353374481,-0.3899628520011902,-0.29454389214515686
0.0862850472331047,-0.4050387740135193,0.03460147604346275,0.25488245487213135,-0.20477613806724548,0.2515445351600647,-0.42936161160469055,-0.11006079614162445,-0.38281258940696716,0.46776458621025085,-0.30054935812950134,0.07059168815612793
-0.1964091807603836,-0.0878225639462471,-0.07836075127124786,-0.5458996295928955,0.43980100750923157,-0.10431670397520065,-0.22431445121765137,-0.563649594783783,-0.1020226776599884,0.1164405420422554,-0.013060344383120537,-0.23044142127037048
-0.03574870154261589,-0.46706274151802063,-0.5937916040420532,0.1926957219839096,0.30335909128189087,0.29462119936943054,-0.0026563776191323996,0.10333863645792007,0.021145954728126526,-0.18752817809581757,0.40648964047431946,0.02216995321214199
-0.5788291096687317,0.05158329755067825,0.1085459515452385,0.1971796154975891,0.3552863895893097,-0.12518061697483063,0.1923268735408783,0.3775842785835266,-0.49541667103767395,0.05380714312195778,-0.13680559396743774,-0.15208327770233154
0.08155155926942825,-0.16152144968509674,0.22631563246250153,-0.19859962165355682,-0.11948763579130173,0.5802315473556519,0.6317027807235718,-0.19697152078151703,-0.22027350962162018,-0.0768599882721901,-0.04519239813089371,-0.1770227700471878
-0.5888839960098267,0.1524510681629181,-0.4332629144191742,0.05579004064202309,-0.401172012090683,0.09842278063297272,0.09789326041936874,-0.31189993023872375,0.1174643412232399,-0.09567943215370178,-0.2909198999404907,0.23252487182617188
0.2664056420326233,-0.12327359616756439,-0.2044040709733963,0.43305087089538574,0.03515630587935448,-0.35867780447006226,0.21418261528015137,-0.27530887722969055,0.03560154512524605,-0.16435100138187408,-0.3662782311439514,-0.5201192498207092
0.014155508950352669,0.37330710887908936,0.1873578429222107,0.2940753698348999,0.06554244458675385,0.3049425482749939,-0.4050811529159546,-0.25869497656822205,-0.2760726511478424,-0.5621618628501892,0.11642918735742569,-0.06900390982627869
