-0.08476961404085159,0.0014490591129288077,0.5337187051773071,-0.05375717207789421,-0.13730153441429138,-0.49098217487335205,0.20358997583389282,0.6353743076324463
0.5830883979797363,0.3000737130641937,-0.008447826839983463,0.024474389851093292,-0.40636834502220154,-0.15108439326286316,-0.6125756502151489,0.07799698412418365
0.07266315072774887,-0.28238940238952637,0.11165700107812881,0.00843807216733694,0.6726672053337097,0.1964745819568634,-0.5166735053062439,0.37999990582466125
0.6569321751594543,-0.2021196186542511,-0.057492759078741074,0.5124393701553345,0.10132715106010437,0.1082475483417511,0.4707717001438141,0.1344539076089859
0.24751147627830505,-0.14814075827598572,0.4824011027812958,-0.10384223610162735,0.29823869466781616,-0.4232714772224426,-0.022221222519874573,-0.6361594796180725
0.06973283737897873,-0.7073327898979187,0.2584047019481659,-0.24977043271064758,-0.481463760137558,0.358174592256546,-0.06682387739419937,-0.03312956169247627
0.38677093386650085,0.18687453866004944,-0.1228342205286026,-0.8041908144950867,0.18022924661636353,0.13095219433307648,0.2942313849925995,0.13217642903327942
-0.016260679811239243,0.4818403422832489,0.6202632188796997,0.11812830716371536,0.005230714101344347,0.6009939312934875,0.05650877580046654,-0.06686261296272278
