0.21979522705078125,0.26613640785217285,0.7929090261459351,0.3072774112224579,-0.031302560120821,0.11766014248132706,0.08259426802396774,0.36890357732772827
-0.11755306273698807,0.25899505615234375,-0.3402695953845978,0.33190420269966125,-0.10708833485841751,0.009505636058747768,-0.6739420890808105,0.4768701195716858
0.3407256603240967,0.31591561436653137,-0.3816348910331726,-0.12909013032913208,0.4068012237548828,0.5026219487190247,0.34194526076316833,0.2945384979248047
0.2686348557472229,0.5250863432884216,-0.1491004228591919,0.4246384799480438,-0.2652953267097473,0.025348639115691185,0.0478212796151638,-0.6134007573127747
-0.7945473790168762,0.34664472937583923,-0.0469755120575428,0.0918612852692604,-0.1394871175289154,0.04507940635085106,0.4491727352142334,0.12098930776119232
0.17082390189170837,-0.10751072317361832,-0.21254058182239532,0.4398704171180725,0.2604656219482422,-0.6860973238945007,0.3617830276489258,0.2261514961719513
0.2872312366962433,-0.10670841485261917,-0.18157541751861572,-0.17982085049152374,-0.812716007232666,-0.029095424339175224,0.27107617259025574,0.3255288004875183
-0.08138266950845718,-0.5860598087310791,-0.08534641563892365,0.6034703254699707,-0.06225667893886566,0.5091041326522827,0.1168002337217331,-0.04174237698316574
