0.14120355248451233,0.12037234753370285,0.5646806359291077,-0.17213793098926544,-0.2802407443523407,-0.034374039620161057,-0.3987943232059479,-0.26150381565093994,0.18378859758377075,-0.03737838566303253,0.0779581293463707,0.1130487471818924,0.2174859493970871,-0.281232625246048,-0.033947281539440155,-0.3582732677459717
-0.3695763349533081,-0.318882018327713,-0.05033549666404724,-0.34046563506126404,-0.26834574341773987,-0.06571468710899353,-0.3294212818145752,-0.05582594498991966,0.018739541992545128,-0.10068520903587341,0.4508170485496521,-0.2715531289577484,-0.2787485420703888,0.05838906764984131,0.13957558572292328,0.2593401372432709
-0.02111591212451458,-0.4027596116065979,-0.15820762515068054,-0.010426257736980915,0.015216773375868797,0.41273462772369385,-0.19613149762153625,0.06525018811225891,0.15151891112327576,0.31780487298965454,-0.06126406043767929,0.20725619792938232,-0.07998022437095642,0.3508675694465637,0.18637682497501373,-0.5137935876846313
0.312643826007843,0.2699894905090332,-0.032989997416734695,-0.2250114381313324,-0.0646616593003273,-0.18134303390979767,0.012473750859498978,0.12062223255634308,0.6666293740272522,0.2625889480113983,-0.03787590190768242,0.12393609434366226,-0.3209567666053772,0.17116092145442963,0.04103654995560646,0.24845877289772034
0.03597556799650192,-0.06640839576721191,0.24087783694267273,-0.35834476351737976,0.243902787566185,0.2865699529647827,0.044216375797986984,0.30965128540992737,-0.22493582963943481,-0.15972039103507996,-0.007958421483635902,0.49445727467536926,-0.34643277525901794,-0.32059937715530396,0.07276231795549393,0.14021556079387665
-0.14871114492416382,-0.32574546337127686,0.1294608861207962,0.25424668192863464,-0.06489840149879456,-0.6126573085784912,0.025917720049619675,0.006738962139934301,-0.11327924579381943,0.38347411155700684,-0.13327312469482422,0.2880069613456726,-0.08654569834470749,-0.20767199993133545,0.3125918507575989,0.034229766577482224
-0.3412318229675293,0.31383177638053894,-0.07927844673395157,-0.0684957280755043,-0.23850427567958832,-0.13724473118782043,-0.027966991066932678,-0.08712048828601837,-0.08442496508359909,-0.327487587928772,-0.07260564714670181,0.5520440936088562,0.14927874505519867,0.4763093590736389,0.12526583671569824,0.027465881779789925
0.29177308082580566,0.12710054218769073,-0.07819029688835144,0.13030804693698883,-0.5586522817611694,0.33715569972991943,-0.2064129263162613,-0.024796178564429283,-0.3760009706020355,0.29367509484291077,-0.1793895661830902,0.01610942929983139,-0.016784463077783585,-0.024122240021824837,0.1116209551692009,0.3650326430797577
-0.09537538141012192,0.3719063401222229,-0.41846153140068054,0.03383144363760948,0.34711599349975586,0.0667363703250885,-0.3585606515407562,-0.19992363452911377,0.06049058958888054,0.03140874207019806,0.036464184522628784,0.006521536037325859,0.04941107705235481,-0.35727301239967346,0.4963349401950836,-0.020151883363723755
-0.4295906722545624,0.19014035165309906,0.10527175664901733,0.0486036092042923,-0.19171443581581116,0.13156746327877045,0.028019756078720093,0.7008845806121826,0.1970554143190384,0.1510641872882843,-0.01675199158489704,-0.1378367841243744,0.31896349787712097,-0.16543816030025482,0.0973479151725769,-0.01583769917488098
-0.07547099143266678,0.245686873793602,-0.2579481303691864,-0.27301862835884094,-0.020547989755868912,-0.11404402554035187,0.10672760754823685,-0.01987065002322197,-0.26469284296035767,0.5029588341712952,0.44054996967315674,0.18777990341186523,0.04711254686117172,-0.08631643652915955,-0.4079245924949646,-0.19799865782260895
-0.017609016969799995,0.16329263150691986,0.08570165187120438,0.524633526802063,0.1593003273010254,-0.08726130425930023,-0.5434627532958984,0.26315373182296753,-0.06839907914400101,-0.06720008701086044,0.14463362097740173,0.06656964868307114,-0.3458663523197174,0.12847432494163513,-0.3485786020755768,-0.025820428505539894
0.14948596060276031,-0.14027655124664307,0.09386605769395828,-0.3301466703414917,0.3917520344257355,-0.16507942974567413,-0.39973825216293335,0.15147146582603455,-0.15956677496433258,0.16822990775108337,-0.15189385414123535,-0.045156385749578476,0.48011696338653564,0.28436708450317383,-0.05488569289445877,0.2888795733451843
0.44243016839027405,-0.11248491704463959,-0.40987178683280945,-0.13920067250728607,-0.25147390365600586,-0.32747912406921387,-0.10214709490537643,0.4085044860839844,-0.10728128999471664,-0.36178058385849,0.021417083218693733,-0.013412391766905785,0.0487048476934433,-0.11596657335758209,0.07784758508205414,-0.30253326892852783
-0.035133592784404755,-0.35947558283805847,-0.30697205662727356,0.176762193441391,-0.07667163759469986,0.1325598806142807,-0.09461379796266556,-0.09085854887962341,0.3638218343257904,-0.10771052539348602,0.06659390777349472,0.38116922974586487,0.31266269087791443,-0.2989009916782379,-0.3586629033088684,0.306555837392807
-0.3183196187019348,0.022414354607462883,-0.18491005897521973,-0.27583327889442444,-0.08208544552326202,-0.08267500251531601,-0.18037572503089905,-0.0814230740070343,-0.00390248722396791,0.019428176805377007,-0.6968807578086853,-0.12833327054977417,-0.24259740114212036,-0.1706037074327469,-0.3610273599624634,-0.11979097127914429
