1.5919077611670218e-07,-8.638001958161112e-08,5.870843011734905e-08,6.41896349407034e-08,1.5119299234811479e-07,-1.0538995098841042e-07,-5.4379793112957486e-08,1.0000005960464478,-4.9375959321196206e-08,2.3663305626087094e-07
1.2528360571195662e-07,2.8622533676525563e-08,-7.020057779527633e-08,-1.349531686400951e-07,3.093475697824033e-08,2.9338782070453817e-08,1.5416232201914681e-07,2.5573324791139385e-08,0.999998152256012,2.1063518929054226e-08
2.3922348191263154e-07,-1.929240482922978e-07,1.000000238418579,-1.1440261182826816e-08,1.2323793896484858e-07,-2.7570320071390597e-07,-7.354782383117708e-08,1.0402143857390911e-07,1.115194425693744e-08,-3.5923159202866373e-07
6.511997696634353e-08,-2.1517241322044356e-08,1.3108607532785754e-08,1.000001072883606,6.865528234811791e-08,-9.89343362789441e-08,1.0479245560190975e-07,5.495382282560968e-08,-3.678829898490221e-07,2.0437644820958667e-07
1.2284172612453403e-07,-2.1100055391798378e-07,1.6448639428290335e-07,7.27209581441457e-08,-1.098633788387815e-07,1.0000004768371582,4.0162132108889637e-07,6.065987889769531e-08,1.403218163886777e-07,-4.606357606462552e-08
7.411367874965435e-08,-2.3009741312307597e-07,1.2591945619533362e-07,7.939318535932216e-09,0.9999992251396179,-5.8479923126242284e-08,1.2400430193793e-07,-1.9011378071809304e-07,1.361583201742178e-07,7.7865728087545e-08
6.387457318624001e-08,8.279594254645417e-08,1.6832919413900527e-07,8.185642741409538e-08,1.0474635558921364e-07,-7.53072768588936e-08,-8.607332091514763e-08,-2.7068907115790353e-07,6.32553494028798e-08,0.9999986886978149
-9.66827684578675e-08,-1.3467042947468144e-07,6.76938327615062e-08,6.047135059361608e-08,-1.7592893186701986e-07,1.5322934032724334e-08,0.9999974966049194,3.2221421975009434e-08,-1.7938563701136445e-07,-3.059596451748803e-07
1.0000003576278687,1.2815928585041547e-07,7.981621052977061e-08,-9.120041255528122e-08,3.211032861827334e-08,3.36998944305833e-08,9.32964994149188e-08,-7.3972934444555e-08,1.8327295236986174e-08,-1.7452725842304062e-07
1.6857869411524007e-07,0.9999982118606567,-6.929661822141497e-08,7.025951731520763e-08,-7.339478713674907e-08,6.16037354461696e-08,-3.8534473389972845e-08,-1.195745653603808e-07,1.816558992118189e-08,-3.72737662956979e-09
