5.134941716278263e-08,4.791566254880308e-09,-4.163632105758097e-09,-6.435698196582962e-08,1.0000016689300537,6.727015744445453e-08,-5.957214810337064e-08,-3.8625934450919885e-08,3.5824595556732675e-07,-1.400247384708564e-07,4.648793350270353e-08,-8.053643796301913e-08
2.158859331302665e-07,-1.3107209895224514e-07,-5.811882886064268e-08,1.000001072883606,-6.209636183029943e-08,-4.4399673271300344e-08,-4.7672731540160385e-08,-2.862814199033892e-07,7.671091140082353e-08,2.423339253709855e-07,-5.0198519119248886e-08,-1.8332386275687895e-07
9.333140127409933e-08,4.185099555797933e-08,-6.402529351134945e-08,7.997270756732178e-08,-1.2241670788171177e-07,-2.6046015477732e-07,-5.8536816283094595e-08,1.0000020265579224,8.703534781773214e-09,6.432106403053695e-08,1.8532080048316857e-07,1.6185988727102085e-07
-7.224405607075823e-08,-4.707924716740308e-08,0.9999998807907104,3.557357786121429e-07,1.0126179006419989e-07,-3.065704561322491e-07,-2.0057009919582924e-07,4.166921030446247e-08,5.705828698410187e-08,-3.2173382180644694e-08,-2.0258609012557827e-08,-1.1278989830998398e-07
3.962281880376395e-07,4.679868226276085e-08,3.7060306823377687e-08,-6.182796052911499e-09,8.275535634538755e-08,0.9999988675117493,-5.038062766971052e-08,-1.966211726767142e-08,1.068237764911828e-07,4.718128110425823e-08,-1.4043853013845364e-07,-1.5149217347243393e-07
-9.038698323138306e-08,-3.2752125456170234e-09,-2.3346549937741656e-07,1.3582483404661616e-07,1.2136446514432464e-07,1.5456730295682064e-07,5.239894207420548e-08,-3.27431024516045e-07,4.55064608217981e-08,-8.97385561415831e-08,7.503552978960215e-08,1.0000019073486328
1.000002145767212,6.764165760841934e-08,7.598587359325393e-08,-1.0644914993918064e-07,1.5689888277492514e-09,1.1635255958708512e-07,-1.7887455783238693e-07,-9.86414327996954e-09,-2.5703824846345924e-08,6.141684849580997e-08,-4.53074155970512e-09,8.494479786236298e-09
1.056336884630582e-07,2.177988633889072e-08,-6.99694169270515e-08,1.872925636803302e-08,-9.387057531284881e-08,5.469282768899575e-07,-8.618092550705114e-08,-3.382774309557135e-07,1.0000005960464478,1.835153540241663e-07,-2.514395980313111e-08,1.9003648787929706e-07
2.2380619668638246e-07,-1.2495432599735068e-07,-1.2524187020801492e-08,1.4142559123797582e-08,1.9693113983976218e-07,-2.0374167775116803e-07,1.0000019073486328,-4.728259028752291e-08,2.648481256528612e-07,-4.264242292606468e-08,-1.3729304271237197e-07,-3.450444907571182e-08
-5.836352556798374e-08,-2.705025679006212e-07,7.315894379189558e-08,-6.37691188742906e-09,7.00016258292635e-08,-9.745979667741267e-08,-8.668855144833287e-08,2.863454824364453e-07,9.998085204188101e-08,2.1764320479178423e-07,1.0000016689300537,6.135794450301546e-08
2.1030149355283356e-07,8.975684551160157e-08,-8.775447213338339e-08,-2.1445178788326302e-07,-7.339554741747634e-08,-6.702986610207518e-08,-1.480493665440008e-07,-5.519781254292866e-08,-7.721530437265756e-08,0.9999984502792358,1.129508930830525e-07,4.9503146470897263e-08
-7.721971684304663e-08,0.999998152256012,-1.5757876781208324e-07,-1.3429679768250935e-07,1.2774825108863297e-07,1.8020844549937465e-07,-6.63100010456219e-08,1.939368132752861e-08,-3.2940360483735276e-07,-1.129756128648296e-07,-1.0768857805487642e-07,1.741192079407483e-08
