9.91271420502926e-08,6.743611447035391e-09,-9.885611262916427e-08,-1.7480363112554187e-07,1.23036031141055e-07,1.000000238418579,-1.1131949406717467e-07,1.2117209280404495e-07
7.038804739067928e-08,0.999997615814209,-9.499844821903025e-08,6.689509746138356e-08,-3.9949373586978254e-08,1.6908111888369604e-07,-2.4001619181035494e-07,-3.536739967557878e-08
1.0000017881393433,2.6885325610237487e-07,2.7250166567682754e-07,1.0399637062619149e-07,7.19776522828397e-08,1.0242467851639958e-07,2.57761083588548e-08,-8.356549585641915e-08
1.6991747031624982e-07,8.061153966565371e-10,1.4281648930136726e-07,-2.5189143215698095e-08,-1.6350881537618989e-07,9.837119563371743e-08,5.7449671686526926e-08,1.0000004768371582
-2.1924229542946705e-07,-1.4803330827817263e-07,1.8280908875567548e-07,-1.387178940603917e-07,-3.289502004122369e-09,1.3900960027513065e-07,1.0,1.0709803177633148e-07
9.670328537936257e-09,-2.143542232602158e-08,8.06096096539477e-08,-1.1206813610442623e-07,0.9999983310699463,1.2014167793950037e-07,4.028697730973363e-08,-3.101017682638485e-07
2.3402417781426266e-08,-5.084584486780841e-08,1.0000011920928955,4.216518334487773e-08,6.93529216277966e-08,8.520405003764608e-08,3.2257472248886643e-09,7.62356293648736e-08
-8.363320347370973e-08,-9.563972724890846e-08,4.051213053912761e-08,1.000000238418579,5.2838043274050506e-08,5.156040856491018e-07,-6.963148990735135e-08,2.2411401801036845e-07
