-0.5064626336097717,0.023568889126181602,0.0876770094037056,0.09100843966007233,-0.19045138359069824,0.036481793969869614,-0.2503984868526459,-0.02652897872030735,-0.5114668011665344,0.14608357846736908,0.2370387613773346,-0.29402056336402893,0.35094019770622253,-0.03545142710208893,-0.2620934844017029,0.08534259349107742
-0.02423670142889023,0.13267900049686432,-0.06258053332567215,0.02591107413172722,0.16963915526866913,0.05125792697072029,0.5768160223960876,0.12586864829063416,-0.05192718654870987,-0.11911717057228088,0.27228569984436035,0.06354605406522751,0.38249608874320984,0.59650719165802,0.006469539366662502,-0.005507829133421183
0.17858844995498657,0.0898982435464859,0.15420696139335632,0.1419558823108673,0.5784388184547424,0.30480578541755676,-0.4562721252441406,0.16659991443157196,-0.22082878649234772,0.12391608208417892,-0.11066383123397827,-0.06225964426994324,0.06669662892818451,0.22903119027614594,0.33933067321777344,0.019113514572381973
0.042745232582092285,0.44508206844329834,0.1617209017276764,0.020393969491124153,-0.2959849536418915,0.34558430314064026,0.05034228786826134,0.43495088815689087,0.3135868012905121,0.07935063540935516,0.17030155658721924,-0.22250324487686157,0.1504257768392563,-0.2787301540374756,0.18755550682544708,-0.23688381910324097
-0.6396068930625916,0.13142719864845276,0.19711247086524963,-0.24918508529663086,0.2916468679904938,-0.34974291920661926,0.060641009360551834,0.1879158914089203,0.21631106734275818,0.13634036481380463,0.02701350301504135,-0.06551659852266312,-0.3143230378627777,0.06531355530023575,0.2257893979549408,0.04322447255253792
0.09136205166578293,0.2285904735326767,-0.14696428179740906,-0.32158905267715454,0.12719370424747467,0.16318103671073914,0.24179969727993011,0.038547106087207794,-0.16157111525535583,0.13657142221927643,-0.4934803247451782,-0.49250513315200806,-0.17634695768356323,0.06709959357976913,-0.3796323835849762,-0.03255617246031761
0.12116101384162903,0.13219089806079865,-0.05421391502022743,-0.3007048964500427,-0.23929734528064728,-0.20513181388378143,-0.15324392914772034,0.5432823300361633,-0.1618310958147049,-0.012243576347827911,-0.22309352457523346,0.35038602352142334,0.15930552780628204,0.052707407623529434,-0.03208715096116066,0.477948397397995
-0.155954048037529,-0.26997265219688416,0.13413555920124054,-0.13840647041797638,-0.0813436359167099,0.27715733647346497,0.012715584598481655,-0.25251415371894836,0.41550135612487793,-0.05664750933647156,-0.2781338393688202,-0.23420678079128265,0.3741610050201416,0.05314304307103157,0.20251800119876862,0.47580686211586
-0.032245803624391556,-0.016432130709290504,-0.3778516948223114,0.08330907672643661,-0.350536048412323,0.24328631162643433,-0.12147335708141327,0.038612306118011475,-0.023144375532865524,-8.230278581322636e-06,0.25288125872612,-0.20807209610939026,-0.5220937132835388,0.3869592547416687,0.20999816060066223,0.2765312194824219
-0.18436415493488312,0.32934778928756714,0.10777246206998825,0.44893643260002136,-0.28375059366226196,-0.023611968383193016,-0.047538645565509796,-0.18671774864196777,0.11470150947570801,0.29268959164619446,-0.46904972195625305,0.2796134352684021,-0.0062965829856693745,0.33533284068107605,-0.04656720161437988,-0.1204761192202568
-0.26726093888282776,-0.49470454454421997,0.20668873190879822,0.04775116220116615,-0.017221318557858467,0.4670599699020386,0.06542876362800598,0.3969908654689789,0.0031549502164125443,-0.13974539935588837,-0.1357945054769516,0.2478743940591812,-0.19398236274719238,0.07016637176275253,-0.2835453450679779,-0.1901101917028427
0.2212139517068863,-0.19864240288734436,0.3763359487056732,0.2618285119533539,-0.023748286068439484,-0.03674044832587242,0.4300955832004547,0.07399599254131317,-0.19997836649417877,0.5246843099594116,0.07899221032857895,-0.0608682818710804,-0.17053136229515076,-0.17103952169418335,0.09368456155061722,0.34162628650665283
0.06975366920232773,0.003995561506599188,0.4754038155078888,-0.2716471254825592,-0.329886257648468,-0.04580816626548767,0.0857636034488678,-0.16369035840034485,-0.4009014070034027,-0.3476220667362213,-0.1507260501384735,-0.07019578665494919,-0.10301731526851654,0.1445990949869156,0.39836153388023376,-0.22544100880622864
-0.19730737805366516,0.17024873197078705,-0.16271531581878662,0.49831676483154297,0.1323990374803543,-0.009236822836101055,0.22661061584949493,0.11481211334466934,-0.18278582394123077,-0.5330511331558228,-0.24552160501480103,-0.08105328679084778,-0.0638950988650322,-0.32496169209480286,0.15433664619922638,0.2392347902059555
0.014001747593283653,-0.4400167167186737,-0.31524428725242615,0.15777546167373657,-0.12947416305541992,-0.3499363958835602,0.0048991236835718155,0.32106679677963257,-0.0037566586397588253,0.16048428416252136,-0.24283789098262787,-0.3144207298755646,0.21955634653568268,0.08188498765230179,0.2932097911834717,-0.3392750322818756
-0.23098821938037872,0.015061238780617714,-0.4080190062522888,-0.26279783248901367,0.016397902742028236,0.3346388638019562,0.20752662420272827,-0.1682465523481369,-0.26275062561035156,0.3016441762447357,-0.0802379623055458,0.36697620153427124,0.07717447727918625,-0.2623552680015564,0.3739974796772003,-0.10701844841241837
