-1.0785591797457528e-07,-1.233676130141248e-07,9.29079533307231e-08,0.9999978542327881,-1.729956551344003e-07,-3.744392174098721e-08,-6.852923206679407e-08,-6.752250669705973e-08
2.981800051315986e-08,1.0000011920928955,5.193428620486884e-08,-3.2157121410136824e-08,7.051458084106343e-08,-4.5725951025588074e-08,2.3093481615887868e-07,-1.310663577669402e-07
-1.0346864343091511e-07,2.398942342551891e-07,8.673016083093898e-08,-1.5457539248586727e-08,-2.7256943369025066e-08,1.6885574893876765e-07,-2.7290738557894656e-08,1.0000009536743164
-7.296616644225651e-08,-1.8834830939340463e-07,2.9715245819517122e-09,5.271149206009795e-08,3.0123277383609093e-07,4.677057177104871e-07,1.0000019073486328,3.268053490046441e-07
9.060988759301836e-08,-1.1153398560281857e-07,-1.3417761124401295e-07,1.0406004236074295e-07,-6.767960059050893e-08,1.0000008344650269,-7.157888859410377e-08,-4.617261240014159e-09
5.652469070582811e-08,1.51458525721182e-08,1.0000007152557373,-6.661200302460202e-08,-2.208644929169168e-07,-4.5982115892684305e-09,-4.000376065960154e-07,1.9564201636512735e-07
1.000002145767212,5.775258937745775e-09,1.7619237269173027e-07,-6.827449539059671e-08,1.834347642670764e-07,-1.0583828213839297e-07,-7.841447313694516e-08,9.893908980984634e-08
9.43510443107698e-08,-1.0330642652434108e-07,-4.872070746841928e-08,1.172661185933066e-07,0.9999992251396179,-1.0017969742648347e-07,1.1090996565599198e-07,-1.0998956412322514e-07
