1.6022949012040044e-07,-1.6512090894593712e-07,4.002586351248283e-08,-2.0717963877814327e-07,5.566269223322706e-08,1.8872559337523853e-07,-4.746176429648585e-08,-2.464255146605865e-07,7.906994881068385e-08,0.9999991655349731
-2.731474069150863e-07,-1.3127802844792313e-07,4.38381107414898e-07,0.9999983310699463,-3.3452266734457226e-08,-6.737291613490015e-08,-1.5990035251434165e-07,3.647414459351239e-08,7.529117596050128e-08,-2.481110641383566e-07
-8.589957189997222e-08,-7.50773665458837e-08,-8.021458342000187e-08,-1.8298818815765117e-07,-4.06819765430555e-07,-2.1276736816844277e-08,1.000001072883606,4.532026309789217e-09,-4.950016929683443e-08,-1.2053108733312001e-08
3.90274657036116e-08,1.3936342213582975e-07,1.000002145767212,-1.2369109470000694e-07,3.5810191434393346e-07,-5.071522224397995e-08,1.5092378191639e-07,8.194149248019755e-10,2.09280059948469e-07,-1.8029719228707108e-07
7.719231120972836e-08,1.000001072883606,-6.964000931475312e-08,-1.5541010611741513e-07,-8.2963858005769e-08,-1.795299375828563e-08,3.398052328407175e-08,-1.1687035339491558e-07,2.1413162798467056e-08,2.5743014475665404e-07
-8.581614707736662e-08,-1.0992976484658357e-07,-2.3293526396628295e-07,-1.6915190315103246e-07,6.102109040284631e-08,-5.972638916773576e-08,-2.4581672164458723e-07,0.999997615814209,-1.9747845669826347e-07,6.396933116548098e-08
2.1145990558579797e-07,1.3255215947083343e-07,1.2141380345553898e-08,1.0020691831869044e-07,-5.705847172521317e-08,1.0000005960464478,7.152926428943829e-08,2.798386731228675e-07,1.0702509456450571e-07,1.1753031259331692e-07
1.0000015497207642,6.216500025857385e-08,-7.907222965286564e-08,1.407828733590577e-07,1.5379569617834932e-07,2.2400216792561878e-08,8.713964660955753e-08,-8.516855842799487e-08,2.6408937969790713e-07,1.5616154769304558e-07
1.7003890206979122e-07,-3.8140726132951386e-08,-3.618566424279379e-08,-9.725464167331666e-08,1.0000009536743164,1.3636775975101045e-07,-3.24754893199497e-07,-4.055430657956549e-09,9.836828240850082e-09,-2.3265283033424566e-09
-4.828713713322941e-07,-6.959604093026428e-08,-9.112066834404686e-08,-4.89056333208282e-08,4.703710487774515e-08,4.5136040682791645e-08,-4.32366249469851e-08,-1.1772494445949633e-07,1.0000017881393433,-1.2140870353505306e-07
