-0.37708285450935364,0.021605877205729485,0.45589110255241394,-0.24796268343925476,0.34597933292388916,0.053374502807855606,0.015160291455686092,-0.04533102363348007,0.1782219558954239,0.2379874736070633,0.14889313280582428,-0.06360065937042236,0.3804958462715149,-0.447781503200531,0.020832763984799385,-0.05337292701005936
-0.2319188416004181,-0.5203285217285156,-0.19379855692386627,0.3761439025402069,0.2866392433643341,-0.05748649686574936,-0.10613812506198883,0.20995058119297028,-0.11884681135416031,0.19042308628559113,-0.23900189995765686,0.4660201072692871,0.08767254650592804,-0.04538862034678459,0.09608375281095505,-0.10934805124998093
0.24651040136814117,0.31336942315101624,0.08850865811109543,0.03833457827568054,0.3250908851623535,-0.012123889289796352,-0.2793322801589966,-0.521880030632019,-0.012444772757589817,-0.15575236082077026,-0.3275298774242401,0.29686471819877625,0.23716095089912415,0.12412814795970917,0.24045133590698242,0.16193732619285583
0.350614994764328,0.23425227403640747,-0.20369239151477814,0.11794260144233704,0.4595622420310974,-0.19394037127494812,0.1971498727798462,0.04592255875468254,-0.08441194146871567,-0.15365417301654816,0.22395963966846466,0.08432427048683167,-0.25839394330978394,-0.46354541182518005,-0.11250105500221252,-0.30774176120758057
0.18794840574264526,-0.06513459980487823,0.15651224553585052,0.20193180441856384,-0.24364542961120605,-0.09521020948886871,-0.2583586871623993,-0.18607355654239655,0.4064500033855438,0.41981241106987,0.05177200958132744,0.13867761194705963,-0.4449886977672577,-0.3240819573402405,0.0636855959892273,0.23431602120399475
-0.25760477781295776,0.07272598147392273,0.2415989488363266,-0.20682024955749512,0.24507714807987213,0.23857732117176056,-0.04025592282414436,-0.1225554421544075,-0.45649948716163635,0.19570530951023102,-0.03650423139333725,0.037155501544475555,-0.6315633654594421,0.18968325853347778,0.06307671219110489,-0.07313061505556107
0.15316329896450043,-0.07161661237478256,0.1259557604789734,0.09781083464622498,0.0024652236606925726,0.43029797077178955,0.6064573526382446,-0.08998707681894302,0.3807370960712433,0.03805755078792572,-0.11330877244472504,0.11295367032289505,-0.05229036137461662,0.1476646512746811,0.3230521082878113,-0.2898659110069275
-0.08408601582050323,0.03300905227661133,-0.1102442592382431,0.2718981206417084,0.2728966772556305,0.27349022030830383,-0.5299026966094971,0.057728175073862076,0.3481864035129547,-0.08335777372121811,0.21894977986812592,-0.3669331669807434,-0.05963827669620514,0.23780743777751923,0.057350579649209976,-0.3133688271045685
-0.004912992473691702,-0.29325011372566223,0.18658550083637238,0.3236624002456665,0.22205869853496552,0.28418341279029846,0.14570072293281555,-0.048436813056468964,-0.054139599204063416,-0.4281657636165619,0.03544638305902481,-0.21409979462623596,-0.10772212594747543,-0.1572921872138977,-0.12497620284557343,0.5791783928871155
-0.20210976898670197,-0.30041152238845825,-0.30389130115509033,-0.13233058154582977,-0.21849636733531952,-0.020959537476301193,-0.05511593073606491,-0.47117966413497925,-0.13027362525463104,-0.23782506585121155,-0.03795691952109337,-0.23850734531879425,-0.059701066464185715,-0.3694406747817993,0.4121846556663513,-0.20978277921676636
0.2539648413658142,-0.29251641035079956,0.03508036583662033,-0.24714556336402893,0.1483825296163559,-0.016161523759365082,-0.05018617957830429,-0.07933951914310455,0.13076119124889374,0.08850552886724472,-0.6169244050979614,-0.3170968294143677,-0.06153644993901253,-0.048615045845508575,-0.45741963386535645,-0.1872737556695938
0.22920432686805725,-0.0016043238574638963,-0.44602590799331665,-0.23546795547008514,0.003968423698097467,0.6516607999801636,-0.10566497594118118,-0.019764462485909462,-0.13986286520957947,0.3013893663883209,0.14844195544719696,0.1147741973400116,0.17707295715808868,-0.1770140379667282,-0.12589719891548157,0.1808382123708725
-0.028665130957961082,0.24923178553581238,-0.0692506805062294,0.5329683423042297,-0.017901718616485596,-0.04236149787902832,0.20276258885860443,-0.1678200215101242,-0.3045028746128082,0.47513580322265625,-0.14459407329559326,-0.4519531726837158,0.178805872797966,-0.025138886645436287,0.02219643071293831,0.008809864521026611
0.1342209279537201,-0.2662445604801178,0.2868823707103729,0.19131146371364594,-0.18536876142024994,0.04605323076248169,-0.03763721138238907,-0.44566014409065247,-0.20094634592533112,-0.023468896746635437,0.38156217336654663,0.1940782517194748,0.15646976232528687,0.1255188286304474,-0.4276818037033081,-0.32916519045829773
-0.5281213521957397,0.2057744264602661,-0.38707929849624634,0.032843634486198425,0.06606122851371765,-0.03931816294789314,0.21180781722068787,-0.35079795122146606,0.33210480213165283,-0.022552719339728355,-0.029279833659529686,0.16228586435317993,-0.11916297674179077,0.08545984327793121,-0.42906805872917175,0.10201124846935272
0.18015415966510773,-0.3504428565502167,-0.1735934168100357,-0.23253868520259857,0.3594721257686615,-0.34433576464653015,0.17121149599552155,-0.19350948929786682,0.0841895267367363,0.2663141191005707,0.3546826243400574,-0.17555241286754608,0.01953805610537529,0.35939839482307434,0.16146786510944366,0.23606672883033752
