0.3672296106815338,0.18383170664310455,0.061427149921655655,0.24164775013923645,-0.015249419026076794,-0.3320433497428894,-0.1500302255153656,0.29764047265052795,-0.41009941697120667,-0.32088562846183777,-0.1815098524093628,0.183269202709198,-0.07356533408164978,-0.012282013893127441,-0.29879230260849,0.3392274081707001
0.16138584911823273,-0.5324302315711975,-0.11950468271970749,0.07519716024398804,0.2895169258117676,0.18614253401756287,0.19087181985378265,-0.15190401673316956,-0.09617286175489426,-0.26003336906433105,0.16435886919498444,-0.12394610047340393,-0.21340332925319672,0.055580392479896545,-0.5257025361061096,-0.21982930600643158
0.09153395891189575,-0.3550054728984833,0.2522245943546295,0.10793513059616089,0.0652942955493927,-0.32994699478149414,-0.08593336492776871,-0.24216344952583313,-0.2410457879304886,-0.03823461756110191,0.4279125928878784,0.14753805100917816,0.33240893483161926,0.33518680930137634,0.3497826159000397,0.03917291760444641
0.14064274728298187,0.22569572925567627,-0.14546874165534973,0.366909384727478,0.3298918306827545,0.012172781862318516,0.04810716584324837,-0.1270207315683365,-0.11565281450748444,-0.3184676170349121,-0.03228319063782692,-0.47038111090660095,0.011530164629220963,-0.27692532539367676,0.45368459820747375,-0.16224883496761322
0.06068357080221176,-0.19107238948345184,0.2752287685871124,-0.07002375274896622,-0.18599584698677063,-0.2480066418647766,-0.3504959046840668,-0.4238405227661133,-0.036608435213565826,-0.00598107511177659,-0.5057700872421265,-0.007353603839874268,-0.3151076138019562,-0.09242460131645203,0.05609756335616112,-0.3351864516735077
-0.3972187638282776,-0.09858037531375885,0.2669064402580261,0.0866464301943779,-0.3503950536251068,0.3002582788467407,0.18155887722969055,0.03446393832564354,-0.5079717040061951,-0.17712070047855377,0.005604604259133339,0.09314585477113724,0.202836275100708,-0.39288032054901123,-0.01739322394132614,-0.11293941736221313
0.13104817271232605,-0.20115771889686584,0.35604044795036316,-0.028097575530409813,0.15356411039829254,-0.08233445137739182,0.16380241513252258,-0.02029280737042427,-0.01671551540493965,0.417074978351593,0.1502125859260559,-0.19139184057712555,-0.2997245192527771,-0.47061535716056824,0.04885944724082947,0.4583398997783661
0.055828943848609924,0.06910432875156403,0.25141459703445435,0.15535429120063782,0.5549684762954712,0.3034607470035553,0.07127338647842407,0.08533681929111481,-0.018496336415410042,0.1380281001329422,-0.2072485238313675,0.6051863431930542,-0.0744810402393341,0.016717255115509033,0.1609518676996231,-0.17887185513973236
-0.027616728097200394,-0.12880773842334747,-0.42547693848609924,-0.04773309826850891,0.08545207232236862,0.13743478059768677,-0.6448154449462891,-0.11154705286026001,-0.020061733201146126,-0.009179836139082909,0.24597646296024323,0.2813872694969177,0.030313657596707344,-0.43619993329048157,0.017947664484381676,0.11504853516817093
-0.3876858949661255,0.035899568349123,0.12892037630081177,0.5594009757041931,-0.09002592414617538,-0.2925946116447449,0.022855475544929504,0.006464674137532711,0.4637286365032196,-0.18150296807289124,0.24015440046787262,0.18810297548770905,-0.23717278242111206,-0.1122608408331871,-0.1120835468173027,-0.04602918028831482
-0.3624002933502197,0.41990262269973755,0.13511693477630615,-0.10430362075567245,0.21854005753993988,0.023886099457740784,-0.25647079944610596,-0.11673939228057861,-0.389303982257843,0.12459088861942291,0.31064048409461975,-0.1748935729265213,-0.37679794430732727,0.26569971442222595,-0.15647749602794647,-0.06520303338766098
0.29422134160995483,0.4256032407283783,0.030233051627874374,0.024406004697084427,-0.03109348937869072,-0.13746309280395508,0.18682387471199036,-0.47526857256889343,0.019728146493434906,0.218451589345932,0.17229461669921875,0.13787458837032318,0.33203125,-0.2494785040616989,-0.3648340404033661,-0.2185075432062149
-0.4619266390800476,-0.08598335832357407,-0.05179806426167488,0.07145270705223083,0.3877628445625305,-0.14238306879997253,-0.026574084535241127,-0.2608990967273712,0.006660798564553261,0.027704624459147453,-0.4158112108707428,-0.12091366946697235,0.39774566888809204,0.03492085635662079,-0.2296910434961319,0.36266157031059265
-0.017276262864470482,0.022743482142686844,0.4230403006076813,-0.41284024715423584,0.2761930227279663,-0.16615800559520721,-0.21774959564208984,0.3560302257537842,0.23207110166549683,-0.28560903668403625,0.12005068361759186,-0.15030506253242493,0.2674473822116852,-0.22567930817604065,-0.13063669204711914,-0.24446189403533936
0.1452387422323227,0.16126227378845215,0.33221596479415894,-0.07633218914270401,-0.10490267723798752,0.4704913794994354,-0.09577402472496033,-0.37789133191108704,0.25610437989234924,-0.4392174482345581,0.045448292046785355,0.010639087297022343,-0.030112914741039276,0.13156241178512573,0.0122099993750453,0.4163167178630829
0.15953262150287628,-0.07097747176885605,0.22664278745651245,0.494258850812912,-0.11013948172330856,0.3199177384376526,-0.4115283191204071,0.18818388879299164,0.06487078964710236,0.36138227581977844,-0.028299083933234215,-0.30810943245887756,0.2501426339149475,0.13378405570983887,-0.18437081575393677,-0.09801480174064636
