-0.19189658761024475,-0.01172206923365593,0.005661646835505962,0.27974793314933777,0.24990259110927582,0.06420191377401352,-0.7164638042449951,-0.14014115929603577,0.3512766659259796,0.40226951241493225
0.5217514634132385,-0.04362168535590172,-0.03593120723962784,0.1375264972448349,0.2863231301307678,-0.10627823323011398,-0.289657860994339,-0.23325428366661072,0.08846662193536758,-0.6828304529190063
-0.7354023456573486,0.24379068613052368,-0.0931428074836731,0.20385639369487762,-0.1485331654548645,-0.257597953081131,-0.04667307436466217,-0.1785377711057663,-0.02310117892920971,-0.475930780172348
-0.027634914964437485,-0.13648317754268646,-0.8125846982002258,0.16738452017307281,0.2564738392829895,-0.026182075962424278,-0.053072188049554825,0.29392310976982117,-0.36618590354919434,0.05036023259162903
0.18221959471702576,0.1422349214553833,0.13309690356254578,0.003360619768500328,-0.0062388088554143906,-0.8344351649284363,-0.1074138730764389,-0.1213904619216919,-0.34683188796043396,0.2931763529777527
-0.2139059454202652,-0.013493801467120647,0.18025295436382294,-0.0354217030107975,0.8000157475471497,0.06549243628978729,0.36938151717185974,-0.3325062394142151,-0.148274764418602,0.0837458148598671
-0.12267051637172699,-0.07532002776861191,0.46063920855522156,-0.010283784940838814,0.07325967401266098,0.23576867580413818,-0.38984212279319763,0.3626009225845337,-0.6297303438186646,-0.1612883061170578
-0.12205518037080765,0.02344467304646969,-0.21183575689792633,-0.8980412483215332,0.0451517179608345,-0.006213443819433451,-0.30779170989990234,-0.18216879665851593,-0.016916600987315178,-0.05398166924715042
-0.08584931492805481,0.11454262584447861,0.12272722274065018,-0.15796713531017303,0.3400425910949707,-0.31873616576194763,0.04912948980927467,0.7186240553855896,0.43209967017173767,-0.1293337196111679
0.18192429840564728,0.9381608963012695,-0.08590435981750488,0.021151063963770866,0.06803432106971741,0.244441956281662,-0.02602020837366581,0.0361042395234108,-0.09120777249336243,0.06522542238235474
