-6.464379254111918e-08,-8.293256570368612e-08,-1.935968185762249e-07,5.9258258744421255e-08,1.0000007152557373,2.2064554627831967e-08,-9.720437788018899e-08,2.055610508477912e-07,9.849308213460972e-08,-8.17765197780318e-08
0.9999986290931702,-2.4154337552317884e-07,8.137119067441745e-08,4.893152905083298e-08,8.855256794504385e-08,1.7851918698852387e-07,2.3913212743309487e-08,7.719247463455758e-08,-1.8395888901068247e-07,1.5198021685591812e-07
8.651522875879891e-08,-6.595509915996445e-08,7.015313485680963e-08,-3.324607078525332e-08,-2.557662348579015e-08,1.4579148910343065e-07,-1.4588667340831307e-07,3.3738700722096837e-07,0.999998152256012,1.1092944873780652e-07
4.543007747770389e-08,1.3679095900442917e-07,-4.038364309622011e-08,1.2820214223552284e-08,-7.205873941984464e-08,-1.6166788441296376e-07,1.0000015497207642,2.0209168383189535e-07,-2.496296858112146e-08,-1.8383151711987011e-07
-2.2454317516462652e-08,-7.024399906185863e-08,-2.8118520845055173e-07,6.249298678540072e-08,-1.2022421458368626e-07,4.4224211848131745e-08,-1.8352608321947628e-08,0.9999988675117493,1.5674537223731022e-07,-4.76421284645312e-08
-6.312250633300209e-08,1.1088763329780704e-07,1.000000238418579,-2.1605085009923641e-07,1.1839346569786358e-07,-9.067535700069129e-08,2.8307452382136944e-08,5.38618536438662e-08,3.2858040732719473e-09,2.5731612396384662e-08
-1.4873170073315123e-07,-2.787524344682879e-08,-7.31890210659003e-08,-3.17896242663096e-09,5.748750808720615e-08,6.987370682054461e-08,7.37985104137806e-08,-3.6094996858082595e-07,-9.739370199213226e-08,0.9999997019767761
6.994648771296852e-08,-1.7438227928323613e-07,-6.496946980405482e-08,-1.2508215796458444e-08,-1.985929571901579e-07,0.9999977350234985,2.1593845644929388e-07,1.6844786898673192e-08,5.3561507229460403e-08,-3.29754925587622e-07
-7.633346399416041e-08,0.999997615814209,5.358310417591383e-08,-2.213283636365304e-07,4.2770459174334974e-08,2.1162789209938637e-07,6.727655232907637e-08,-1.6155549076302123e-07,1.344708948636253e-07,-7.244606337053483e-08
-4.7763482058371665e-08,-2.2802285570833192e-07,-4.853991875108932e-09,0.9999982118606567,-6.388408735347184e-08,1.6058656626682932e-07,-9.525775368501854e-08,-8.730589939887068e-08,5.989097928704723e-08,-1.381531422595117e-08
