0.17183448374271393,-0.045307889580726624,0.02720593847334385,-0.2453077733516693,0.21203827857971191,-0.19440564513206482,0.26257625222206116,-0.11549271643161774,0.26961907744407654,-0.3539431095123291,0.09232759475708008,0.006918718107044697,0.12923331558704376,-0.40262696146965027,0.577839195728302,0.15236467123031616
0.4536771774291992,-0.13823296129703522,-0.42262640595436096,0.03105456940829754,0.04410359263420105,-0.08183322846889496,0.3730083107948303,-0.24774304032325745,-0.37055301666259766,0.16587422788143158,0.0631183534860611,-0.38231396675109863,-0.001304091652855277,0.2559657096862793,0.07546838372945786,-0.012249060906469822
0.0526072233915329,0.0311504527926445,-0.11147956550121307,-0.22947059571743011,0.0012017898261547089,0.15757328271865845,-0.039934612810611725,0.3114890456199646,0.09789358079433441,0.3815383017063141,0.5201048851013184,0.021750247105956078,0.10372019559144974,-0.10563935339450836,0.18581895530223846,-0.5702136158943176
0.1937706172466278,-0.3578406870365143,0.09563261270523071,0.05925791338086128,-0.035732951015233994,-0.43452778458595276,-0.2148526906967163,-0.01704328879714012,-0.47046607732772827,0.03597649559378624,-0.12079416215419769,0.3102283775806427,0.00939171202480793,-0.42336323857307434,-0.07574484497308731,-0.2582162022590637
0.2075377106666565,-0.27646297216415405,-0.1483333259820938,0.11107596009969711,-0.10788606852293015,-0.15245892107486725,0.04059701785445213,0.0314638577401638,0.47800731658935547,0.09693841636180878,0.2704411745071411,-0.06140395253896713,-0.5127232074737549,-0.24918721616268158,-0.3669699728488922,0.18490590155124664
-0.0321454182267189,0.015370315872132778,0.25591397285461426,0.08728059381246567,-0.08046484738588333,-0.15439444780349731,0.21859924495220184,-0.5801147222518921,0.24196016788482666,0.4614506661891937,0.041884031146764755,0.4237319827079773,0.06409459561109543,0.20447851717472076,0.09790463000535965,-0.051975030452013016
-0.23825575411319733,0.3027055859565735,-0.3848377466201782,0.3803236484527588,0.46442171931266785,-0.371669203042984,0.01743539236485958,0.0389380045235157,0.05834684520959854,-0.15018893778324127,0.027921708300709724,0.17715369164943695,-0.23177658021450043,0.12478641420602798,0.062256623059511185,-0.2681807279586792
-0.0025337617844343185,0.14533968269824982,0.039087966084480286,-0.2191106677055359,-0.06898883730173111,-0.48832055926322937,-0.2882553040981293,-0.2203436940908432,0.11921963840723038,-0.2154516875743866,0.336553692817688,-0.26527783274650574,0.40880516171455383,0.16889800131320953,-0.3360480070114136,-0.04030073806643486
0.24940785765647888,-0.31313464045524597,0.07783422619104385,-0.38575345277786255,0.36498257517814636,0.22336445748806,-0.20706380903720856,-0.15781986713409424,0.09173937141895294,-0.29690560698509216,-0.059439074248075485,0.2172708660364151,-0.2536129653453827,0.3978535830974579,-0.08317597955465317,-0.23907913267612457
-0.14820389449596405,-0.20126570761203766,0.3125070333480835,0.041005972772836685,0.57655930519104,-0.09239901602268219,-0.16902902722358704,-0.010019345209002495,0.08444003015756607,0.41475677490234375,-0.1719873547554016,-0.49957841634750366,0.008969656191766262,-0.0882105678319931,0.04063863307237625,0.027082795277237892
0.14473217725753784,0.5145860314369202,0.4369952380657196,-0.1989169865846634,0.19221994280815125,-0.018960561603307724,0.22042648494243622,-0.007502181921154261,-0.35680025815963745,0.005398229230195284,0.27380281686782837,0.011573512107133865,-0.37332525849342346,-0.11431115865707397,-0.1824052929878235,0.09808015078306198
-0.3731222152709961,-0.4015032947063446,0.07682380825281143,0.1345198154449463,0.0312543660402298,-0.0018579685129225254,-0.08507761359214783,0.010464010760188103,-0.3012661933898926,-0.08152715861797333,0.5832199454307556,0.07540401816368103,-0.09121736139059067,0.2138156294822693,0.2389637976884842,0.3359569311141968
-0.1857852041721344,-0.26255497336387634,0.15862739086151123,0.19931337237358093,0.18059523403644562,0.19273540377616882,0.5757884979248047,-0.009160506539046764,0.013918610289692879,-0.25220051407814026,0.10220896452665329,-0.007379275280982256,0.3027653694152832,-0.1321231871843338,-0.4201633632183075,-0.26518210768699646
-0.2964800000190735,0.0861184298992157,-0.39307430386543274,-0.18917420506477356,0.11444099247455597,0.3436327576637268,-0.19600221514701843,-0.5619127750396729,-0.13459140062332153,0.04647306352853775,0.06817208975553513,-0.003936207387596369,-0.033676933497190475,-0.42853376269340515,-0.1354467272758484,0.03144892305135727
-0.5027210116386414,-0.1322433352470398,-0.018068671226501465,-0.46709078550338745,-0.28729721903800964,-0.28719809651374817,0.2901705801486969,0.005693404469639063,-0.04028702154755592,-0.011068915948271751,-0.21098405122756958,-0.19389857351779938,-0.34216779470443726,0.0694393590092659,0.05365503579378128,-0.23106525838375092
0.06304474174976349,0.04461648315191269,0.28525251150131226,0.41017627716064453,-0.2853887379169464,0.1472606658935547,-0.17295211553573608,-0.31519049406051636,0.02958022803068161,-0.2762176990509033,0.07492463290691376,-0.36294490098953247,-0.2502879798412323,-0.05656099691987038,0.24975231289863586,-0.41145938634872437
