1.0000011920928955,-1.6987395667911187e-07,2.3514147073910863e-07,-1.4014770677306387e-08,-3.798214009975709e-08,1.2808611060677322e-08,7.25347533148124e-08,9.33923232082634e-08,-5.7856095025954346e-08,4.7219248955343573e-08,9.223602859265156e-08,-5.700724869939222e-08,-1.488933065729725e-07,-1.5025335642349091e-07,-4.0853564087228733e-07,1.1370750030437193e-07
5.758829502156004e-08,1.1049843351429445e-07,6.976981126172177e-08,7.729600071115783e-08,2.0531224720343744e-08,-4.774216577629886e-08,-8.471929646702847e-08,6.340074065747103e-08,8.199857148838419e-08,-1.5658348218039464e-07,-3.356175284352503e-07,2.300457246917631e-08,0.9999976754188538,2.1698207319786889e-07,4.068469294793431e-08,1.663511852711963e-07
1.2876967048214283e-07,1.0000009536743164,3.89603478367917e-08,7.545489211224776e-08,1.7855937173294478e-08,1.4783542212626344e-07,-1.5699676225722214e-07,6.387665507645579e-09,-3.1939869415964495e-08,-6.613820602296983e-08,2.280968658396887e-08,-2.7991100992608153e-08,-1.3713864710496182e-08,1.3740579341003922e-08,-3.373496326730674e-07,-2.157573009142766e-09
8.136244566969708e-09,6.685014142249202e-08,-7.671795998476227e-08,1.209695597026439e-07,2.4387516006640908e-08,4.504617123757271e-08,3.118027507298393e-07,3.423595629215015e-08,0.9999982118606567,4.605247383437927e-08,-2.731655968091218e-07,9.811154910721598e-08,-1.661258686169731e-08,-2.2327191118165501e-07,-7.150102021569182e-08,-1.3741373550146818e-07
-3.724819919170841e-08,1.7489139736426296e-07,3.878990995076492e-08,-4.901892225461779e-08,-2.11779351388941e-07,-5.6315503371706654e-08,-9.16994338240329e-08,1.989387357070882e-07,-1.754676475229644e-07,1.8799690337800712e-07,-6.082085945990912e-08,-1.551685535616798e-08,-1.1047350056969663e-07,1.000000238418579,5.999291374791937e-08,-2.5599726427572023e-07
-1.5706567069173616e-07,-4.1016886598299607e-07,-3.065670028945533e-08,-4.5197058540225044e-08,1.3290826927914168e-07,0.9999977946281433,-6.948769026848822e-08,8.00953756652234e-08,-2.4437235879304353e-07,-1.4952772176002327e-07,5.851417839153328e-08,-1.8259385115015903e-07,-2.245614609819313e-07,-7.675414082086718e-08,4.966600286593348e-08,-5.3705775826529134e-08
7.347045993810752e-08,-1.41443209145109e-07,1.540794869470119e-07,6.925716178329822e-08,6.877940705862784e-08,-5.7362623095968956e-08,3.613763155385641e-08,-2.9375999588410195e-07,-4.887427706989911e-08,2.0588466043136577e-07,1.000001311302185,2.4696648281974376e-08,1.8604741569561156e-07,-5.667114066909562e-08,-8.347289792709489e-08,-2.7769186772275134e-07
-7.829360271216501e-08,-9.812517731688786e-08,-2.225801409849737e-08,6.833874266476414e-08,3.4153367778344546e-07,-8.242389526458282e-08,1.7772157079321005e-08,1.1883036776794142e-08,6.05288619226485e-08,1.5855050605750876e-07,1.541204284194464e-07,-5.5159350864641965e-08,3.390443623629835e-07,2.2607970606713934e-07,1.0000019073486328,5.2927820348713794e-08
-2.0040150872091544e-08,7.398995194307645e-08,0.999998152256012,-1.5803391306690173e-07,1.3388901543009979e-08,-1.7440211763641855e-07,3.862752606664799e-08,-1.3547757760079548e-07,-2.1096714419854834e-07,1.7961085063689097e-07,2.436721757703708e-08,1.261482793779578e-07,-1.5599914604536025e-07,-6.592038914732257e-08,1.575711650048106e-07,9.982161230936981e-08
-6.766132543134518e-08,1.794750517092325e-07,7.655773970327573e-08,-2.711196884774836e-07,-1.3504924822882458e-07,-1.4155176586427842e-07,6.368169636061793e-08,4.0876987128513065e-08,-1.0131502392596303e-07,-9.335025197287905e-08,9.492985952874733e-08,1.0000017881393433,-4.725638120817166e-07,1.8346941033087205e-07,2.97454878506187e-08,1.1479237826961253e-07
1.0480676593260796e-07,9.067203876611529e-08,-4.381701046440867e-08,1.0000007152557373,6.936807039892301e-08,4.98031340612215e-08,-2.400575516148251e-09,-1.3566851464474894e-07,-4.926980068375997e-08,1.1693238377574744e-07,2.8569255050570064e-07,-1.1181548131844465e-07,-1.7768012128271948e-07,-5.1215462093523456e-08,-4.779054929571203e-09,6.629876025954218e-08
6.704249155831121e-09,4.59276847664114e-08,-3.129319914307871e-09,-1.276704040265031e-07,-9.584379512261876e-08,-3.530742631596695e-08,-1.0702549957386509e-07,6.589958445601951e-08,-1.636161499618538e-07,0.9999982714653015,1.579903283754902e-07,-3.2919849957124825e-08,-1.7403479768418606e-09,-2.8856803169219347e-07,-1.61091637806976e-08,7.244024402552895e-08
2.550616784446902e-07,8.997943012900578e-08,-1.34603936885469e-07,9.121256283606272e-08,1.7032122912041814e-07,1.7609505675864057e-07,-3.19472690080147e-07,0.999998152256012,1.9011811502878118e-07,-1.0675191219888802e-07,8.447255339660842e-08,-5.4418595851757345e-08,-5.6803255432669175e-08,-1.245164895635753e-07,-2.4695486899872776e-07,-3.3450768910370243e-07
3.051024322076046e-08,-1.4426973393710796e-07,-2.045535296701928e-08,4.25535837678126e-08,7.7992119429382e-08,6.499794125147673e-08,-1.2289181938740512e-07,-6.928353002422227e-08,-1.2885460698441875e-08,-4.182707957767207e-09,-7.645364341613003e-09,3.6315533691322344e-08,1.4464484721088411e-08,-6.353310055828842e-08,-6.504004801399788e-08,1.0000001192092896
-6.815336206500433e-08,2.8832424447955418e-08,7.070736529612986e-08,1.5840915068565664e-07,-5.6023225170065416e-08,2.906961356075044e-07,0.9999975562095642,-2.557174028083864e-08,1.0510746051295428e-07,-6.298497368106837e-08,-1.0143965312181535e-07,2.1450816678481033e-09,5.542235470556989e-08,-6.536938457202268e-08,9.629246022768712e-08,-7.211030350617875e-08
9.502055320353975e-08,-7.04851075283841e-08,-7.576202420978007e-08,3.0107725024208776e-07,1.0000003576278687,1.098114452702248e-07,1.154120781166057e-07,1.069448387625016e-07,-3.7812179698448745e-07,-3.0597325917369744e-07,-6.9392271484503e-08,6.664547669288368e-08,-5.973592465124966e-08,1.301132357411916e-07,-3.3564575119271467e-07,-1.3205016102801892e-07
