-0.29313597083091736,0.10984321683645248,0.0846860408782959,0.3652729094028473,-0.22716578841209412,-0.3534786105155945,-0.08049315959215164,-0.3831586539745331,-0.35355114936828613,0.23221254348754883,-0.02683493122458458,0.294202983379364,-0.06183261796832085,-0.23694771528244019,-0.2990683615207672,0.1263408660888672
-0.09069045633077621,-0.2778555750846863,-0.25966474413871765,0.313067764043808,-0.40999266505241394,0.24497395753860474,-0.3871675729751587,0.3636234998703003,-0.26830339431762695,-0.12409013509750366,0.34679388999938965,-0.1483394205570221,-0.08626482635736465,0.032185882329940796,-0.017198028042912483,-0.021838082000613213
-0.6449455618858337,-0.2978280186653137,0.2296157330274582,0.12974901497364044,0.34532877802848816,-0.024108128622174263,-0.1639939695596695,0.007035774178802967,0.18368570506572723,-0.003104199655354023,0.020078646019101143,-0.12816451489925385,0.3470231592655182,0.1290448158979416,-0.09506223350763321,-0.2869073450565338
0.08659668266773224,-0.51572185754776,0.3684307038784027,0.021406011655926704,0.10662923753261566,0.020969191566109657,0.008400983177125454,-0.21507349610328674,-0.13287033140659332,-0.32742759585380554,0.04519502818584442,0.14299321174621582,-0.1101919487118721,0.234503835439682,0.13165730237960815,0.5480658411979675
-0.04686174541711807,0.23957893252372742,0.3264547884464264,0.022691143676638603,0.046160873025655746,0.351540744304657,0.453899621963501,0.35126954317092896,-0.23933736979961395,0.006940532010048628,0.30008599162101746,0.21648846566677094,0.23263555765151978,0.051886141300201416,-0.344186007976532,0.09310708940029144
0.11139485985040665,0.292144775390625,0.349255234003067,0.07258778810501099,-0.027747632935643196,-0.14036253094673157,-0.15906330943107605,-0.0329258069396019,-0.07065430283546448,-0.060057979077100754,0.12205440551042557,-0.6928071975708008,0.26788976788520813,-0.25819721817970276,0.07154188305139542,0.28480374813079834
0.19536297023296356,-0.08302194625139236,-0.06177623197436333,0.013933488167822361,0.12827129662036896,0.38319942355155945,0.01513886358588934,-0.4900694489479065,-0.3283618986606598,0.46052345633506775,0.10087491571903229,-0.2676187753677368,0.04211466386914253,0.3365781009197235,-0.02399708889424801,-0.1729239970445633
-0.35409295558929443,0.31729719042778015,-0.29452234506607056,-0.27104392647743225,0.1304215043783188,0.1702883392572403,-0.061092864722013474,-0.37744149565696716,0.034727148711681366,-0.3047967553138733,0.5143797993659973,0.09020229429006577,-0.056946177035570145,-0.09320125728845596,0.15645764768123627,0.13524338603019714
0.13500046730041504,-0.12405311316251755,-0.236821711063385,0.14479774236679077,-0.34641164541244507,-0.015527832321822643,0.12358517199754715,-0.1636735051870346,0.3455014228820801,0.11129522323608398,0.10957220196723938,0.17797957360744476,0.7028313875198364,0.06297237426042557,0.12121772021055222,0.19737528264522552
0.12745293974876404,-0.12559641897678375,0.16248898208141327,-0.3982503414154053,-0.3318784832954407,-0.4163607656955719,0.09871306270360947,-0.12337933480739594,-0.230777308344841,-0.2941843569278717,0.240084707736969,-0.0339973159134388,0.1360965371131897,0.1726991832256317,-0.10763312131166458,-0.4647320806980133
0.1576874554157257,0.03398534283041954,-0.010814294219017029,-0.19618381559848785,0.3048202395439148,-0.01624758169054985,-0.42333441972732544,0.16374792158603668,-0.4623502492904663,0.057477712631225586,-0.09245318919420242,0.35547658801078796,0.39381226897239685,-0.18625472486019135,0.30423253774642944,-0.04302213713526726
-0.3365660011768341,0.03995411843061447,0.174551323056221,-0.48381054401397705,-0.4872010052204132,0.36969995498657227,-0.15122176706790924,-0.045495517551898956,-0.03162446245551109,0.0688645988702774,-0.43688327074050903,-0.02506966143846512,0.05536303669214249,0.013938086107373238,-0.021194398403167725,0.14373894035816193
-0.308866411447525,-0.09829211235046387,0.04338003322482109,-0.09375140815973282,-0.10508888214826584,-0.23400378227233887,0.36051836609840393,0.21237784624099731,-0.15080931782722473,0.4260583519935608,0.1845388412475586,-0.0724208801984787,-0.12822219729423523,0.022620676085352898,0.6139870285987854,0.07672613114118576
0.02776741422712803,-0.4805607795715332,-0.23011140525341034,-0.3805706799030304,0.14458593726158142,-0.03349338844418526,0.1186051219701767,0.040196340531110764,-0.007816723547875881,0.21480000019073486,0.13297061622142792,-0.14341026544570923,0.01956218108534813,-0.5216797590255737,-0.38241925835609436,0.171968474984169
0.15520599484443665,-0.1369316428899765,0.4488653242588043,0.1109672263264656,-0.1444479078054428,0.3119373619556427,-0.048544056713581085,-0.17654328048229218,0.24987930059432983,0.06272578984498978,0.2061997801065445,0.18867923319339752,-0.1331147402524948,-0.5008434653282166,0.23757906258106232,-0.3495323061943054
0.10663356631994247,0.11171593517065048,0.22009706497192383,-0.23186349868774414,-0.008856191299855709,-0.1765640825033188,-0.455933541059494,0.13701939582824707,0.3281417787075043,0.41981545090675354,0.36543038487434387,0.16348713636398315,-0.14168275892734528,0.29608163237571716,-0.1905250996351242,0.16677740216255188
