0.22155378758907318,0.2579823434352875,0.04665622487664223,0.27253904938697815,0.6324595212936401,-0.5451677441596985,0.11482463777065277,0.3122596740722656
0.29944518208503723,0.3992616832256317,0.17394623160362244,-0.009905310347676277,-0.17087861895561218,-0.33277255296707153,-0.11040996760129929,-0.7539493441581726
0.3852848708629608,-0.8397018313407898,-0.06669929623603821,0.026316316798329353,-0.01888887770473957,-0.3443950414657593,-0.02054106444120407,-0.14808844029903412
-0.3621302545070648,-0.2322303056716919,0.8340691924095154,-0.008273493498563766,0.2790098488330841,0.05313476175069809,0.090415358543396,-0.1741955280303955
0.016564039513468742,0.043345410376787186,0.08626629412174225,0.06653814017772675,-0.40310853719711304,-0.16524115204811096,0.888439953327179,0.0827517956495285
-0.00044647729373537004,0.01430468913167715,0.27218225598335266,0.7011959552764893,-0.48476195335388184,-0.10186189413070679,-0.343311607837677,0.26608431339263916
-0.7290270328521729,-0.1010214164853096,-0.40634047985076904,0.2793358564376831,0.05742867663502693,-0.3422532081604004,0.028006713837385178,-0.3065185546875
0.22340063750743866,-0.05213335528969765,-0.14424347877502441,0.5922233462333679,0.3029886782169342,0.5619660019874573,0.24094143509864807,-0.3319310247898102
