0.7224032878875732,0.004249152727425098,0.2627875506877899,-0.3671042323112488,-0.123919777572155,0.4952999949455261,0.04219920560717583,0.1087728962302208
0.11706835776567459,-0.23419512808322906,0.5359504222869873,0.21940690279006958,0.34297439455986023,-0.04762130230665207,-0.4071304500102997,-0.5571452975273132
0.4782716929912567,0.2153732180595398,-0.28917229175567627,-0.2559441328048706,0.4355655312538147,-0.6115668416023254,0.059467580169439316,-0.09205111116170883
0.3448716700077057,-0.4596761465072632,-0.3675696551799774,0.26621636748313904,-0.5623728036880493,-0.17579428851604462,0.03487144038081169,-0.3397076427936554
-0.12903259694576263,-0.7141332030296326,-0.34056955575942993,-0.321590393781662,0.4296940565109253,0.22465485334396362,-0.0721120685338974,0.11682470887899399
0.07136714458465576,0.3876693844795227,-0.5364070534706116,0.28106725215911865,0.23712721467018127,0.5322163701057434,-0.16002388298511505,-0.33585435152053833
-0.08018312603235245,0.13207663595676422,-0.1448908895254135,-0.3702421486377716,-0.30493831634521484,-0.10356495529413223,-0.8415317535400391,0.07853013277053833
-0.2976136803627014,0.09863054752349854,0.01611020229756832,-0.6010153293609619,-0.1648654341697693,0.055136922746896744,0.2978735566139221,-0.6490530371665955
