1.231270800872153e-07,0.9999974966049194,-6.598963153692239e-08,-1.7262013329855108e-07,-6.06288423909973e-08,-2.4990799829538446e-07,-6.505494098973941e-08,1.3722998915000062e-07
-1.0510195380675214e-07,-1.3254711461740953e-07,1.1295011148604317e-07,-1.755684841953098e-08,1.0000015497207642,-1.0112610482337914e-07,1.1203928096392701e-07,-2.1778473069389293e-07
-3.504670442744384e-10,1.704054284346057e-07,8.273199370023576e-08,2.6395628083264455e-07,-3.793404346197349e-07,-2.145016964050228e-07,-3.216528057237156e-07,0.9999997019767761
7.204646834679806e-08,-8.559750597214588e-08,-2.2005541211456148e-07,0.999997615814209,-3.613301942095859e-07,2.0502497477536963e-08,-1.0196902167081134e-07,-2.2165870916524e-07
-8.413725538503058e-08,-1.6093285637452936e-07,0.9999986886978149,4.914260998134523e-09,-2.0411022205735208e-07,-3.3208984007160325e-08,1.507697220404225e-07,-8.997476896865919e-08
0.9999995827674866,2.8054395784238295e-07,-1.49714054487049e-07,-1.1193772575524008e-09,4.554833310521644e-08,-7.020344128250144e-08,-1.221826551045524e-07,-7.164927495750817e-08
-1.3761001582679455e-07,7.788091949123555e-08,1.2528158777058707e-07,-3.820938943022156e-08,7.818788105851127e-08,-4.9456666317837517e-08,0.9999979734420776,-1.6886380649339117e-07
-6.996176438178736e-08,-1.7934470974978467e-07,2.736862256824679e-07,9.354066321520804e-08,5.709836159439874e-08,0.9999976754188538,-6.181136313898605e-08,-8.272672147313642e-08
