0.15931756794452667,-0.39802706241607666,0.03989231586456299,0.22143220901489258,0.26550212502479553,0.3483286499977112,-0.5788092017173767,0.4885961413383484
-0.2950088381767273,-0.43767666816711426,-0.3799775242805481,0.09518777579069138,-0.5049304366111755,-0.38194340467453003,0.10259032249450684,0.3957360088825226
-0.48166707158088684,0.42750462889671326,0.26721176505088806,-0.23191463947296143,-0.20119556784629822,0.3816192150115967,0.07745508849620819,0.5176258683204651
0.07305455207824707,0.14928418397903442,-0.04097869247198105,0.49842438101768494,0.47636449337005615,-0.1358659714460373,0.5705122947692871,0.3891063630580902
-0.13944509625434875,0.12118404358625412,-0.6413554549217224,0.33316195011138916,-0.11740217357873917,0.6033798456192017,0.06058206036686897,-0.24903002381324768
-0.22283253073692322,-0.053117360919713974,0.5472855567932129,0.689562976360321,-0.32066047191619873,0.0022244853898882866,-0.08108522742986679,-0.2512015104293823
0.7094596028327942,-0.06635421514511108,0.1502230316400528,-0.026927845552563667,-0.4966965615749359,0.291381299495697,0.3303365111351013,0.16805072128772736
-0.2789565324783325,-0.6504284739494324,0.2179870456457138,-0.22908255457878113,0.20937487483024597,0.3460046648979187,0.4512260854244232,-0.1787886619567871
