-0.17551788687705994,-0.571117639541626,-0.4033361077308655,-0.32512491941452026,-0.3376140594482422,0.13791443407535553,-0.11428934335708618,-0.33959221839904785,-0.014676230028271675,-0.1354048252105713,-0.10205460339784622,0.29030704498291016
0.3156711757183075,0.15813174843788147,-0.3091757297515869,0.09870060533285141,0.004418641794472933,0.2848654091358185,0.15958340466022491,0.4193451404571533,0.011768185533583164,-0.6316033005714417,-0.13734017312526703,0.26382482051849365
-0.05904502421617508,0.10011027753353119,0.034594740718603134,0.2638823091983795,-0.4057135581970215,-0.445526659488678,0.504587709903717,-0.09836505353450775,-0.30368828773498535,-0.015270352363586426,0.22090519964694977,0.38343578577041626
-0.046689774841070175,-0.025444142520427704,0.23190303146839142,0.27719444036483765,-0.5748975872993469,0.41059696674346924,-0.013659374788403511,-0.04595223441720009,0.3439773917198181,-0.14844746887683868,0.3767891824245453,-0.28781411051750183
0.6608811616897583,-0.2457924336194992,0.03163968399167061,-0.0067707328125834465,-0.35041049122810364,-0.25583890080451965,0.03150246664881706,0.17339609563350677,0.24199160933494568,0.3013230860233307,-0.3536152243614197,-0.08987399190664291
0.38452622294425964,0.11607573181390762,0.16301168501377106,-0.3278144299983978,0.044199347496032715,0.5494483709335327,0.21615760028362274,-0.13188590109348297,-0.24562139809131622,0.36721742153167725,0.24420934915542603,0.28609558939933777
0.22878354787826538,-0.043379753828048706,-0.19129671156406403,0.49434608221054077,-0.022069569677114487,0.17714790999889374,-0.17501351237297058,-0.3234216570854187,-0.6022719144821167,-0.0072694518603384495,-0.18738338351249695,-0.3159204125404358
-0.17333854734897614,0.19987040758132935,0.15956760942935944,-0.5283858180046082,-0.39080408215522766,-0.009192061610519886,0.06614778190851212,0.24669726192951202,-0.427261084318161,-0.14266709983348846,-0.23324282467365265,-0.3872941732406616
0.23830914497375488,0.32806095480918884,-0.5158214569091797,-0.26824238896369934,0.035278886556625366,-0.19427767395973206,0.21051892638206482,-0.37450093030929565,0.20587825775146484,-0.08739974349737167,0.28036966919898987,-0.381274938583374
0.07224675267934799,-0.23561403155326843,-0.30556753277778625,-0.025485634803771973,-0.02519768849015236,-0.13296394050121307,-0.3047841489315033,0.520616888999939,-0.2590075731277466,0.16412077844142914,0.6028265953063965,-0.07467026263475418
-0.2642923891544342,0.4943396747112274,-0.42862316966056824,0.1363498717546463,-0.28868964314460754,0.16397742927074432,-0.187264084815979,0.13645990192890167,0.11958678811788559,0.4675849974155426,-0.22789651155471802,0.1862112283706665
-0.25496211647987366,-0.33900120854377747,-0.23229913413524628,0.12573549151420593,0.16646987199783325,0.2272109091281891,0.6720694303512573,0.23281343281269073,0.03395267203450203,0.24740594625473022,-0.10869070142507553,-0.30150917172431946
