-6.24925533543319e-08,-1.6893929455363832e-07,-3.162946171642034e-08,-9.030236469698139e-08,-1.8069134455345193e-07,4.0059578765294646e-08,6.995491474981463e-08,0.999997615814209,-2.87279213750935e-08,-3.076415922009801e-08,1.5294438071578043e-07,-2.3598441600825026e-07,1.8691154934913357e-07,4.891991700617382e-09,1.5327525204611447e-07,-2.898072004597907e-08
-1.0505279313122173e-08,-2.5612311560507806e-07,1.1189850823711822e-07,-1.526438708765454e-08,-7.744108643237269e-08,1.1880959505106148e-07,8.923863248355701e-08,9.695955327515549e-08,-4.420897781187705e-08,0.9999997615814209,-1.785844716550855e-07,-6.598614987751716e-08,-6.625756299172281e-08,-1.4107183687883662e-07,2.8099684357130172e-08,6.712829758726002e-08
-1.3794507935926958e-07,-1.7393998064108018e-07,-2.5070931997106527e-07,-1.826768425416958e-07,-5.464999475179866e-08,-7.434183402210692e-08,-4.55941240318225e-08,1.6610943021078128e-07,1.000000238418579,-2.2071311889249046e-07,1.1595153637244948e-07,3.236603873801869e-08,-8.051976152501084e-08,-9.187564131707404e-08,-9.928686495186412e-08,6.138268116018253e-09
2.0396947775225271e-07,-7.279913916136138e-08,7.42561852007384e-08,1.033708585396198e-07,9.882602114430483e-08,1.7545481512115657e-07,5.533544822355907e-08,-1.3362495998592294e-08,1.6269852665118378e-07,1.6549137171750772e-08,-1.2812718352961383e-07,0.9999974966049194,9.994379013278376e-08,1.126912891891152e-07,2.0792622024146112e-07,9.374888776392254e-08
1.0000020265579224,3.9938861107202683e-08,1.0287665475061658e-07,1.062579926269791e-07,3.9957779307542296e-08,5.537124536658666e-08,7.95698884559215e-09,1.3675693821824098e-07,-1.6466174201923423e-07,-1.3141239207925537e-07,1.7729716716985422e-07,-1.2138843885622919e-07,4.822047472430313e-08,-8.682110319568892e-08,-3.5394368325114556e-08,3.7563975041621234e-08
-8.436816045787054e-08,1.0863827526463865e-07,6.42364739178447e-08,-5.316815432365729e-08,1.546358845416762e-07,-1.077568541063556e-07,1.1889434148315559e-07,1.807661575981001e-08,-6.6284728816867755e-09,8.529701744919294e-08,5.4668042537286965e-08,7.462417528358856e-08,3.371468721979909e-07,0.9999991655349731,-1.9796448924580545e-08,1.7470254931595264e-07
8.103137361104018e-08,-1.7098858506869874e-07,-7.05885412344287e-08,-8.781521643186352e-08,-7.867184592669219e-08,-6.896531346001211e-08,-5.5416293776033854e-08,-7.179482253150127e-08,-8.825109887311555e-08,1.0146244022735118e-07,1.442742529889074e-07,1.2825975659325195e-07,2.8568172183440765e-07,-7.112132038855634e-08,1.0000007152557373,-4.54271429362052e-08
3.5178612733943737e-07,-6.955188780466415e-08,-4.3695617790717733e-08,-1.6379134137878282e-07,-1.8370984733451223e-09,1.267778628744054e-07,-7.803434698416822e-08,-7.639260957148508e-08,-6.33070484923337e-08,2.4759472694313445e-07,1.3911439111780055e-07,-1.1449305503674623e-07,-5.115365908636704e-09,-2.3780896185598976e-07,7.85698688332559e-08,1.0000001192092896
3.090712352715741e-09,1.009902490523018e-07,1.305435120002585e-07,2.210349236975162e-08,-1.8670977652845977e-08,8.781074001262823e-08,1.000002145767212,2.7549923231617868e-08,-8.387177174995486e-09,9.82764660761859e-08,3.6977681361349823e-08,-1.6203476604914613e-07,9.824386637546922e-08,-4.703347045165174e-09,-5.8018557069772214e-08,-4.599698044671641e-08
1.0178113996062166e-07,-1.729177085962874e-07,2.1682208739548514e-07,-5.8166467198361715e-08,1.3487289152180892e-07,0.999999463558197,-9.206797102478959e-08,-1.4240130497000791e-07,9.636647746447125e-08,-5.5951286270783385e-08,7.515998490248421e-09,1.7698469889637636e-07,1.2092800716345664e-07,3.0747994372859466e-08,6.362523663483444e-08,-8.880997626192766e-08
-4.9735525919913925e-08,0.999997615814209,4.550163801297913e-09,1.677988308301792e-07,-2.2954735001690096e-08,-3.3722983516781824e-08,-9.377364307283642e-08,-8.509174165283184e-08,3.7640344885403465e-07,-1.0418334994710676e-07,1.1231018959279027e-07,1.1918996278836858e-07,-6.698216026279624e-08,-1.9296725994877306e-08,4.5208871313207055e-08,-2.2566604229723453e-07
-5.511106238031971e-08,1.757368721655439e-07,6.929922591325521e-08,-1.6498181309998472e-07,0.9999982714653015,6.672908625660057e-08,1.2512602154401975e-07,9.98513769445708e-08,3.2298576257971945e-08,-6.762095239309929e-08,5.1036959547445804e-08,3.999689965894504e-07,1.8863033801608253e-07,3.3047324876633866e-08,-7.865780560223357e-08,-9.591610705683706e-08
-1.4464008302184084e-07,-1.380992529220748e-07,1.0839841024790076e-07,1.1726455362293109e-08,9.061015759925795e-08,-4.214522064671655e-08,2.44893271883484e-07,-6.514677153290904e-08,5.9230213622640804e-08,4.290449950872244e-08,0.9999977350234985,1.6697779869900842e-07,-2.1801305649660208e-08,-1.600664205625435e-07,-2.771290041891916e-07,-3.1625912555455216e-08
1.0662109417580723e-07,1.1382167741658122e-07,1.000000238418579,1.7220676795659529e-07,2.3402736815114622e-07,4.3481652056698294e-08,1.1266793364939076e-07,1.5666297770167148e-07,-8.1607343105361e-09,1.6972975913631672e-07,-6.510025940542619e-08,2.8495978199316596e-07,-1.0495247693143028e-07,1.1344693007231399e-07,2.108374417275627e-07,2.8007050900669128e-08
1.495844941246105e-07,2.0997016747514863e-07,-5.117730950132682e-08,1.0000007152557373,-6.920481609995477e-08,-1.2914910918482292e-08,-8.450009403304648e-08,-7.29755527117959e-08,1.0657235094413409e-07,2.973398807171179e-07,-2.8638439175665553e-07,-2.8789045813937264e-07,3.732525399868791e-08,1.0155996221783425e-07,-1.0491034885262707e-07,8.807742091221371e-08
3.196683096007291e-08,1.0769522162945577e-07,5.675164516105724e-08,-1.7356359194309334e-07,-6.92987924821864e-08,-5.619695286895876e-08,2.220262871333034e-07,-7.381189703892233e-08,-6.067312341428988e-08,-2.2012886802258436e-07,6.981525046967363e-08,-9.693371794128325e-08,0.9999986886978149,4.471366565894641e-08,-1.5802166331013723e-07,-2.1041747899630536e-08
