-1.7573243837887276e-07,8.739814205682706e-08,1.7613675851180233e-08,3.374958623680868e-08,-7.835980397885578e-08,-2.3901547407945145e-09,0.9999980926513672,-3.9269631990634934e-09
-1.907984703564125e-08,-1.4359675049036014e-07,-1.9998472566840064e-07,2.570313313299266e-07,6.983126610293766e-08,2.838425245954568e-07,-1.7144112973710435e-07,0.9999992251396179
1.0000017881393433,-1.6909877942339335e-08,7.537464341567102e-08,-1.0977916531373921e-07,-6.060057700096877e-08,-2.550498265918577e-07,6.580107481113373e-08,3.552103677861851e-08
1.466540737737887e-07,1.8880346885907784e-07,1.709142338768288e-07,1.0000020265579224,1.1463504279163317e-07,3.9744385560425144e-08,3.951256744016973e-08,-2.0730321637074667e-07
-6.692849296996428e-08,1.3459493963807745e-08,-1.3549163213610882e-07,-1.5194905245152768e-07,1.0000015497207642,-5.980376016623268e-08,6.619352177494875e-08,1.0976846454013867e-07
-8.750602464857593e-10,1.7420130404843803e-07,0.9999989867210388,-1.4118553792741295e-07,4.90114295814692e-08,-3.71715138669515e-08,-8.00472790274398e-08,-1.3396024201028922e-07
-8.751702296194708e-08,0.9999988675117493,1.830207594366584e-07,1.0831303853819918e-07,1.9431935527336464e-07,7.215955832862164e-08,4.821201216032023e-08,2.960273448593398e-08
8.063775425171116e-08,-5.01578938383318e-08,4.203104353450726e-08,-1.5302495626201562e-07,6.436086863459423e-08,1.0000017881393433,6.464747315249042e-08,8.490003367001009e-09
