0.5456729531288147,-0.2576020658016205,0.054590873420238495,-0.3016037940979004,0.17692884802818298,-0.0360342338681221,0.1885852813720703,0.26131483912467957,0.11733479052782059,-0.046464454382658005,0.15514537692070007,-0.27127930521965027,0.41931578516960144,-0.10088462382555008,-0.10310624539852142,-0.30864739418029785
0.08130771666765213,-0.42569413781166077,-0.061787642538547516,0.06490634381771088,-0.20865429937839508,-0.4576927423477173,0.15988990664482117,-0.34373632073402405,0.31981509923934937,-0.33864784240722656,-0.03140393644571304,-0.0943036675453186,-0.14334584772586823,-0.1653680056333542,0.33013761043548584,0.15386979281902313
0.0891457349061966,0.2615358531475067,-0.3106617033481598,0.11816755682229996,-0.2391609251499176,0.16534453630447388,0.23247654736042023,0.21223847568035126,0.29360708594322205,-0.32130125164985657,-0.08979295194149017,0.3382599353790283,0.30429717898368835,0.400201678276062,0.24991831183433533,-0.04910791665315628
0.22949162125587463,0.30841097235679626,0.20680135488510132,0.044122114777565,-0.3418749272823334,-0.35739946365356445,-0.24930419027805328,0.043400704860687256,0.018997101113200188,0.37598586082458496,-0.27766484022140503,-0.20896130800247192,0.3581925332546234,0.03621091693639755,0.14361046254634857,0.29347744584083557
0.0058379946276545525,-0.1860477179288864,0.4205476939678192,0.47850754857063293,0.3228025734424591,0.0837186798453331,0.13821494579315186,0.03196460381150246,-0.14911535382270813,-0.03675670549273491,0.332329124212265,0.08406947553157806,0.2865229845046997,0.1433727890253067,0.21506671607494354,0.37173256278038025
-0.08536089956760406,0.1759076863527298,-0.18784688413143158,-0.01352622639387846,0.5166822075843811,0.08627545833587646,-0.35797229409217834,-0.3280998766422272,0.5515214800834656,0.05039658397436142,0.06601214408874512,-0.2470463216304779,0.13569509983062744,0.1431664228439331,0.05710914731025696,0.04273831844329834
0.24074003100395203,-0.23763036727905273,-0.1036984920501709,-0.07181212306022644,0.15731759369373322,0.19052401185035706,0.26722845435142517,-0.20776154100894928,0.168818399310112,0.5455811619758606,-0.31351548433303833,0.4749905467033386,-0.005451072007417679,-0.12364611774682999,0.005642496515065432,0.16918429732322693
-0.17414045333862305,-0.10625192523002625,-0.29796862602233887,-0.09161277860403061,-0.3051096498966217,0.059557750821113586,-0.04184117540717125,0.25984713435173035,0.2601914703845978,0.18753859400749207,0.5505766272544861,0.020192770287394524,0.08631319552659988,-0.22303539514541626,-0.2253471314907074,0.425335168838501
0.17521105706691742,0.328294038772583,0.0354183055460453,0.057692885398864746,-0.07998255640268326,0.15899980068206787,0.11884726583957672,-0.022010337561368942,0.04081118106842041,0.2741161584854126,0.3870367705821991,-0.07756801694631577,-0.27639371156692505,-0.26696375012397766,0.5956012606620789,-0.27500683069229126
0.04320758208632469,-0.05151507630944252,-0.126747727394104,-0.5847419500350952,0.2680945098400116,-0.11501473188400269,-0.15435390174388885,0.2600140869617462,-0.24989275634288788,-0.07507264614105225,0.010918711312115192,0.09511904418468475,-0.16773444414138794,0.20855802297592163,0.4262886047363281,0.36104047298431396
-0.3706742227077484,0.22802545130252838,0.41995108127593994,-0.2868783175945282,0.06675120443105698,0.09925787895917892,0.5116372108459473,0.15919651091098785,0.3210463225841522,-0.06081137806177139,-0.2146882265806198,-0.21460172533988953,-0.04355839639902115,-0.13088715076446533,-0.005598744377493858,0.1804145723581314
0.023236187174916267,-0.31072959303855896,-0.21545441448688507,0.335284948348999,-0.0038013774901628494,0.16672593355178833,0.06348038464784622,0.4046372175216675,0.08104366064071655,0.22829067707061768,-0.2474839836359024,-0.4867226481437683,-0.320142537355423,0.2836900055408478,0.08506831526756287,0.03816591203212738
-0.3277028203010559,0.04439619556069374,-0.14366087317466736,0.1279621422290802,0.27884912490844727,-0.6710758805274963,0.19017936289310455,0.25644248723983765,0.05257740989327431,0.2854478657245636,0.08814394474029541,0.19249439239501953,0.050265341997146606,0.06293190270662308,0.0035595691297203302,-0.29669177532196045
0.16180138289928436,0.23243145644664764,-0.24144911766052246,0.29219770431518555,0.29984721541404724,-0.028874147683382034,-0.08015048503875732,0.3021971881389618,-0.04407104477286339,-0.27767834067344666,-0.26037442684173584,0.043576549738645554,-0.0113903246819973,-0.6327866315841675,-0.007406418211758137,0.19566462934017181
-0.22849299013614655,-0.33398017287254333,0.34104251861572266,-0.01783604361116886,-0.09844816476106644,0.13946206867694855,-0.4943152666091919,0.3208363950252533,0.28985121846199036,-0.007446751929819584,-0.1432843655347824,0.27097827196121216,0.0788826048374176,-0.18141022324562073,0.23873573541641235,-0.26275521516799927
0.42793983221054077,0.1705142706632614,0.3269461393356323,0.06457424908876419,0.044500820338726044,-0.18182235956192017,-0.10757403075695038,0.17345577478408813,0.3351192772388458,-0.08128008991479874,0.14214473962783813,0.2343205362558365,-0.5068962574005127,0.21272341907024384,-0.3101166784763336,0.08740388602018356
