1.3635886375595874e-07,-8.879863599986493e-08,-7.698477588746755e-08,-1.94134614162067e-07,-6.936717511507595e-08,-1.3251094799215934e-07,1.0000015497207642,1.1531857779800703e-07,-4.5475285759266626e-08,-3.410983850926641e-08,8.639212900618531e-09,-6.212825098828034e-08,-1.087671392951961e-07,-4.768310546410248e-08,-1.0176584197552074e-07,7.858093198365168e-08
1.259606676740077e-07,1.0000016689300537,-1.1430680046942143e-07,1.0609544176531926e-07,-9.202050677004081e-08,8.115711835898765e-08,1.254403372286106e-07,-8.122772499064013e-08,3.088938527184837e-08,6.199522317729134e-08,1.2105736857392912e-07,-1.1568931057581722e-07,-1.1647090403243965e-08,-1.0300932018481035e-07,7.89713681115245e-08,-1.6077427744676243e-07
8.292715847346699e-08,-8.883409563509304e-09,-5.352986320872333e-08,1.356040826294702e-07,-1.288085229589342e-07,1.7895457915528823e-07,3.718168102295749e-07,-2.0440477044303407e-07,-1.1650940479057681e-07,-9.529410505138003e-08,2.2010019051776908e-07,1.252656289807419e-07,-1.2434019147633535e-08,1.0000019073486328,-2.52898161079429e-07,2.2861563309106714e-07
-2.4822167432603237e-08,-7.592907280695727e-08,1.0724775734161085e-08,1.8585205907584168e-07,-1.260417974435768e-07,-3.679805971046335e-08,-3.064917919459731e-08,1.89716743648205e-07,-6.756277315389525e-08,-2.9185073913140513e-08,1.0000011920928955,6.026964882721586e-08,7.94906966916642e-08,6.140240316199197e-08,-2.3660426506921794e-07,-9.069081130519407e-08
-2.2353580675371632e-07,1.3685471422775208e-08,-7.490960740597075e-08,1.0000005960464478,-8.967187170583202e-08,-2.7773111810347473e-07,-8.953747965279035e-08,-2.5052761642996302e-08,5.064615393735039e-08,3.2450543585582636e-08,1.440819801246107e-07,-1.0481103984716356e-08,1.4122312563813466e-07,3.669356729574247e-08,3.463632651801163e-07,-6.378036232490558e-08
-1.4426159111735615e-07,6.173946331955449e-08,6.50002434099406e-08,2.0804487022019202e-08,1.456727289905757e-07,2.92486447506235e-07,1.9927105299188952e-08,-1.2691019435351336e-07,1.0193967625582445e-07,7.371004784317847e-08,8.266475504115078e-08,-9.266593536949586e-08,2.2122520704215276e-08,9.137819390048207e-09,-1.3698675616069522e-07,0.9999977946281433
-7.217749242727223e-08,3.214677519736142e-07,1.2392874282340927e-07,6.895670878748206e-08,-2.1008806072586594e-07,-6.750446601699878e-08,1.629053230089994e-07,5.519769175066358e-08,-1.7796887163967767e-07,-1.1489693463317963e-07,1.6328863239323255e-07,-1.2425719120301437e-08,9.366461029003403e-08,-3.6491577759534266e-08,1.000001311302185,-2.418670241866039e-08
5.759148180572993e-08,-4.0310034421509044e-08,-1.3197831094657886e-07,1.1937262911487778e-07,-3.4040812835200995e-08,-1.3884005056752358e-07,-4.6881982740387684e-08,0.9999976754188538,1.2664796145145374e-07,4.680563137071658e-08,-3.1996583516047394e-07,-6.518978779013196e-08,-1.6322235296684084e-07,7.428818804555704e-08,2.222978601196246e-08,-4.027237920922744e-08
-2.428378920171781e-08,1.3421630740140245e-07,-3.728178299411411e-08,1.585133979631337e-08,1.0000017881393433,-1.6508272437931737e-07,-7.08320087028369e-08,9.696959324401178e-08,-6.752653547437149e-08,-5.583948237131153e-08,-2.292155576455457e-09,1.712540438347787e-07,1.713078567888715e-08,-7.624750253398815e-08,7.913120469993373e-08,-7.298445403591813e-09
-7.502658050384525e-09,-2.178282585418856e-07,1.000002384185791,8.695096198607644e-08,1.1588473824986067e-07,2.501033122825902e-07,-7.110616451200258e-08,-7.663176404548722e-08,5.8470114083775115e-08,-4.5975479423532306e-08,9.813387435997356e-08,2.370842366872239e-07,2.001621055569558e-07,-5.9457438084109526e-08,5.199866848215606e-08,4.3537248473057844e-08
6.180643197239988e-08,2.7607894637071695e-08,-1.7636547511301615e-07,9.058335592726507e-08,-9.596564609637426e-08,-7.153982295449168e-08,7.53286784060947e-08,1.7458004819559392e-08,0.9999987483024597,6.8097243399734e-08,-5.817184600687142e-08,2.0337657247182506e-07,1.4183883934038022e-07,-3.339413723324469e-08,-3.056896247244367e-08,-5.366874233914132e-08
1.8336217522119114e-07,1.1313253622802222e-07,5.8507080069603035e-08,1.7249715256184572e-07,1.6339775754659058e-07,2.6544029196884367e-08,1.0538431638451584e-07,1.2359417667084927e-07,-1.2606092170130978e-08,-2.1298826879956323e-07,-1.3686187116945803e-07,4.730424052468152e-07,0.9999976754188538,-6.764805959846854e-08,7.3575421311034e-08,9.473065176734963e-08
1.3701334466986737e-07,1.592890441770578e-07,-9.796323041655342e-08,2.210414740133615e-09,2.4183984592696106e-08,6.45230784357409e-08,-5.864275465228275e-08,1.833187610600362e-07,-9.687768809385489e-09,1.0000015497207642,7.906344734465165e-08,1.0591932664283377e-07,1.822894546421594e-07,-2.9974668080967604e-08,3.795841152509638e-08,7.808964141986507e-08
-3.3480270644759e-07,-7.789900280386064e-08,-5.4539501803674284e-08,-1.8453002326168644e-07,3.331198428213611e-08,8.736779477658274e-08,6.808073038655493e-08,4.038925283111894e-08,2.6351937520985302e-08,-7.18230879215298e-08,-1.244943206302196e-07,0.9999986886978149,-1.4088587185767665e-08,6.108798800141813e-08,3.6342246545473245e-08,2.3388858494399756e-07
-2.10332657957224e-07,-8.560947151181608e-08,9.573996351264213e-08,-4.2502583141867945e-07,-4.732943637009157e-08,0.9999986886978149,1.2138248450810352e-07,-1.8088192277332382e-08,-8.822912889172585e-08,1.9376905413537315e-08,1.195127623532244e-07,2.392519320437714e-07,5.99111444898881e-08,-6.899043114572123e-08,-1.8891581987645623e-07,-9.789943078430952e-08
1.0000017881393433,-6.741829849943315e-08,6.121402407188725e-08,6.217642578576488e-08,1.1942503874706745e-07,2.2705528124333796e-08,-5.600447039455503e-08,1.953181509861679e-07,1.1896015905676904e-07,-1.1473446193122072e-07,-1.0535402594769039e-07,-9.346680940325314e-08,1.5932313601751957e-07,1.2124759507514682e-07,-5.0230394066375084e-08,2.8652098649217805e-07
