-3.315520302749064e-08,1.0716961895695931e-07,6.721949574739483e-08,4.889334093149955e-08,1.0508416892207606e-07,-1.1103303165782563e-07,2.7392195178777e-08,2.360992397143491e-07,-9.141427170789029e-08,-1.1716048220478115e-07,1.0000004768371582,1.639139135534151e-08
0.9999998807907104,-7.510168131830142e-08,2.943009036471267e-08,-1.0814539308512394e-07,-3.8657691447951947e-07,3.639750545403331e-08,3.0715298748873465e-07,2.722662486576155e-07,1.6850648876243213e-07,1.137997784894651e-07,-8.905316661866891e-08,3.009051852131961e-07
-1.8923664413250663e-07,-1.8967817538850795e-08,-8.433566733856424e-09,-2.743876237332188e-09,5.2184994103754434e-08,6.671258034884886e-08,0.9999979138374329,2.0993997651430618e-08,-6.748138758894129e-08,-3.3126763554491845e-08,4.328902605266194e-07,-4.859284175040557e-08
-1.2156704976007404e-08,8.033157428144477e-08,-1.7639828797655355e-07,1.1950093892210134e-07,6.306315469828405e-08,9.593010474873154e-08,-2.0715065218723794e-08,0.9999980330467224,4.0604263062959944e-08,-3.493079248073627e-08,2.3163143225701788e-07,-1.557343551894519e-07
-9.469348860591253e-09,-1.3591889569397608e-07,-6.107162420221357e-08,4.4239786944899606e-08,-1.1468078042753405e-07,2.8867541246313522e-08,-1.554955133542535e-07,5.9785878470108855e-09,-6.923514206391701e-08,1.000002384185791,-7.606487884004309e-08,8.941209017621077e-08
-2.1910621228471427e-07,-1.279593533354273e-07,8.236305149011969e-08,4.434380329598753e-08,1.2982749808543304e-07,1.0000011920928955,1.098262245591286e-07,-1.178295221393455e-07,-1.9666243744609346e-08,4.5050889241338155e-08,-8.24226091822311e-08,-4.7629603727727954e-07
-7.841774163352966e-08,1.8259937561992956e-08,-4.418266286165817e-08,1.0000028610229492,2.2865567217422722e-08,-1.4664065872693754e-07,-7.587006933817975e-08,6.931068696758302e-08,-3.3273877875217295e-08,9.868251993339072e-09,-7.82637243901263e-08,-5.856499285528116e-08
6.580912526032989e-08,-7.957579128969883e-08,1.000000238418579,-1.3944391241693666e-07,4.1468705802572003e-08,-1.8850824901051055e-08,-1.295341149898377e-07,1.910932212467742e-08,6.576811273362182e-08,-7.3090163255074e-08,3.5819777366441485e-08,-7.601313356531136e-09
-3.7619976467340166e-08,-2.460577661622665e-07,1.774119340325342e-07,-7.410251612327556e-08,0.9999990463256836,6.988831557919184e-08,2.179152005510332e-07,2.7641712918580197e-08,5.6353822941446197e-08,-1.530955984208049e-07,-1.2626794720915768e-08,-5.482813847379475e-08
-3.623222255555447e-08,0.9999976754188538,9.946317192088827e-08,2.6107542794306937e-07,2.906886287235011e-08,-2.0810266221360507e-07,-6.038605704361544e-08,1.0891019286418668e-07,8.442962240451379e-08,9.133153611173839e-08,-6.707942645789444e-08,-6.769256799543655e-08
6.519967854501374e-08,-1.8912750476829387e-07,-1.0145020468144139e-07,7.49295825386298e-09,1.5926430307899864e-07,7.184478079125256e-08,-2.8790354988927902e-08,5.610486653040425e-08,1.0000007152557373,-2.0933406119638676e-07,-6.456830448087203e-08,-4.240728301851959e-08
-2.0596083061263926e-08,-1.0114361259638827e-07,-7.984117900150522e-08,-7.152205228067032e-08,6.167815769231311e-08,2.460914458879415e-07,5.2112955728489396e-08,-1.806003346871421e-08,7.521002487465012e-08,1.7799514751004608e-07,4.2579273440424004e-08,1.0000019073486328
