-2.248589936471035e-08,-8.026065501098856e-08,1.0015409657171404e-07,-2.406486316886003e-07,3.1983944381863694e-07,1.797239832512787e-07,-4.35566285261757e-08,0.9999993443489075,5.6840431028604144e-08,3.6175549666950246e-07,1.527951525304161e-07,5.5007202348633655e-08
-8.884024538247104e-08,-3.71775463747781e-08,-2.183895162488625e-07,-1.0306421494021833e-08,9.054722482915167e-08,-1.5028857092147518e-07,1.1425398582787238e-07,-6.763884385918573e-08,0.9999976754188538,4.175099945769034e-07,-1.004044563046591e-07,-7.365602527897863e-08
-4.892592642136151e-08,-2.256364695085722e-07,-6.703005794861383e-08,-1.359739627559975e-07,1.0000003576278687,-8.271875628906855e-09,1.3622593542095274e-07,8.496820669279259e-08,-2.3606988364122117e-08,9.325067651388963e-08,6.501307581174842e-08,-2.8296949494688306e-07
6.75420679385752e-08,8.201985934874756e-08,-1.6909793032482412e-07,6.615704251089483e-08,-6.756766168791728e-08,8.837328380195686e-08,-3.09473875859112e-07,1.5958002563820628e-07,6.027553922649531e-08,-5.482864828820766e-09,0.9999986886978149,-1.6628759169634577e-07
1.1225493778965756e-07,-6.445261391263557e-08,1.0000001192092896,8.766284764760712e-08,-1.0769621638928584e-07,4.519144880532622e-08,5.551430248829092e-08,-1.719333653227295e-08,2.1048937526302325e-07,-6.546338937596374e-08,7.268700841223108e-08,5.8640861055891946e-08
-1.6400925062498573e-07,4.961593447205814e-08,1.8842517590655916e-07,0.9999992251396179,-1.0098587921447688e-07,2.95211577849841e-07,9.104253706482268e-08,1.0658366988991474e-07,-6.461639401322827e-08,9.787851240616874e-08,-1.9896533842711506e-07,8.658741990075214e-08
6.764459214991803e-08,-1.1139103861523836e-07,7.397739665293557e-08,-8.421993413776363e-08,4.2277815026636745e-08,-4.0135424228537886e-07,0.9999992251396179,1.742809132565526e-07,-1.3100704165935895e-07,-1.2023534168292827e-07,2.0012789647694262e-08,-1.7562999232723087e-07
-3.449996910376285e-08,8.759734981822476e-08,-2.6197053415444316e-08,9.217742125144923e-09,-2.272028325478459e-07,1.0000022649765015,2.4149636601578095e-07,-1.205866624331975e-07,4.201090320066214e-08,-8.45377812197512e-08,-6.177867817314109e-08,8.103666004899424e-08
1.5896225136202702e-07,1.0000016689300537,1.6499694055482905e-08,1.3419231947864318e-07,-1.727137259877054e-07,4.3095987223296106e-08,5.213459886022065e-09,-8.329770651016588e-08,-1.499157775697313e-07,-3.21149613569105e-08,-1.1193684201771248e-07,1.10074092063428e-08
1.0000001192092896,6.60881696035176e-08,-8.377607230158901e-08,-1.100204638504465e-08,1.0269963723885667e-07,-3.649390833970756e-08,-1.690969781975582e-07,-8.15297838130391e-08,1.4870954601065023e-07,5.235477829046431e-08,-2.706073303215817e-07,-2.0059574978859018e-07
-1.5415808718444168e-07,2.0260340960476242e-08,1.98395930794959e-08,-2.84448674392479e-07,1.0489942781077843e-07,3.5746148796533816e-07,-2.0487469498675637e-08,6.763096394024615e-08,4.464715530616559e-08,1.617582228163883e-07,8.839124632231687e-08,1.0000004768371582
-7.186630313071873e-08,-2.1681357509351074e-07,-7.023055559329805e-08,-6.353360504363081e-08,1.1324458881745159e-07,6.762174820096334e-08,9.07676280803571e-08,1.5049840484948618e-08,5.5834711076840904e-08,0.9999984502792358,5.708340822252467e-08,-4.2389238785744965e-08
