1.3465518122757203e-07,-1.8013300007169164e-07,0.9999983906745911,1.5000980013724075e-08,-1.398903179961053e-07,3.174710911935108e-07,3.3233393992304627e-07,1.8509530264054774e-07,-9.010772572537462e-08,1.1883926731570682e-07,7.809285307303071e-08,-2.954744502403628e-07,6.31160190778246e-08,5.874079178624925e-08,1.0365818070567911e-07,-6.279369024753123e-09
0.9999979734420776,3.1005993150756694e-07,1.2579664598888485e-07,4.004740006280372e-08,-9.400515921242913e-09,-2.684547339981691e-08,-3.2221973356172384e-07,-3.327002104924759e-07,-5.5852360958397185e-08,-5.811752856743624e-08,-9.435264303192525e-08,1.481223819155275e-07,-2.0255860988527274e-07,3.361510323429684e-07,2.7708460947906133e-07,-2.568679917658301e-07
3.39056214215816e-08,1.0266604277830993e-07,-2.477237259768117e-08,6.453871037592762e-08,-3.3954151490434015e-07,-5.338122122111599e-08,-1.666897908592091e-08,8.209052992924626e-08,1.6216576526062454e-08,4.1921715876469534e-08,0.9999980330467224,-1.5436762623721734e-07,6.760942738992526e-08,1.0792771121259648e-07,9.016758895086241e-08,1.4131647674275882e-07
6.704684807345984e-08,1.4476721332812303e-07,-6.452768275266862e-08,-1.9020571073724568e-07,2.4738130832702154e-07,1.0000020265579224,6.348273018375039e-08,1.0621595691873154e-07,-2.358023776238838e-10,1.992918186033421e-07,7.588590733575984e-08,-3.0942956641411e-08,-1.1928180754239293e-07,-3.406778503745045e-08,-3.398677961286012e-07,-1.2876036237230437e-07
1.0001122774383475e-07,1.5960470278741923e-08,-3.453868657743442e-08,2.6739101599559945e-07,-6.571990951442785e-08,9.13503868105181e-08,1.0000016689300537,-2.350618046875752e-07,-9.402042877582062e-08,6.873184332789606e-08,3.527152969695635e-08,-5.000341118943652e-08,-6.782271810834573e-08,-6.273067754136719e-08,-3.744981142972392e-07,-2.568641832567664e-08
9.036728698674779e-08,1.0000009536743164,7.346793751139558e-08,1.494919033007136e-08,-1.0197866373573561e-07,-3.498913940802595e-07,2.3716873442936048e-07,-1.462984755562502e-07,1.8358248610184091e-07,-5.0529944672916827e-08,-5.909577893703499e-08,7.578564442667357e-09,-8.033129716977783e-08,-1.7034909038926571e-09,1.175906305661556e-07,-6.228319904266755e-08
9.575470727440916e-08,1.4438506923397654e-07,-4.870141179225129e-09,-8.22511694309469e-08,5.472593045396934e-08,5.5061313730675465e-08,-3.831505068774277e-08,-1.3281317023938755e-07,-2.740137574619439e-07,0.9999986886978149,-1.545872692076955e-07,6.741640845575603e-08,-9.750381479989301e-08,-6.04480518973105e-08,4.689013266556685e-08,-1.279856292057957e-07
-1.5084698645750905e-07,-5.8105276146136475e-09,5.045585282914544e-08,5.7228749739124396e-08,-3.576168339236574e-08,-4.783123017659818e-07,1.6740074215704226e-07,-7.606150376204823e-08,0.9999979734420776,-7.551875569333788e-08,3.00001886444079e-07,-9.69733591205113e-08,8.928388695039757e-08,1.8274677415774931e-07,3.952652605221374e-08,-8.115868155300632e-08
7.420021930215626e-09,-7.122615386379039e-08,1.0068593780943047e-07,1.0000020265579224,8.041339327746755e-08,4.536452991033002e-08,-4.951112231310617e-08,3.5442294432641575e-08,-2.3770695634084404e-08,-3.190973529854091e-07,6.752130587983629e-08,1.2901753621008538e-07,4.907988682134601e-08,9.293448499647639e-08,-7.460800865999317e-09,-6.955193043722829e-08
7.649614275351269e-08,8.104769477768059e-08,3.6855371376987023e-07,2.992661052303447e-08,-2.7331147123277333e-08,9.654656452084964e-08,8.833720954726232e-08,7.127842849286026e-08,9.105846743295842e-08,-3.234169696497702e-07,1.8478616414796534e-09,1.7568977739301772e-07,-4.7711562700669674e-08,0.9999988675117493,-8.859522893089888e-08,-8.98093617252016e-08
-1.6390306001312638e-08,-3.438557882873283e-08,2.8097676363358914e-07,1.798564568389338e-07,-2.049653176072752e-07,1.4893188904352428e-07,1.6655405943311052e-07,3.4929005465755836e-08,2.749642291632881e-08,-2.805190320032125e-07,-1.8757049247142277e-07,-5.5293078560225695e-08,0.9999979138374329,1.0781580783714162e-07,9.145171731006485e-08,-4.7642789269275454e-08
5.04959674074712e-09,-4.897277960935753e-08,2.1710478392833465e-07,1.1769118657412037e-07,-9.733579275916782e-08,3.8688227732563973e-08,1.1189833060143428e-08,1.0562993146834287e-08,9.58946344553624e-09,1.8588515615647339e-07,3.3833347856671026e-07,2.8103266913603875e-07,-1.7197119461798138e-07,1.0847195852647928e-07,1.0,-1.1545032663207166e-07
-1.8928614053947967e-07,-5.556708515541686e-08,-5.3304560765354836e-08,9.980487547522898e-09,-9.560475966452486e-09,-5.7799287134230326e-08,7.359596310152483e-08,2.2316667980248894e-07,-1.0896425806095067e-07,1.0050926846361108e-07,-8.140319351923608e-08,-7.039111693529776e-08,8.922938832256477e-08,-1.4867589825939831e-08,4.5858456587666296e-08,1.000002145767212
6.115322292998826e-08,3.3646594488345727e-07,-2.725369974143632e-08,4.1896392133367044e-08,-1.3912634244661604e-07,-6.402574399544392e-07,-1.3180347480101773e-07,-5.463239816094756e-08,-1.3460864067837974e-07,1.2143111405293894e-07,-1.0713942799611686e-07,0.9999999403953552,1.0180943377235963e-07,-1.4481413757039263e-07,1.1057602478103945e-07,-2.1015590334627632e-07
1.848313146979308e-08,-1.7568916987897865e-08,2.114789197094069e-07,2.376658869707171e-08,0.9999992251396179,-1.9257626604485267e-07,-7.508644017661936e-08,1.9943283291468106e-07,4.3318127751490465e-08,-7.249997224789695e-08,3.1617317652887778e-09,8.565801579152321e-08,9.209983176106107e-08,8.846335930456917e-08,1.0486323276381881e-07,8.160402131807132e-08
-6.729108292802266e-08,1.466251973170074e-07,1.9533345607669617e-07,9.695147440424989e-08,-5.471740394114022e-08,1.4095770950461883e-07,7.378550037628884e-08,1.000002145767212,1.702634335742914e-07,1.4908307832683931e-07,-1.6463940255562193e-07,-2.656456956628972e-07,-4.660017793867155e-08,6.205444691431694e-08,-1.4120051616828277e-07,-1.0661891280960845e-07
