-2.357080641779419e-10,2.1044012044058036e-07,-1.563040257224202e-07,-3.363899025998762e-08,1.7974559796130052e-07,-8.279307905922906e-08,1.0000020265579224,-1.559116924454429e-07,-1.7730570789353806e-07,-1.054577083436925e-07,3.933553927026878e-08,-1.8385709665835748e-07
-5.735087782454684e-08,1.06466920613002e-07,6.751989189979213e-08,-8.03241633207108e-08,2.449268379223213e-07,5.232205424476888e-08,1.9196126288534288e-07,-5.81273553734718e-08,3.5222615935026624e-08,1.4441162932143925e-07,1.663451172362329e-07,0.9999982118606567
-6.321277368215306e-08,-3.5481039617479837e-07,2.3050964159665455e-07,4.505869810600416e-07,1.000002145767212,2.3853482389313285e-07,6.509274186328184e-08,7.341602525912094e-08,7.12638907884866e-08,-8.578201260434071e-08,-1.6336447572484758e-07,-8.213130087142417e-08
-1.4932192016203771e-07,-9.237306386467026e-08,4.430582123404747e-08,-6.806254049251947e-08,-5.608572806181655e-08,1.0000003576278687,-8.2384516986167e-09,2.98854629932066e-08,-3.896872158293263e-08,3.678389859373965e-08,3.660379022107918e-08,-4.832662625631201e-08
-4.844874368359342e-08,2.571333936884912e-07,-1.0535546124401662e-07,1.9950739726937172e-08,6.456875212279556e-08,-2.478254828019999e-07,2.0675894063515443e-07,8.822443930966983e-08,-7.478544716832403e-08,2.3908430080155085e-07,0.9999980926513672,8.694459552316403e-08
9.226027941622306e-08,-1.1203177052721003e-07,0.9999986886978149,2.3830025952520373e-07,-1.5942801212531776e-07,-1.0215876500296872e-07,7.563280490785473e-08,1.786919625601513e-07,1.101397586467101e-07,-6.648785699781001e-08,-9.858149496722035e-08,-1.384380965419041e-07
-7.828640491425176e-08,5.464200114602136e-08,2.279449802244926e-07,-1.27279207617903e-07,-1.2989811182251287e-07,-6.650002859487358e-08,1.07985741237826e-07,-3.73993458424593e-08,0.9999997615814209,1.1035846370077707e-07,-7.44362225191253e-08,9.007707291175393e-08
0.9999986886978149,1.2835420193368918e-07,1.3181153057928441e-08,-2.9304990789569274e-07,6.604484070749095e-08,-4.389798391457589e-07,1.6657972423672618e-07,5.711542527819802e-08,-8.215696567503983e-08,1.7494569704012974e-07,-9.48837453051965e-08,-1.3879341054234828e-07
2.1608377664961154e-07,-6.468126656500317e-08,1.0142512962829642e-07,1.0000015497207642,1.3429164447131825e-08,-3.021945005343696e-08,-1.139411196504625e-07,-1.1557090573433015e-07,7.225904141705541e-08,6.035476474153256e-08,-2.094105724381734e-07,-1.1031609403744369e-07
-1.5697327881980527e-08,-7.168937798951447e-08,-1.5799327002241625e-07,-1.8755747532850364e-07,1.1026320834162107e-07,1.7139990760028923e-08,4.7535031910683756e-08,-3.3624326079007005e-07,1.4081945209909463e-07,1.0000005960464478,-2.097781681698052e-08,-2.897284190339633e-08
2.300477852656968e-08,8.71530758672634e-08,8.815840857323565e-08,-6.979153255315396e-08,8.967351305955162e-08,-6.788724959960746e-08,-3.4957970740379096e-08,0.9999988675117493,-1.1815224354450038e-08,2.0141852630217727e-08,9.542809920048967e-08,-8.318866429046778e-11
-3.37073018386036e-08,0.9999976754188538,2.715780453854677e-07,-4.0662431644022945e-08,-1.8965154424677166e-07,1.5861976976339065e-07,2.978430870825832e-07,-3.8035446436879283e-07,-5.5578773583420116e-08,-3.483740584897532e-08,-1.294882281399623e-07,-4.801522734965147e-08
