1.680889738508995e-07,1.4543617510298645e-07,-4.208607506939188e-08,0.9999978542327881,-6.909201744065285e-08,-4.669927378131433e-08,8.668275341960907e-08,-8.436187926008643e-08,8.55454018733326e-08,1.8608004381803767e-07
1.5697357014232693e-07,-7.517587619076949e-08,-1.2553749684229842e-07,-1.8551277491951623e-07,1.4707095097321599e-08,-2.1227870661277848e-07,1.0000005960464478,6.54173106795497e-08,1.2028522178297862e-07,-2.586994867215253e-07
-4.0670041556722936e-08,-1.2340225730156362e-08,-2.3620472688890004e-08,1.016747006588048e-07,-7.450346828363763e-08,8.049602229220909e-08,5.6370240031355934e-08,-8.91153248971932e-08,1.0000025033950806,-1.83468614523008e-07
6.785333539482963e-08,1.0544913919829924e-07,-1.4098222322900256e-07,1.5060302871461317e-07,0.9999985098838806,-9.208258688886417e-08,6.06705725658685e-08,-2.018325062635995e-07,-1.1302509506094793e-07,9.126907229983772e-08
0.999997615814209,-6.620134485046947e-08,1.4657157976216695e-07,1.0179554088551868e-08,6.262812490831493e-08,1.4253873814595863e-07,1.6564641214245057e-07,1.6012664616482652e-07,1.3129398013234095e-08,3.310817930923804e-08
-2.1282525608512515e-07,-4.540618192550028e-08,1.874200137308435e-07,7.609598640101467e-08,7.976949945032175e-08,-1.0781160852957328e-07,8.481540447746738e-08,8.03990403142052e-08,5.211714793063038e-08,0.9999988079071045
-7.326574547050768e-08,-1.090369181611095e-07,0.9999982118606567,-4.6093308725403404e-08,-2.3210491306713266e-08,1.9688148711338727e-07,6.826647336310998e-08,1.0640289360708266e-07,-1.0939237427010085e-07,-9.518051768964142e-08
3.2864875265659066e-07,-1.8813418023455597e-07,-2.9786619393235014e-08,2.7489795684232377e-07,8.771895210202274e-08,-5.009754389107002e-08,-1.449650852691775e-07,0.9999979734420776,-5.251053636357028e-08,-2.2803806132287718e-07
7.297982307363782e-08,4.856488544646709e-07,1.513317329226993e-07,1.2425023498963128e-07,1.4677819137887127e-07,1.0000017881393433,6.048592382512652e-08,-1.3605249371551054e-08,-1.2467366161672544e-07,1.558383075916936e-07
-8.657275429868605e-08,1.000002145767212,6.747099234871712e-08,3.831340933402316e-08,-1.494329815443507e-08,-9.683957813422239e-08,-6.456343015770472e-08,-7.378935862334401e-08,4.2484768414396967e-07,5.167494165903008e-08
