4.982181778245831e-08,7.164647541912927e-08,2.5296122885265504e-07,1.000002145767212,1.2600939669482614e-07,-5.514438683462686e-08,-1.2812964200747956e-07,1.508767581981374e-07
-1.0704390263072128e-08,6.048558276461335e-08,5.547507342384961e-08,-1.4019707350598765e-07,-1.6252094781066262e-07,-1.4665175740447012e-07,0.9999980926513672,-8.158450270911999e-08
4.085399751829755e-08,-5.912084688475261e-08,1.0000009536743164,-9.241688303518458e-08,7.485979836019396e-08,1.4084974964134744e-07,-4.088529692580778e-08,7.186571338024805e-08
9.09035051677165e-08,6.727790236027431e-08,1.4981031881688978e-07,1.0364296798570649e-07,6.154238718636407e-08,3.334846354619003e-08,-1.0979158915347398e-08,1.0000004768371582
1.0000028610229492,-8.030979614659373e-08,-1.558890687647363e-07,6.053904400005194e-08,7.508721466820134e-08,6.150865772269754e-08,7.014736524979526e-08,-5.8493871080145254e-08
-1.290525233343942e-07,0.9999986886978149,8.884160251909634e-08,-7.416425518158576e-08,9.414326029855147e-08,-5.8767067656617655e-08,-5.190513618913428e-08,-2.1620466839067376e-07
-8.836813947254996e-08,-3.174703877562024e-08,1.5914973516828468e-07,6.41988009419947e-08,6.610912350879516e-08,0.9999984502792358,1.3559488820646948e-07,2.9534534817798885e-09
1.0910701320199223e-07,8.755358749112929e-08,-1.1015126233360206e-07,1.862754430703717e-07,1.0000001192092896,-3.367176404367456e-08,1.6280009162983333e-07,-1.639647422280177e-07
