-0.466911643743515,-0.5711457133293152,-0.033828333020210266,-0.2660523056983948,-0.11930035799741745,-0.4108937382698059,-0.08504889160394669,-0.34019026160240173,0.2528545558452606,-0.11787521839141846
0.03974025696516037,0.40945756435394287,-0.37270426750183105,-0.6364542841911316,-0.08107049018144608,-0.04290701076388359,-0.15146635472774506,-0.13778258860111237,0.15004926919937134,0.46252378821372986
0.04665612056851387,0.10201296210289001,-0.7732976078987122,0.3772823214530945,0.19095641374588013,-0.2384571135044098,0.046038586646318436,0.060310784727334976,0.29323461651802063,-0.24902218580245972
-0.5455977916717529,0.2656159996986389,0.06235659122467041,0.11847571283578873,-0.007562778424471617,-0.29437288641929626,-0.47387003898620605,0.5060119032859802,-0.20742371678352356,0.059224411845207214
-0.5335808992385864,0.4320416748523712,0.07777252048254013,-0.1300661414861679,0.2843809127807617,0.3524666130542755,0.2267032116651535,-0.2772912383079529,0.08487733453512192,-0.40629005432128906
0.16490857303142548,0.2422720491886139,-0.06106892228126526,0.05447568744421005,-0.6462655067443848,-0.012473988346755505,-0.3517257273197174,-0.32959306240081787,-0.20275679230690002,-0.4649147689342499
-0.2282141000032425,-0.3115890920162201,-0.3159485459327698,0.22987453639507294,0.019377129152417183,0.6370222568511963,-0.3982701897621155,-0.18981479108333588,-0.14086289703845978,0.2783925235271454
0.278464674949646,-0.1980258822441101,0.0021261186338961124,-0.434958279132843,0.33503758907318115,0.19735795259475708,-0.45247048139572144,0.31434381008148193,0.14061585068702698,-0.4685450494289398
-0.18871481716632843,-0.11459290981292725,-0.1434277892112732,-0.1381513476371765,-0.5717536807060242,0.33450961112976074,0.3293992877006531,0.5267982482910156,0.2823497951030731,-0.08400179445743561
-0.05850614234805107,-0.17432734370231628,-0.3576160669326782,-0.29455339908599854,0.06792885810136795,-0.06911559402942657,0.31015241146087646,0.08785881102085114,-0.7854220867156982,-0.14609895646572113
