1.94708391632048e-07,4.346378545960761e-08,5.466944230647641e-08,9.624523045204114e-08,2.8264748763717762e-08,3.560786865364207e-08,-7.497697396274816e-08,1.0087834567684695e-07,1.9786807570199016e-07,9.537926359826088e-08,1.8839834581285686e-07,1.0
-1.3192483550028555e-08,0.9999994039535522,-1.4386951363576372e-07,-1.0854575549501533e-07,-8.396793305109895e-08,-7.936307611089433e-08,8.868216383461913e-08,2.4805669340821623e-07,9.147618662552759e-09,6.070153801829292e-08,-3.8837413285364164e-08,-3.0881142265570816e-07
1.0000007152557373,7.240970489874599e-08,-6.680528485958348e-08,-1.1919872200394366e-08,1.3700480394618353e-07,3.433123785256953e-09,-7.2495214276102615e-09,4.315165469392923e-08,6.249398154523078e-08,-3.1774212061463913e-07,3.3066436344597605e-07,-1.6639133093576675e-07
5.285595605641902e-08,-6.938832086689217e-08,1.5665033004097495e-07,3.51844775536847e-08,-1.0915513826148526e-07,0.9999976754188538,-1.0203332578839763e-07,1.4883438836932328e-07,1.7068634861061582e-07,5.868030683586767e-08,1.933161968281638e-07,-7.572328541982642e-08
1.4707453033224738e-07,-1.2925308112698985e-07,0.9999979734420776,2.1041880415850756e-07,-1.0014714035833094e-07,-9.32643899886898e-08,3.646076107699514e-09,-5.306754857770102e-08,6.928679141537941e-08,-1.6530128732483718e-07,-4.4885911876235696e-08,5.965479488168057e-08
1.576221109189646e-07,2.734247459557082e-07,1.2631436163701437e-07,-2.4587779989815317e-07,1.0000019073486328,-5.761664922943055e-08,-8.317164912341468e-08,-2.1121209670127428e-08,1.564708043133578e-07,-3.984917729127346e-09,3.211027177485448e-08,6.221718962251543e-08
-1.2192506915198464e-07,7.914846555934218e-09,1.5985257562078914e-07,3.044958063469494e-08,3.836735373852207e-08,-6.743766078898261e-08,-8.345328694758791e-08,1.4072032428202874e-08,-1.0354194301953612e-07,1.0000020265579224,1.2622790279692708e-07,-1.7491207415787358e-07
-1.5751545845432702e-07,-8.63572058307227e-09,2.2660080389869108e-07,5.178005579864475e-08,-5.727716256842541e-08,2.1696391172554286e-07,-1.0410806794425298e-07,8.537276841025232e-08,1.0000020265579224,2.1099712199657006e-08,-1.9967524167441297e-07,-2.6433485800225753e-07
3.072903780321212e-07,-3.5597192749037276e-08,5.206419473324786e-08,0.9999982118606567,1.2925124970308843e-08,-1.790689623248909e-07,-3.063536624381413e-08,1.1506106289971285e-07,-1.6045730077962617e-08,4.0171301840530305e-09,-7.723339479071001e-08,-7.064206641871351e-08
1.6626822230136895e-07,6.39211634734238e-08,-5.5161518019986033e-08,-1.4875418230531068e-07,-6.767470495105954e-08,-3.956007788019633e-08,-3.125911405277293e-07,-4.7541666958750284e-07,3.13618180314279e-08,5.709637918016597e-08,0.9999975562095642,8.050484723298723e-08
-1.3208013172061328e-07,8.291377895375263e-08,-2.637272871197638e-07,5.650993983863373e-08,-8.399074147291685e-08,-1.3409612620307598e-07,1.0000009536743164,3.1871206829237053e-07,-6.543439212691737e-08,-1.3970273471386463e-07,2.9715536697949574e-08,-6.774195071557187e-08
2.0429480329653416e-08,-9.473192008613296e-09,-2.8292648224237382e-08,-9.602629802429874e-08,8.668748563422923e-08,2.214602723427106e-08,-1.0240036374398187e-07,0.9999975562095642,-4.5393893088885306e-08,-1.0065673450299073e-07,-8.02529385168782e-08,1.1000329180888002e-07
