4.531453967615562e-08,-2.487566348463588e-07,3.1120748644752894e-08,-1.3555650468788372e-07,-9.849024706909404e-08,-8.821157848615258e-08,0.9999977946281433,-3.0345816526278213e-07
1.1296488366951962e-07,-2.1721071163938177e-07,-8.138677998204003e-08,1.1636890917543496e-07,8.664860473572844e-08,1.6869260832663713e-07,-6.675259811572687e-08,1.0000016689300537
1.1028607360685783e-07,2.1211990386404977e-08,-4.7857273699492e-08,0.999998152256012,-4.2908342834380164e-07,-8.982083699038412e-08,8.665458750556354e-08,4.563882782804285e-08
0.9999998211860657,-7.348737796064597e-08,2.5376026613344038e-08,-6.420919618221888e-08,-5.9505421035055406e-08,4.78598707331912e-08,2.7865542762128825e-08,1.975117527308612e-07
-6.717378653320338e-08,6.758782689075815e-08,4.579502999035867e-08,9.217228758018337e-09,-1.7560162746121932e-07,0.999997615814209,-1.513882921244658e-07,9.674800338643763e-08
9.497949093884017e-08,2.8310175537171745e-08,0.9999992251396179,-8.708955334668644e-08,-3.470062210908509e-07,-9.706736392445237e-08,-7.240047494860846e-08,-1.9289564079372212e-07
7.273646218663998e-08,-1.2049136133285288e-09,-8.885078983666972e-08,-9.730074879144013e-08,0.9999998211860657,-9.209824902711716e-09,3.949604376884963e-08,-7.481929742425564e-08
-6.753769099532292e-08,1.0000009536743164,6.006146691106551e-08,2.6618801030053874e-07,6.609806746382674e-08,2.1697883312299382e-07,-6.460325607804407e-08,1.8600908902044466e-07
