0.3309783935546875,0.3259752690792084,0.2813957929611206,-0.3601517677307129,-0.6575416922569275,0.1512739211320877,0.14789989590644836,-0.3133394718170166
-0.29095083475112915,-0.3183092772960663,-0.48303237557411194,-0.05707172304391861,-0.04546715319156647,0.25418704748153687,0.2612277567386627,-0.6652302145957947
-0.6756633520126343,-0.012702172622084618,0.06949978321790695,0.18198338150978088,-0.5627899765968323,-7.006312807789072e-05,-0.4204629063606262,0.10884317755699158
0.23499415814876556,0.23435372114181519,-0.20199282467365265,0.5453078746795654,-0.1335495412349701,-0.6151285767555237,-0.10182590782642365,-0.3809293806552887
0.22159744799137115,0.2668643593788147,-0.7396119832992554,0.07108888030052185,-0.25251033902168274,0.282527357339859,-0.006674112286418676,0.4289192855358124
-0.41555655002593994,0.8113270401954651,-0.02972313016653061,-0.1258106827735901,0.34897980093955994,0.051161207258701324,0.07859906554222107,-0.14752613008022308
-0.16719290614128113,-0.0885768011212349,-0.2657873332500458,-0.6237308382987976,-0.10284554958343506,-0.6681114435195923,0.13877783715724945,0.16824881732463837
-0.21049632132053375,0.004509370308369398,0.15269427001476288,0.35585373640060425,-0.18675728142261505,-0.07288067042827606,0.8350117206573486,0.2613186836242676
