1.0000017881393433,1.0664905403245939e-08,-3.3318187320219295e-08,6.642950012292204e-08,6.765738902458907e-08,9.945435408553749e-08,3.7745113701248556e-08,-5.339493469591616e-08,8.841591636610246e-08,5.8679393788452217e-08
-2.5942892989405664e-07,0.9999983310699463,4.7599925778740726e-08,-3.743296161928811e-08,-1.5318873636260832e-07,2.7270198188489303e-07,8.589116617940817e-08,1.3200450155181898e-07,-3.94928143521156e-08,-1.3601534476492816e-07
2.2165700386267417e-07,-2.6081738724315073e-07,1.0272953154810693e-08,1.0000017881393433,1.5599923131048854e-07,-7.675247104543814e-08,-2.0517821042176365e-07,-6.605529279113398e-08,-7.477720487258921e-08,-6.993277423816835e-08
-7.733224549610895e-08,3.48576207898077e-08,1.0093511804143418e-07,-2.3602507326359046e-07,-2.1093555346851645e-07,5.6308628870738175e-08,0.9999977946281433,7.952009895006995e-08,-5.215354903498337e-08,-7.998644946383138e-08
-5.95079860943315e-08,1.392576365333298e-07,1.000000238418579,5.469770414379127e-08,-9.451905924606763e-08,-6.413664976889777e-08,-1.6022359261569363e-07,-8.457621825108674e-10,1.2807921834223635e-08,-1.0212393419806176e-07
3.696330850289087e-07,1.1412470257710083e-07,1.4332800901684095e-07,-1.1505116503940371e-07,-6.988160805576626e-08,4.757207250349893e-08,4.5573560925049605e-08,0.9999992251396179,4.432241240692747e-08,1.2580142083606916e-07
-7.303204085928883e-08,1.1586635650928656e-08,4.596408587076439e-08,-7.551071234956908e-08,4.8682061049021286e-08,6.475408298456387e-08,-3.090504776537273e-07,1.0120355398157699e-07,6.447177725021902e-08,1.0000019073486328
-4.138294684707944e-08,-1.6052833728963378e-08,5.207890652059177e-08,8.335431544992389e-08,8.075391377815322e-08,1.000001072883606,-2.04216483723485e-08,1.40003152182544e-07,-1.8429399517572165e-07,1.4397321024262055e-07
9.745878060130053e-08,-1.9013894814179366e-07,1.3255993280836265e-07,-1.6999078411572555e-07,-4.174804857370873e-08,8.824513741956252e-08,-1.7902489446441905e-07,1.7928665840827307e-07,1.0000009536743164,-7.78783117993953e-08
2.7276341185711317e-08,-2.7692141202351195e-07,-1.584946618393701e-09,5.301298955373568e-08,1.0000016689300537,-1.7279603525821585e-08,3.274937654396126e-08,-4.058472669044022e-08,-2.762434370140454e-08,3.268143302648241e-07
