0.06933741271495819,0.052117180079221725,0.5743984580039978,-0.2844043970108032,0.5627961158752441,-0.06453937292098999,0.094294972717762,0.278823584318161,-0.24809178709983826,-0.258745938539505,-0.19728748500347137,-0.08182325959205627
-0.12654168903827667,0.2664104998111725,-0.15955448150634766,-0.6364994049072266,0.20982438325881958,-0.04150109365582466,-0.2582155764102936,-0.07122944295406342,0.2108169049024582,0.5484660267829895,-0.13425709307193756,0.04051966220140457
0.043739769607782364,0.11809592694044113,0.41743436455726624,0.11275739222764969,-0.227375790476799,-0.11115273833274841,0.3837135136127472,-0.18571069836616516,0.5634118914604187,0.10394684225320816,-0.4668097496032715,0.07241205871105194
-0.13734985888004303,-0.28076329827308655,0.19313879311084747,0.32071369886398315,0.4312588572502136,0.10686543583869934,0.11877348273992538,-0.3473120331764221,0.033200155943632126,0.4640595316886902,0.2496570348739624,-0.38888075947761536
0.19349437952041626,-0.11367756873369217,0.17004695534706116,0.3008202314376831,-0.17837966978549957,0.19285614788532257,-0.29286354780197144,0.3679863214492798,-0.3283723294734955,0.5119641423225403,-0.39712533354759216,0.11130783706903458
-0.43434450030326843,-0.06085408478975296,0.552899956703186,-0.1990426778793335,-0.47111427783966064,0.0400792695581913,-0.37825068831443787,-0.13071231544017792,-0.07349615544080734,-0.05853863060474396,0.22912319004535675,-0.13147296011447906
-0.3161017596721649,-0.15570591390132904,-0.15685510635375977,0.24252843856811523,0.28335312008857727,0.07846418768167496,-0.5319648385047913,-0.14115916192531586,0.24572862684726715,-0.3400673270225525,-0.4744498133659363,-0.04385926201939583
-0.17162969708442688,0.6386842727661133,0.1311870515346527,0.32577985525131226,0.1741684228181839,0.4036160111427307,-0.0737360417842865,0.22462812066078186,0.21384581923484802,0.0001681491849012673,0.30407997965812683,0.22792956233024597
-0.05123674124479294,0.13878664374351501,0.10734526813030243,0.28135448694229126,0.13192550837993622,-0.7860066890716553,-0.20447994768619537,-0.12422814220190048,-0.12109298259019852,0.10746174305677414,0.13638894259929657,0.38750383257865906
-0.5511391162872314,-0.2637465298175812,-0.04640783369541168,-0.08098413795232773,0.07405713200569153,0.20457252860069275,0.3678842782974243,-0.07457910478115082,-0.23293444514274597,0.06335943937301636,-0.10607121884822845,0.6001761555671692
0.19525016844272614,0.41731026768684387,0.017243582755327225,0.015511075966060162,-0.02779456600546837,0.20483063161373138,-0.014464864507317543,-0.6826306581497192,-0.47345101833343506,-0.07640855014324188,-0.21952377259731293,0.009281869046390057
0.5083590149879456,-0.34896039962768555,0.2065207064151764,-0.131866455078125,0.1161787286400795,0.24670012295246124,-0.26165440678596497,-0.22849367558956146,0.2510966658592224,-0.059158872812986374,0.23873519897460938,0.4911055266857147
