0.28634122014045715,-0.18268880248069763,-0.33608362078666687,0.5318069458007812,-0.23328617215156555,0.21806080639362335,-0.36349424719810486,0.19056573510169983,0.12193099409341812,0.05682224780321121,0.3871791958808899,0.22459597885608673
-0.06363797187805176,-0.4483403265476227,-0.20933881402015686,-0.16747574508190155,0.45007961988449097,0.4666822850704193,0.31755685806274414,-0.289572536945343,0.03662209212779999,0.18863515555858612,0.2843053936958313,0.01606767624616623
0.1371573805809021,0.11068342626094818,0.18120208382606506,0.2897121012210846,0.23262092471122742,-0.25897446274757385,0.5425624847412109,0.20087970793247223,0.28520089387893677,0.17463187873363495,-0.0179742481559515,0.5330160856246948
0.19129496812820435,-0.5014709830284119,0.14769324660301208,-0.25104019045829773,-0.1181575208902359,-0.052806753665208817,-0.20260114967823029,-0.14517754316329956,0.556688666343689,-0.2958531081676483,-0.3225792944431305,0.21618619561195374
-0.3081139326095581,-0.4497774541378021,-0.2928418517112732,0.29392287135124207,0.052205730229616165,-0.3991630971431732,0.13133130967617035,-0.03795179724693298,-0.40642237663269043,-0.3931373059749603,-0.126996710896492,0.11836256831884384
0.4390046298503876,0.014535260386765003,0.18786975741386414,-0.21194007992744446,0.43236684799194336,-0.15703393518924713,-0.39315444231033325,-0.09224403649568558,-0.46131569147109985,-0.011899372562766075,0.10015634447336197,0.3594229221343994
0.002678436227142811,0.256151407957077,-0.5339292287826538,-0.3824273347854614,-0.20814569294452667,-0.4060373604297638,0.052190057933330536,-0.3401238024234772,0.16896267235279083,0.03779331222176552,0.3185933530330658,0.21206700801849365
0.34386229515075684,-0.1342761218547821,0.15289078652858734,-0.23195382952690125,-0.5750595927238464,0.21728311479091644,0.44969820976257324,0.07160110771656036,-0.3787432312965393,-0.15795856714248657,0.11097470670938492,0.1434495598077774
0.38498491048812866,0.0480993278324604,-0.29088035225868225,0.24147550761699677,-0.07377616316080093,0.051558710634708405,0.07910460233688354,-0.4196942448616028,-0.12983807921409607,0.3535614609718323,-0.6072900891304016,-0.07336209714412689
0.4697156548500061,-0.25664281845092773,0.005330250598490238,0.008173517882823944,0.11506594717502594,-0.4450395405292511,0.15184736251831055,0.15985643863677979,0.09856415539979935,0.0669863224029541,0.22875723242759705,-0.6220612525939941
0.27220019698143005,0.38307276368141174,-0.126700758934021,0.17401131987571716,0.24950481951236725,0.22659969329833984,0.15845313668251038,-0.17509634792804718,0.1254500299692154,-0.729397714138031,0.026672109961509705,-0.12244551628828049
-0.09850714355707169,-0.028524011373519897,0.5083105564117432,0.34951579570770264,-0.1741064041852951,-0.12908977270126343,-0.02039763145148754,-0.6747509241104126,0.01597226969897747,0.023897511884570122,0.32103267312049866,-0.04873216152191162
