-0.151535764336586,-0.27637407183647156,0.2717559039592743,0.0002906348672695458,0.6661328077316284,-0.15163280069828033,0.591029167175293,0.10374454408884048
-0.5919359922409058,-0.006467435974627733,0.21208065748214722,-0.19779427349567413,0.0091007761657238,0.6623808145523071,-0.030291102826595306,-0.3545679748058319
0.3309917151927948,-0.7085366249084473,0.08981885761022568,-0.5214729905128479,-0.08018440008163452,-0.04716242477297783,-0.16159012913703918,-0.2713894844055176
-0.3530111312866211,-0.3919696807861328,0.2647746205329895,0.45571160316467285,0.10883813351392746,-0.20779722929000854,-0.6009886264801025,0.1665862500667572
-0.48435577750205994,-0.257293164730072,-0.7535410523414612,-0.2211591601371765,-0.02909838780760765,-0.12258806079626083,0.05935421586036682,0.2511257231235504
0.25664088129997253,0.07561390101909637,-0.029068153351545334,-0.26246291399002075,0.4067009687423706,0.4648793041706085,-0.3308943808078766,0.6063613891601562
-0.28116631507873535,0.40511786937713623,0.2972603738307953,-0.5982905626296997,0.05781514197587967,-0.5050025582313538,-0.22265170514583588,0.05065443739295006
-0.11382070183753967,-0.17852820456027985,0.38204890489578247,-0.07430151104927063,-0.606889009475708,0.08176722377538681,0.31603676080703735,0.5734203457832336
