1.1640090491482624e-07,-2.2342680949805072e-07,1.0000020265579224,5.316143969480436e-08,2.451655234381178e-07,-9.606216622159991e-08,3.0797611572097594e-08,-1.149197643712796e-07,1.5656405594199896e-07,1.3356419970023126e-07
5.7748707149585243e-08,4.760737581932517e-08,3.566602302385036e-08,-6.209559444414481e-08,-8.822286190479645e-08,-2.964131908811396e-07,-1.3376013896504446e-07,2.6518240048289954e-08,-1.469030053158349e-07,0.9999980330467224
-9.65230597671507e-08,8.334050249914071e-08,-7.27881754869486e-08,5.037227523985166e-08,-1.3936114839907532e-07,-7.145057878688021e-08,-1.7290953735482617e-07,4.0800337330892944e-08,0.9999975562095642,-1.031488920943957e-07
1.0262738214805722e-07,1.0436646213918266e-08,-5.354360155251925e-08,-2.0120296539971605e-07,-2.9626235686919244e-08,1.0000015497207642,2.8186537548435808e-08,6.770653016019423e-08,6.852938838619593e-08,-1.1131486843396488e-07
0.9999993443489075,2.9941251256104806e-08,-1.0405801020851868e-07,7.562914738912241e-09,-3.439062012944305e-08,-3.685915928031136e-08,3.007273718935721e-08,6.485475978479371e-08,-9.841792092402102e-08,-5.384763568372364e-08
-7.769057219775277e-08,0.9999984502792358,7.178663707918531e-08,1.508082334567007e-07,-2.154686313815546e-07,-2.3694791195794096e-07,6.35171844010074e-08,-1.805058147397176e-08,4.435291600657365e-08,2.5250161073131494e-08
-2.4060677006332298e-08,4.8446327838291836e-08,1.2738293264646927e-07,-1.666982853976151e-07,0.9999999403953552,1.3149025335223996e-07,5.649083423264756e-09,-2.6066157943205326e-07,1.2717484310087457e-07,-3.79866129662787e-08
8.860763500706526e-08,4.624937233188575e-08,-9.499288466940925e-09,-6.507220717821838e-08,6.968927834805072e-08,-2.6692819687923475e-07,0.9999992251396179,1.0219988411108716e-07,6.580662414990002e-08,1.0549683793215081e-07
-8.362554382301823e-08,-4.1439317755020966e-08,5.503165922959852e-08,1.0000008344650269,1.4309703999515477e-07,9.739552808696317e-08,7.338622598496158e-09,1.107163853930615e-07,-8.663014483545339e-08,-1.1666696764223161e-07
-6.74458249250165e-08,6.413931430415687e-08,-2.267307479542069e-07,1.28218388795176e-07,4.7400035896316695e-08,3.751519983552498e-08,-4.7988901741291556e-08,0.9999994039535522,-1.1688957357591789e-07,8.441492127531092e-08
