-1.581382065296566e-07,-4.5041023355452126e-08,-2.923285080669302e-07,1.1808698019422081e-07,8.539147167141437e-09,0.9999977350234985,-1.763110013541791e-08,-4.005968889941869e-08
1.0000003576278687,1.7345429625947872e-07,1.4700684225488203e-08,-3.8323296536191265e-08,-4.8363104632187515e-09,6.766280336023556e-08,-2.4688708322173625e-07,-5.855789098063724e-08
-1.9634585157746187e-07,3.032662334589986e-07,2.3401807425216248e-07,3.049786556630352e-08,1.0000015497207642,-3.285128968855133e-08,-1.5435345801506628e-07,7.791692979708387e-08
4.360580163620398e-08,2.1982840792134084e-07,9.797741284955919e-09,2.6429989929965814e-07,-6.653700523884254e-08,-6.79115430557431e-08,-1.4316429997052182e-07,1.0
1.697066664974045e-07,0.9999985694885254,9.710150550290564e-08,7.452029393562043e-08,1.981286317231934e-07,7.612334229634143e-08,-1.3342321381060174e-07,-5.5630337669754226e-08
9.186890537193904e-08,3.7491286519752975e-08,0.9999995231628418,-3.194981843535061e-07,-1.5559484722871275e-07,-3.116746327691544e-08,8.71039063099488e-08,5.378099743325038e-08
6.613571201796731e-08,7.047275119020924e-08,-6.361705384705374e-09,1.0000020265579224,-5.459593666046203e-09,-5.093090749141993e-08,2.1265289973371182e-08,-3.339717125072639e-08
2.5836305539428395e-08,-1.495694448294671e-07,1.2381786973492126e-07,-4.714677359629604e-08,9.472360318341089e-08,-8.512574112273796e-08,1.0000020265579224,1.4385292956831108e-07
