0.4898683428764343,0.7825270891189575,-0.011808774434030056,-0.04013415053486824,-0.11908391863107681,-0.06218286603689194,0.264690101146698,0.24045850336551666
0.18253079056739807,-0.2130989134311676,-0.254748672246933,0.6497149467468262,-0.4477216303348541,-0.47103917598724365,0.10215887427330017,-0.03842780739068985
0.2800111770629883,-0.2898511588573456,0.17584487795829773,0.3967963755130768,0.35481804609298706,0.45924076437950134,0.5386525988578796,0.14922460913658142
-0.4156099259853363,0.2860919237136841,0.7239463329315186,0.4307518005371094,-0.02476927638053894,-0.0982302576303482,-0.11445186287164688,0.1114189550280571
0.08861302584409714,0.2756749391555786,-0.21117748320102692,0.3262740969657898,0.6622692942619324,-0.16431795060634613,-0.2273787409067154,-0.49779245257377625
-0.4323834478855133,0.08880994468927383,-0.46779051423072815,0.1344500333070755,0.3017588257789612,-0.10557114332914352,0.028504133224487305,0.6820823550224304
0.5286697149276733,-0.23350635170936584,0.20949028432369232,0.01883539929986,0.1720074862241745,-0.11111235618591309,-0.6227096915245056,0.43822532892227173
0.0356963649392128,-0.19485367834568024,0.2695060968399048,-0.32920941710472107,0.31561052799224854,-0.7093753218650818,0.41949358582496643,0.030773181468248367
