0.004521558061242104,0.18312951922416687,-0.2129618525505066,0.20594282448291779,-0.5794327259063721,0.011328303255140781,-0.45020484924316406,0.16022989153862,-0.033915236592292786,0.4289334714412689,0.18908780813217163,0.20078158378601074,-0.08123082667589188,-0.1374979168176651,0.15328733623027802,0.06516201049089432
0.0641004741191864,-0.14295338094234467,-0.14001525938510895,0.33565908670425415,0.016378510743379593,-0.03577640280127525,0.17204633355140686,0.28275564312934875,0.5223052501678467,0.15320764482021332,-0.449530690908432,0.25591230392456055,0.06312134861946106,-0.14447811245918274,-0.2875416576862335,-0.24637874960899353
-0.3218773603439331,-0.44225361943244934,0.13839249312877655,0.4367115795612335,-0.32729458808898926,-0.06589217483997345,0.01609361544251442,0.05878904461860657,0.01511509157717228,-0.23382408916950226,-0.05351213365793228,-0.2015836238861084,-0.2563815116882324,0.4397231340408325,0.1094173938035965,0.07934892177581787
0.30622705817222595,-0.3007543087005615,-0.3599409759044647,0.2099851816892624,0.08364740014076233,-0.35565096139907837,0.2806724011898041,-0.11924576014280319,-0.09916027635335922,-0.005530655384063721,0.2821846604347229,-0.10178153216838837,-0.3526667654514313,-0.4089888036251068,0.019004978239536285,0.15421894192695618
-0.2242455631494522,0.06002124026417732,0.13598108291625977,-0.03644790127873421,0.343944251537323,-0.16803140938282013,0.13443928956985474,0.026372715830802917,0.04181664437055588,0.6512907147407532,0.013359921984374523,0.07480312138795853,-0.266442209482193,0.29570916295051575,-0.1192367747426033,0.3957688808441162
0.6143218278884888,0.019317587837576866,0.11071669310331345,-0.019098704680800438,0.10076501965522766,-0.344175785779953,-0.25876444578170776,0.28429344296455383,-0.1916641891002655,0.093596450984478,-0.21623854339122772,-0.21262748539447784,-0.09919421374797821,0.3447470963001251,0.08851618319749832,-0.2433778941631317
0.32368266582489014,-0.14211401343345642,0.08439404517412186,0.0030330740846693516,-0.033314138650894165,-0.04972447082400322,-0.12305403500795364,-0.37210845947265625,0.5896705389022827,0.037619128823280334,0.46034374833106995,0.045504841953516006,0.2315627932548523,0.3036448061466217,-0.03705224022269249,0.020175592973828316
0.19721393287181854,-0.24415703117847443,-0.2698793411254883,-0.01394712645560503,0.020883740857243538,0.30570995807647705,-0.22487148642539978,-0.4146710932254791,-0.021806184202432632,0.12895657122135162,-0.5453708171844482,-0.14393121004104614,0.08524646610021591,0.004707274492830038,0.1393156498670578,0.38742795586586
-0.06714899837970734,-0.36961475014686584,-0.1550356149673462,0.07812769711017609,0.21921095252037048,0.034674253314733505,0.12474451959133148,0.34777918457984924,-0.15889732539653778,0.18556468188762665,0.177449569106102,0.07054030895233154,0.5897848010063171,0.05639063939452171,0.442147433757782,0.017365282401442528
0.08806462585926056,-0.08924500644207001,-0.3071119785308838,0.15168926119804382,0.36366987228393555,0.4613499939441681,-0.24019882082939148,0.10413732379674911,-0.16730253398418427,-0.17219345271587372,0.21551275253295898,0.3796396255493164,-0.29533693194389343,0.264077752828598,-0.19721652567386627,-0.09614282846450806
-0.19721698760986328,-0.03970318287611008,0.1632716953754425,0.44201385974884033,0.2186758667230606,-0.2482316493988037,-0.28233230113983154,-0.45987603068351746,-0.3162236213684082,0.14813347160816193,-0.018710212782025337,0.054648883640766144,0.23677638173103333,-0.12014921754598618,-0.1965317726135254,-0.3200896978378296
-0.29127267003059387,-0.041484955698251724,-0.605596661567688,-0.27380236983299255,-0.042448338121175766,-0.21978525817394257,-0.15485110878944397,0.06643393635749817,0.02934584580361843,0.0252777598798275,0.056375037878751755,-0.389691561460495,0.1561136543750763,0.19262966513633728,-0.401896595954895,-0.1169942319393158
-0.028469443321228027,-0.28295308351516724,0.0898299515247345,-0.20084944367408752,-0.06788986176252365,0.39232268929481506,0.14254049956798553,-0.12589296698570251,0.013229855336248875,0.4245929419994354,0.08559127897024155,-0.2796860635280609,-0.2602662444114685,-0.08179283887147903,0.10463680326938629,-0.5697739720344543
0.05724770948290825,-0.45796439051628113,0.10362766683101654,-0.4400624632835388,-0.31505388021469116,-0.1985825002193451,0.06333597004413605,-0.08487343043088913,-0.26774123311042786,0.020149648189544678,-0.08664621412754059,0.5344424247741699,0.034059081226587296,0.06763549894094467,-0.2483748197555542,-0.006007534451782703
0.010068705305457115,-0.3483901619911194,0.3757341802120209,-0.06170731782913208,0.11857222765684128,0.12530159950256348,-0.42347824573516846,0.33566877245903015,0.0730847641825676,-0.015958692878484726,0.12810692191123962,-0.2527848482131958,0.027837878093123436,-0.3801787793636322,-0.33714577555656433,0.2586192786693573
0.29489755630493164,0.13096880912780762,0.06230951473116875,0.26636579632759094,-0.2683559060096741,0.3035075068473816,0.39664414525032043,0.036665912717580795,-0.3130767047405243,0.13872554898262024,0.10337094962596893,-0.19469502568244934,0.2691025137901306,0.14427757263183594,-0.4667060673236847,0.14610156416893005
