6.760788551218866e-08,-9.825480873359993e-08,1.471962107757463e-08,-2.505197471691645e-07,-1.365976771694477e-07,-9.243418475080034e-08,-2.616955185885672e-08,-1.171002779187802e-07,-1.5402552833165828e-07,1.3076503080355906e-07,0.9999988675117493,9.831870073639948e-08,-1.1017983325700698e-07,3.3775717156458995e-07,-7.232265630818802e-08,-7.332518947578137e-08
1.277162056112502e-07,-1.0192790966812026e-07,4.193221059267671e-08,7.186953610016644e-08,2.2640868735379627e-08,1.0000027418136597,-4.874996051285052e-08,-1.6230666588512577e-08,-4.1168073394715066e-09,-4.748771686990949e-08,-1.1841873970297456e-07,-7.135809454439368e-08,5.1588624927489946e-08,6.600215840535384e-08,7.718780636878364e-08,-1.9715405130682484e-07
-1.2729723053439557e-08,1.1649947140313088e-07,0.9999977946281433,-6.753717229912581e-08,-8.247072003086942e-08,-1.3902165640899966e-08,1.687956796558865e-08,-7.479196284521095e-08,2.0066753592118403e-08,-8.460748546212926e-08,-4.01856432574732e-08,4.678686593706516e-08,9.138499024174962e-08,2.028186401048515e-07,4.910822326564812e-07,1.8450332817110393e-08
5.3107775954686076e-08,-2.5840858342007778e-08,1.5955005494561192e-07,-6.62828867348253e-08,-5.194198848812448e-08,-1.6494778876108285e-08,-1.219139988961615e-07,-3.541703677001351e-07,1.9385251448511553e-07,-5.5969174184156145e-08,-1.8151718350623014e-08,6.383282880051411e-08,0.999999463558197,9.776717746490249e-08,1.1805352073679387e-07,1.781564762382004e-08
-1.162964906598063e-07,-4.1387338001186436e-09,-1.1116631526419951e-07,-4.857614310793679e-09,-7.82067459681457e-08,6.587240619637669e-08,2.664856424416939e-07,4.7897476207481304e-08,-4.1685819951453595e-07,-1.2374511193513626e-08,1.0920893345200966e-07,6.839375998879405e-08,2.4389448238792966e-09,-2.6651662210497307e-07,-6.084773218617556e-08,1.0000025033950806
7.789527955992526e-08,2.993104146753467e-07,4.1956777607765616e-08,-9.882054285981212e-08,9.587816407474747e-08,-6.634901694724249e-08,-5.124051583038636e-08,-1.840016494725205e-08,-7.349284913971132e-08,0.9999978542327881,-3.722855268506464e-08,-3.2065276656112474e-08,-1.4882087384648912e-07,6.365765869986717e-08,1.1127688281931114e-07,5.940318814623424e-08
8.86238495922953e-08,-3.314545793386969e-08,1.2550449568493605e-08,2.572672741507631e-08,6.749798586724864e-08,9.314907600810329e-08,7.75785196083234e-08,-1.4338925780066347e-07,0.9999993443489075,-3.5915146412435206e-08,-5.962086646604803e-08,-6.089963022759548e-08,5.7450503021527766e-08,6.39887502984493e-08,-6.800917162763653e-08,-1.5196877711787238e-07
2.888764640829322e-07,-2.7038932870482313e-08,2.4628226924505725e-07,-9.722898397512836e-08,5.37210489426343e-08,-5.8416620873913416e-08,1.000002145767212,6.762935100823597e-08,5.164342908869912e-08,-1.0145169682118649e-07,1.9202623491310078e-07,1.7148414599432726e-07,-3.586713148706622e-08,9.795462574402336e-08,2.8905373028464965e-07,-1.0192388799623586e-07
-1.755383181034631e-07,1.27986643505551e-08,1.2428690077115334e-08,1.000000238418579,-2.840710919826961e-07,4.6025956379480704e-08,-1.6685492099099974e-08,-1.4888982491356728e-07,9.699868996904115e-08,-2.482865113506705e-07,-4.534477682227589e-08,2.6392442009637307e-07,-4.4169976121111176e-08,-8.554168928753825e-09,1.9733585077119642e-07,-7.362034892821612e-08
9.761090780102677e-08,-1.66778676202739e-07,-1.201482575652335e-07,-2.222454895672854e-07,-1.4873590714614693e-07,7.954468372872725e-08,-4.3261323412480124e-08,2.681925650449557e-07,7.404741353411737e-08,-2.655762330050493e-07,-2.0461234928603744e-09,-2.564448386976892e-08,9.269983536341897e-08,4.768435601931742e-08,0.9999974966049194,-6.260769680466183e-08
1.2374914604151854e-07,3.6068247055709435e-08,-1.1594579518714454e-07,2.2493905760256894e-07,-5.687995141556712e-08,1.0461701549502322e-07,1.865403618239725e-07,2.3125745940433262e-07,5.367194262362318e-07,6.70430679861056e-08,-7.027245629842582e-08,0.9999977946281433,7.528513634724732e-08,-3.5565300038342684e-08,-1.0109633308275079e-07,8.335902634826198e-08
1.401289750901924e-07,-1.4214990073924128e-07,-5.080708120885902e-08,-2.36620678606414e-07,5.859071450231568e-08,9.111315080190252e-08,-4.336621017841935e-08,-1.6954173531757988e-07,4.014883074887621e-07,9.336496020750928e-08,3.282318772335202e-08,1.0410609974087492e-07,-6.755654879952999e-08,1.0000016689300537,-4.121678554014352e-09,1.4121498281838285e-07
1.000001072883606,-1.7530716434066562e-07,-2.0211278695114743e-07,5.262065005950944e-09,1.3218154037986096e-07,6.711081113053297e-08,-2.6247386131217354e-07,2.6065183078571863e-07,-4.953349375114158e-08,-1.8441028259985615e-07,1.0128698590960994e-07,-3.740187892731228e-08,-5.816509229816802e-08,-1.529086546270264e-08,2.663535880742529e-08,-1.361081984896373e-07
3.049533603416421e-08,6.785484174542944e-08,1.787991976698322e-07,-1.7372762783907092e-07,0.9999986290931702,4.758595650855568e-08,8.366994563857588e-08,-1.3736600124047982e-07,-5.385160761761654e-07,1.0088272262009923e-07,-1.093243753302886e-07,-1.6031356153689558e-07,-2.3032987428450724e-07,-8.029260101238833e-08,-7.537361312870416e-08,2.0134456235609832e-07
-1.9975176712705434e-07,0.9999992251396179,-8.373164916974929e-08,-1.5161808164521062e-07,-8.362820125284998e-08,1.636500179813538e-08,9.826207758578676e-08,-6.028855636941444e-08,-2.8524814865704684e-07,-2.6051893087242206e-07,5.397822633312899e-08,-2.5627258093408045e-09,1.0296744079596465e-07,5.2306102560351064e-08,2.424532965505932e-07,9.815407153723754e-09
1.1567631474918016e-07,2.4142531174220494e-07,-1.3720635649860924e-07,-3.915984336799738e-08,1.2870910381934664e-07,3.3991759096352325e-07,-1.2990389564038196e-07,0.9999980926513672,-4.656245666811998e-10,-1.0048497500747544e-07,9.488800856161106e-08,6.342845182416568e-08,-5.493506982645613e-09,4.0789973354549147e-07,4.386454222071734e-08,1.5365115402232732e-08
