-5.547661530158621e-08,-7.07785829945351e-08,-2.2415264311348437e-08,-1.0872724232058317e-07,1.0000020265579224,4.5323496067339875e-08,3.195888780282985e-07,-1.4212447752015578e-07,-5.6094137335094274e-08,-1.028027298843881e-07,-1.2128305115766125e-07,2.1828485330388503e-07,9.845916792983189e-08,1.3559323974732251e-07,8.618901148338409e-08,2.1899082014442683e-07
-2.572759427721394e-08,-6.76676563671208e-08,-1.9404450313231791e-07,-4.208806458905201e-08,4.953098908799802e-08,5.519811097087768e-08,3.4999321218975865e-09,-1.1459538029612304e-07,-2.788296740163787e-07,1.38744624678111e-07,1.0000019073486328,1.2361812196104438e-07,1.3646135244016477e-07,1.4978743578808462e-08,1.3775649065905782e-08,-2.365617746136195e-07
2.5161805083939726e-08,3.2300974339705135e-08,3.7511906469944734e-08,3.509365171794343e-07,2.7928951595868057e-08,2.1335587518933607e-07,1.0000019073486328,-6.13836448337679e-08,-1.7130005858234654e-08,8.891210256933846e-08,6.033737776078851e-08,-6.885317560545445e-08,7.186834949379772e-08,-1.1472065519768648e-09,-2.1841847797077207e-07,1.4605556941660325e-07
-1.728284360069665e-07,1.2049005704284355e-07,-2.641541385628443e-08,1.4077599530537555e-07,-1.1708250013953148e-07,8.237485360496066e-09,-1.6501671495916526e-07,9.327162331373984e-08,8.897726644363502e-08,-9.019051816494539e-08,-3.1285033230687986e-08,0.9999974966049194,6.768909344145868e-08,-1.1287753665101263e-07,-9.517106036582845e-08,-1.0672551553625453e-07
7.706803728524392e-08,6.841248278988132e-08,1.6887089770989405e-07,1.0000016689300537,-2.358017425763137e-08,-9.887166640965006e-08,-7.373365917828778e-08,1.2245897096363478e-07,5.292504567933065e-08,-5.508125511255457e-08,8.562559372649048e-08,-7.797886780736007e-08,9.887967422628208e-08,8.457754496760117e-09,1.1897493834567285e-07,2.0239556874912523e-07
-5.3671502797669746e-08,1.3746530669322965e-07,6.293669230217347e-08,-3.616325372490792e-08,9.039244019959369e-08,-1.889435097268688e-08,-7.799554424536836e-08,-9.581544446746193e-08,-2.5787164759094594e-07,-7.12707972638782e-08,-2.947386512630601e-08,-8.529116968247763e-09,8.024863973332685e-08,-8.573888266028007e-08,-6.218534309709867e-08,0.9999982714653015
-1.443051456107014e-08,6.838230603989359e-08,0.999997615814209,7.321175843344463e-08,1.9516922122875258e-07,6.746121528067306e-08,-3.166661954878691e-08,7.154512360330045e-08,-1.1936454491490167e-08,2.315627511961793e-07,-7.610398000679197e-08,1.29345367749778e-09,-9.496574193690321e-09,-8.925533023784737e-08,1.587846476525101e-08,-1.2861741538472415e-07
-1.7774348748389457e-07,-4.6291159350175803e-08,-1.761798813504356e-07,1.0177454434767697e-08,-2.3610435562204657e-07,-3.8877068675446935e-08,-6.90012456061595e-08,-9.380843124517924e-08,-1.2894166445676092e-07,1.1332230087646167e-07,1.33106485833423e-08,-3.4229955758746655e-07,0.9999983906745911,3.910691503961061e-08,1.203991502052304e-07,1.0183806864461076e-07
1.0190217381023103e-07,2.0674244538554376e-08,-2.402411496404966e-07,9.721134119899943e-08,-3.561967218956852e-07,0.9999997615814209,1.5190020974387153e-07,-5.0607518176093436e-08,2.197759272348776e-07,-2.865965420539851e-08,-1.2365428858629457e-07,8.691797859228245e-08,-1.1657166254508411e-07,1.9776749127231597e-07,-1.411652874594438e-07,-3.4951963101548245e-08
-1.8893185682600233e-08,0.9999994039535522,-6.740607716437808e-08,-4.453815094507263e-08,2.4170230972231366e-07,5.72068117321578e-08,1.7403455387920985e-07,-2.22629026325194e-07,2.716475933084439e-08,-8.410572149841755e-08,4.424204860242753e-07,2.4735390979913063e-07,-1.3323906955520215e-07,6.876116742660088e-08,-4.4265643595053916e-08,1.3559915146288404e-07
1.0000020265579224,2.3143603300468385e-07,2.0493882857408607e-07,-1.181367395020061e-07,9.71154392459539e-08,-1.9889857583166304e-07,-1.0533839400750367e-07,-1.1770349317430373e-07,-7.393225587293273e-08,1.7091247173084412e-07,-4.382894758236944e-08,-5.019923605686927e-07,-6.805146668398265e-09,1.1237644059747254e-07,-7.244118194194016e-08,3.0319455390781513e-08
-2.768024671695457e-07,-7.078536157223425e-08,-1.4970940753755713e-07,-1.8461977902006765e-07,-1.9508973991833045e-07,1.6837024929827749e-07,2.016486320144395e-07,1.0000007152557373,1.7875755986551667e-07,1.0248322723782621e-07,-2.6492676497014145e-08,-1.1846643133139878e-07,3.998152067197225e-07,-7.13540018182357e-08,-8.809998774950145e-08,-2.184330867294193e-07
-6.709671396265549e-08,2.1941937689007318e-07,-9.253050592405998e-08,-8.361890024843888e-08,-7.940435153841463e-08,-1.8809917889939243e-07,-7.02777214200978e-08,1.4460670172411483e-07,2.5589104168943777e-08,1.0488054869028929e-07,-6.1288032426887185e-09,-9.503232689667129e-08,-6.766781268652267e-08,0.9999983906745911,1.2738252053168253e-07,-8.595575451408877e-08
6.322162704464063e-08,1.3954554844985978e-07,2.5776154188861256e-07,6.70763995458401e-08,7.447918193292935e-08,-1.0403509520529042e-07,8.929108474831082e-08,-9.115652233049332e-09,1.0000015497207642,-2.3082260725004744e-07,7.085909192738882e-09,3.4224478895339416e-07,-1.9977241549895552e-07,-7.037695581857406e-08,-7.614743680051106e-08,-1.2308581176512234e-07
-1.1125471388595543e-07,-1.124394088947156e-07,8.958762265365294e-08,3.633222078747167e-08,8.48187369228981e-08,2.8035612942289845e-08,-9.07914241565777e-08,7.97860977286291e-08,-3.0250467375481094e-07,1.0000020265579224,-1.1828036150518528e-07,-4.823684918164872e-08,7.695071957414257e-08,7.470262630704383e-08,7.268003088256592e-08,-2.7115758527429534e-08
-1.9999987443952705e-07,1.536649847366789e-07,-5.011805725985141e-08,2.7272602665107115e-07,6.655702211588732e-09,-1.1017815637615058e-07,2.807161614271081e-08,1.0690838436744343e-08,2.928287017311959e-07,-9.340925544165657e-08,5.9092247539638265e-08,1.1441062319761386e-08,8.267399209671566e-08,-2.5908812517627666e-07,0.9999997019767761,-1.2791761605512875e-07
