5.167844818743106e-08,3.738461629154699e-08,5.835591920799743e-08,8.211718238726462e-08,-4.366666139787867e-09,-1.0405151584791383e-07,1.0000019073486328,5.635034128204097e-08
1.3185800185055996e-07,1.7792763173929416e-07,0.9999990463256836,-1.0289400620422384e-07,1.3380575580868026e-07,-5.4458229925558044e-08,3.282506781943084e-07,4.08024902753823e-08
-2.6849920686800033e-07,-1.1484022621743861e-07,9.353853869242812e-08,0.9999984502792358,2.259225198031345e-07,4.735520420240391e-08,-6.668183516467252e-08,-1.2213874356348242e-07
-6.615147896127382e-08,8.04827990918966e-08,-2.749703185145336e-07,1.1581053627196525e-07,4.656329366525824e-08,8.138763263332294e-08,-1.3552612188050261e-07,0.9999984502792358
-2.8630401516238635e-07,-3.5166340950354424e-08,-4.146563625795352e-08,-2.3981108654425043e-08,-5.4262862647647125e-08,1.000001311302185,-5.8215576359543775e-08,-3.4507536383898696e-07
1.0000003576278687,-8.177379129392648e-08,-7.731888729267666e-08,-1.0779643133673744e-07,-1.5133498720842908e-07,5.972935479547914e-09,-2.7039735783773722e-08,-1.697177793857918e-07
1.8971282145230361e-07,2.913397452175559e-07,-2.7727037377189845e-07,-7.973554261297977e-08,1.0000011920928955,-8.146265884079185e-08,-2.9772024845442502e-08,2.2239329666717822e-07
-5.6926708680293814e-08,1.0000017881393433,1.4346959176236851e-08,3.0301893616524467e-07,2.0727732419345557e-07,2.859753749362426e-07,1.955904735950753e-07,-2.2165532698181778e-07
