4.250655081250443e-07,3.585473606904088e-08,2.02410923577645e-08,1.0000011920928955,3.865500275423983e-07,6.274331809663636e-08,6.066272106863835e-08,1.3128629916536738e-07
-2.9889514507885906e-07,0.9999997019767761,-6.8149170751041765e-09,-1.373784215275009e-07,1.158902485087765e-08,-1.8634928267147188e-07,-4.7793839996757015e-08,-6.900945948018489e-08
-1.3297807299750275e-07,-2.9570545123647207e-08,-1.1832127455591035e-07,-4.43119629878197e-09,0.999997615814209,-6.756783221817386e-08,7.709846983061652e-08,-1.9448299326541019e-07
-1.4328499275961804e-07,-1.5818851295534841e-07,1.7058415124893145e-08,5.549817672090285e-08,-7.111677291504748e-08,-5.88214916774632e-08,1.0000003576278687,-6.013239328694908e-08
-1.3891481387418025e-07,-3.996045716547769e-09,0.9999990463256836,2.266427969743745e-07,2.488202994754829e-07,7.176608107783977e-08,3.2014861517382087e-07,-1.9503653447827674e-07
-6.142875719206131e-08,-3.0482979695989343e-07,4.420872912191953e-08,-3.645897805881759e-08,2.197714508156423e-07,0.9999985694885254,-9.6289596740462e-08,-5.612392328657734e-08
-5.195997800910845e-07,-2.247787023179626e-07,1.7213159253515187e-07,3.0528706673749184e-08,1.7614550529287953e-07,-2.1535793592875052e-08,-9.429174951947061e-08,0.9999980330467224
1.0000004768371582,-6.36925108210562e-08,5.066931763053617e-08,7.379579614053e-08,9.750984730771961e-08,7.643239996468765e-08,-7.758301023841341e-08,1.7031638321896025e-07
