-6.156510323762632e-08,-5.599456542881853e-08,1.8156418946091435e-07,1.2833267248879565e-07,5.117132317877804e-08,1.0961633378769875e-08,-7.390134726392716e-08,6.118978745917047e-08,0.9999976754188538,2.732388963977428e-07
1.000000238418579,-6.669367280665028e-08,-9.492818264789094e-08,3.616680643858672e-08,-8.015041430553538e-08,2.0187048477282588e-08,-1.1311417580373018e-07,2.858090120128054e-08,8.250993666081285e-09,-3.4625946909727645e-07
1.6713774186882802e-07,8.235597448447152e-08,-6.740227576074176e-08,1.000001311302185,-4.69032634953237e-08,-6.742399705217395e-08,-1.025947398147764e-07,7.290008596783082e-08,-7.08779950286953e-08,-3.8896583731684586e-08
-1.2045754260725516e-07,1.1334797989093204e-07,-1.8705993198864235e-08,-1.0150230167482732e-07,1.8770117549138376e-07,1.0000016689300537,1.3179311508793035e-07,1.3397750464605451e-08,2.2561906121154607e-07,3.111592263849161e-07
-4.049108497383713e-07,-8.501007897621093e-08,-1.1826315216012517e-07,1.2611486965852237e-07,-7.794922396442416e-08,-2.439752222471725e-07,0.9999995827674866,-3.868233289239242e-09,-9.736774586599495e-08,6.049616985137618e-08
6.624379977893113e-08,0.999997615814209,6.806618557675392e-08,-1.5328662072988664e-07,1.4595805453154753e-07,-1.3414133093192504e-07,2.3757723965900368e-07,-2.3805132798315753e-07,5.017889748160087e-07,-8.53830286473567e-08
1.2040386820899585e-07,5.3025530633021845e-08,7.605601837212816e-08,7.209875008129529e-08,6.816033248924214e-08,-3.530287451258829e-10,-4.015959120806656e-07,0.9999978542327881,2.9906836118698266e-08,2.629151651944994e-07
4.94463003875012e-09,1.2863350207226176e-07,1.4221409116998984e-07,-2.434900636671955e-07,-1.0303927489019316e-08,1.3661821185451117e-07,5.204526587476721e-08,2.8351543335247698e-08,1.3902764806061896e-07,0.9999977946281433
-6.76363356433285e-08,-3.8312410310936684e-07,-2.606604141419666e-07,-3.207734877719304e-08,0.9999993443489075,8.393888606406108e-08,2.894310568990477e-07,1.2235845758823416e-07,-6.711642441814547e-08,-3.411726083868416e-07
-1.6068209873765227e-08,6.298279942029694e-08,0.999997615814209,-1.963356908163405e-07,5.651919821048068e-08,1.2720767017526668e-07,1.528354403035337e-07,8.55608845995448e-08,-5.132195113333182e-08,-3.921754299085478e-08
