-9.074096851691138e-08,-2.335948101617191e-10,-1.483662543932951e-07,1.1388492282549123e-07,2.0143058065968944e-07,-1.8344987040563865e-07,-2.590639667232608e-07,-2.7958790838056302e-08,1.1090965479354509e-08,1.0000022649765015,2.572323865024373e-07,3.953164906533857e-08
1.311212258769956e-07,-3.7164102195674786e-07,-8.17817991105585e-08,0.9999991655349731,-6.649852224427377e-08,2.801256755446957e-07,-6.085815584810916e-08,1.4358936084590823e-07,-2.0300532810324512e-07,8.022293229714705e-08,-5.4363567869586404e-08,6.999092505566296e-08
-2.0160331359875272e-07,-6.759571391512509e-08,1.0000005960464478,-4.515228368973112e-08,5.279554926573837e-08,1.3639063212167457e-08,9.819292046131523e-08,1.2352768408163683e-07,-2.7652029999103434e-08,-1.8510083066303196e-07,6.764476978560197e-08,-3.324175779084726e-08
-4.4909390339853417e-07,1.283129904550151e-07,1.605843067409296e-07,-1.9042786902900843e-08,1.6370405475640837e-08,8.343548785205712e-08,1.9700483733231522e-07,-2.1349787004965037e-07,-8.324743561161085e-08,-7.578555027976108e-08,1.577230506200067e-07,0.9999979734420776
1.0000009536743164,-1.1283068701573029e-08,1.2001648030945944e-07,-8.02568109747881e-08,-4.598023295443454e-08,-1.1333711569250227e-07,1.9865507283611805e-07,-9.089848163057468e-08,-2.115647923517372e-08,6.73006113061092e-08,-5.462629815156106e-08,8.165278586602653e-08
-5.370087663436607e-08,-1.3522766550977394e-07,1.349463474298318e-07,-2.1618026835312776e-07,-1.5934679709062038e-07,1.0000016689300537,2.400756216047739e-08,-2.669560217327671e-08,4.8369084737487356e-08,-5.902260369339274e-08,-3.2471874078510155e-08,-1.342839368589921e-07
5.899998001268614e-08,7.865034490350808e-08,2.8961029130414317e-08,3.801665116043296e-08,0.9999997019767761,-2.9744530394282265e-08,4.434062077507406e-07,-1.902789250607384e-07,-1.5810479681022116e-07,-1.203437278718411e-07,2.1052481713468296e-07,6.15479791576945e-08
-6.702256882817892e-08,1.0000001192092896,-1.4029946271421068e-07,-1.0829724317318323e-07,8.97685552558869e-08,5.315240869663285e-08,8.016242247776972e-08,-8.347436164513056e-08,-9.151619195790772e-08,-1.690379889396354e-07,1.0001218697652803e-07,-3.2818294926073577e-07
-8.312736810012211e-08,-5.8897892785125805e-08,1.7871923319034977e-07,7.386437772538557e-08,2.9041450133604485e-08,1.34865302925391e-07,0.9999999403953552,-1.870316026497676e-07,7.379423294651133e-08,9.260126887511433e-08,1.1029478486079825e-07,1.1160979340729682e-07
1.1362936369607723e-08,5.247599688118498e-08,-1.9044229304654436e-08,-3.7850787748539005e-07,3.782935777962848e-07,-8.000520246298493e-10,2.0754879415108007e-07,-1.017214401599631e-07,-5.021086479928272e-08,1.766034358752222e-07,1.0000011920928955,1.202727730742481e-07
8.459086586753983e-08,-9.319635552174077e-08,3.455992825251997e-08,1.0908008363230692e-07,-7.89967060654817e-08,-6.801607810302812e-08,9.445803073049319e-08,6.354658665941315e-08,0.9999977350234985,1.2866561860391812e-07,1.4024861627603968e-07,5.5424727918307326e-08
-6.292552967579468e-08,-4.306522427555137e-08,-1.692866824498651e-08,6.383050532576817e-08,1.7298137322541152e-07,-1.692524307372878e-07,-6.010112407750512e-09,1.0000009536743164,-2.714591289532109e-07,1.2219250322687003e-07,5.18126768156435e-08,-1.4053583186068863e-07
