0.11484160274267197,-0.38134586811065674,0.24320237338542938,-0.3397328555583954,-0.05884786695241928,0.04293987154960632,0.03754310682415962,-0.5664466619491577,0.2053467035293579,0.27857455611228943,0.33407747745513916,0.32842370867729187
0.11968135833740234,-0.2154894322156906,0.5210154056549072,-0.37850287556648254,0.12246494740247726,-0.3535612225532532,-0.29735487699508667,0.1967979520559311,-0.30356061458587646,-0.29522818326950073,0.07901011407375336,-0.26798194646835327
-0.03823932260274887,-0.02658991888165474,-0.08139622211456299,0.19180764257907867,-0.30867600440979004,0.39161378145217896,-0.40918153524398804,-0.1505800485610962,-0.38298001885414124,0.20421184599399567,0.39501065015792847,-0.4138351082801819
-0.08894579112529755,-0.4707249701023102,-0.09047271311283112,0.3584544360637665,0.37382322549819946,-0.3013633191585541,-0.28674036264419556,0.08701232075691223,-0.005238404963165522,0.5214208364486694,-0.2027866244316101,-0.021172869950532913
-0.29273149371147156,-0.17656821012496948,-0.005483835469931364,-0.03497972711920738,0.24681495130062103,0.03970162197947502,0.6705067157745361,0.20693518221378326,-0.4030231237411499,0.1343134492635727,0.377766489982605,-0.06169392168521881
-0.011685115285217762,0.5075483322143555,0.00017456595378462225,-0.12100578844547272,0.4155024290084839,-0.10527422279119492,-0.20798590779304504,0.17645911872386932,0.3659589886665344,0.2401168942451477,0.5213233232498169,-0.07832721620798111
0.7404922246932983,-0.20662930607795715,0.03372235223650932,0.2358781397342682,0.3467346727848053,0.39122599363327026,0.12892095744609833,0.11274105310440063,0.09327385574579239,-0.1582213193178177,0.08139833062887192,-0.0960519015789032
-0.38590705394744873,-0.21092768013477325,0.5119916200637817,0.37600767612457275,-0.16455401480197906,0.1847154200077057,0.04881248623132706,0.1858687698841095,0.4993186295032501,-0.16151617467403412,0.11328808218240738,-0.1292310655117035
-0.15671470761299133,0.06947104632854462,-0.05833755433559418,0.4152314066886902,0.3414444625377655,-0.23921477794647217,-0.051639094948768616,-0.5573995113372803,-0.1259969174861908,-0.5001652240753174,0.19863268733024597,0.04615960642695427
-0.3880167007446289,-0.23071230947971344,-0.2568623125553131,-0.39971739053726196,0.40676042437553406,0.5055660009384155,-0.24553626775741577,0.0017237405991181731,0.09108950197696686,-0.23854346573352814,-0.15385659039020538,-0.015765001997351646
-0.06416366249322891,0.29358866810798645,0.4748348295688629,0.15598759055137634,0.1877305954694748,0.3243199288845062,-0.16778452694416046,0.06420884281396866,-0.37363752722740173,0.14190305769443512,-0.14388683438301086,0.5538435578346252
0.028275983408093452,-0.25618746876716614,-0.31053727865219116,0.08141513168811798,-0.21993888914585114,-0.10548672080039978,-0.23994335532188416,0.4172836244106293,-0.028882406651973724,-0.2600594460964203,0.40892264246940613,0.5510229468345642
