0.07261480391025543,-0.5877982974052429,0.23388299345970154,-0.0025598627980798483,-0.12483755499124527,-0.24890479445457458,0.05666153505444527,-0.2662155032157898,0.08590870350599289,-0.5035537481307983,0.3487899899482727,-0.17673861980438232,-0.023358913138508797,0.12266232818365097,-0.11587980389595032,-0.006006981711834669
0.33946073055267334,0.23421281576156616,0.3061339557170868,-0.03669724613428116,0.3440626263618469,-0.04598619043827057,0.1432192325592041,-0.08048944920301437,0.6588018536567688,-0.0783701241016388,-0.12740233540534973,0.26043909788131714,-0.10298328101634979,0.08850937336683273,-0.20929697155952454,-0.029935451224446297
0.23578773438930511,0.10910830646753311,0.42257314920425415,0.3904501795768738,-0.17618395388126373,-0.11429433524608612,0.018825428560376167,0.31304895877838135,0.010012802667915821,0.2869521379470825,0.4956543445587158,0.02251332625746727,0.10832220315933228,-0.16284005343914032,0.17484433948993683,0.24815385043621063
0.5161553621292114,-0.08028723299503326,-0.0024172409903258085,-0.016438225284218788,0.15820945799350739,-0.19789867103099823,0.18833699822425842,-0.4157053232192993,-0.3739902973175049,0.397266149520874,-0.17611508071422577,-0.18896402418613434,-0.11308642476797104,0.18318398296833038,-0.011641466058790684,0.20854808390140533
-0.23295018076896667,-0.11964217573404312,-0.032070305198431015,-0.26057496666908264,0.2951900362968445,-0.1526099294424057,-0.2498600035905838,-0.18301673233509064,-0.03145120292901993,0.25313007831573486,0.2884887158870697,0.21244913339614868,-0.132439523935318,-0.4943719208240509,-0.37805429100990295,0.24051183462142944
0.02935893088579178,0.2264375388622284,-0.11903411149978638,-0.3066505193710327,-0.2118462473154068,0.2518720328807831,0.11807337403297424,-0.36796408891677856,-0.043489694595336914,-0.12275709956884384,0.36156603693962097,0.4664309322834015,0.014195917174220085,0.21281445026397705,0.3130720555782318,0.27064192295074463
0.12306877970695496,-0.4038620889186859,0.01961505599319935,-0.461673766374588,-0.08850894868373871,0.33998903632164,-0.08073659986257553,0.35069379210472107,0.23660050332546234,0.3826788365840912,0.1096106544137001,-0.12961284816265106,-0.24562589824199677,0.24758605659008026,0.047721825540065765,-0.012057057581841946
-0.07615503668785095,-0.0463961698114872,-0.01998019404709339,-0.19399262964725494,0.3435756266117096,-0.2213199883699417,0.37243011593818665,0.4956064224243164,-0.3193151652812958,-0.12764346599578857,0.08708159625530243,0.2413218915462494,0.23750077188014984,0.31992533802986145,-0.20388370752334595,0.1351175457239151
-0.14919328689575195,0.0919337198138237,-0.17103351652622223,-0.02333361841738224,0.47460708022117615,0.16936449706554413,0.21533100306987762,-0.16325922310352325,0.22213906049728394,0.08611243963241577,0.34366655349731445,-0.5071775317192078,0.3645978271961212,-0.01168825477361679,0.21506774425506592,-0.03342585638165474
0.027117328718304634,0.11483749002218246,-0.09066008776426315,-0.40551918745040894,-0.4522884786128998,-0.49952512979507446,0.08321245014667511,-0.03498497232794762,0.24004800617694855,0.2130810022354126,-0.06736302375793457,-0.07046490907669067,0.4643179774284363,-0.07235320657491684,-0.06569303572177887,-0.11619880795478821
0.14634178578853607,0.0769803524017334,0.28747376799583435,-0.33628973364830017,-0.07205488532781601,0.29500800371170044,0.12605613470077515,0.10590330511331558,-0.10175307840108871,-0.32203492522239685,-0.27745750546455383,-0.28024107217788696,0.131217822432518,-0.4103834331035614,-0.016735544428229332,0.4495658874511719
-0.10222016274929047,-0.2957904040813446,-0.44254082441329956,0.29647162556648254,-0.06332340091466904,-0.12159907817840576,0.17900261282920837,0.07471144199371338,0.3706362843513489,0.02545475773513317,-0.21672949194908142,0.07708213478326797,-0.028173726052045822,-0.026735296472907066,0.12267190217971802,0.5953243374824524
-0.4078872501850128,-0.009622996672987938,0.4246571660041809,0.07569912075996399,-0.0019422296900302172,0.0860605537891388,-0.33392849564552307,-0.19093014299869537,0.03299671784043312,0.17263750731945038,-0.2000131458044052,-0.03449598699808121,0.31189095973968506,0.4584829807281494,-0.12754635512828827,0.3102553188800812
0.32366231083869934,0.15261752903461456,-0.2269347906112671,-0.12376383692026138,0.20449261367321014,-0.2579699158668518,-0.6928983926773071,0.1731879711151123,0.01413632556796074,-0.258740097284317,0.060354989022016525,-0.11874399334192276,0.05093090981245041,0.14882731437683105,0.20571473240852356,0.18632346391677856
-0.1213093101978302,-0.30212271213531494,0.2962459325790405,-0.1437053382396698,0.2633337080478668,-0.2100042700767517,-0.004207854624837637,-0.028136685490608215,-0.02391289919614792,0.05455225706100464,-0.24383945763111115,0.25831398367881775,0.06467502564191818,-0.19734397530555725,0.6905577182769775,-0.14700447022914886
-0.37510398030281067,0.3474476635456085,0.14654414355754852,-0.15981285274028778,-0.043462082743644714,-0.36649319529533386,0.16125208139419556,0.04919426143169403,0.035437844693660736,-0.03676038980484009,0.04655754193663597,-0.3135344684123993,-0.5993838906288147,0.1337883174419403,0.16100339591503143,0.14412641525268555
