-0.02891298197209835,0.47886922955513,0.5297966003417969,-0.2742294669151306,-0.29430052638053894,-0.5058805346488953,-0.2544689178466797,-0.08173377066850662
-0.25447580218315125,-0.026022331789135933,-0.6224528551101685,-0.4349646270275116,-0.4469376802444458,-0.3017771244049072,0.2550780177116394,0.04515431821346283
0.24328672885894775,0.24453552067279816,-0.1672762632369995,0.026811251416802406,-0.25093671679496765,0.3152974247932434,-0.014460024423897266,-0.8304941058158875
0.7225232124328613,0.06205284222960472,-0.3043225407600403,-0.250018835067749,-0.007178955245763063,0.02817556820809841,-0.47492170333862305,0.30428820848464966
-0.027743784710764885,-0.19461479783058167,0.13145792484283447,-0.7496725916862488,0.5519842505455017,0.04929151013493538,0.06735208630561829,-0.26535406708717346
0.02355343848466873,-0.3431187868118286,0.39730304479599,-0.29036378860473633,-0.5714823603630066,0.5247647166252136,0.04919074475765228,0.18751737475395203
-0.5931709408760071,0.15848135948181152,-0.18843013048171997,-0.06989933550357819,0.04578300938010216,0.33590322732925415,-0.6830414533615112,0.03418004885315895
0.0005725013324990869,-0.7250069379806519,0.025301305577158928,0.14550051093101501,-0.13129739463329315,-0.4027048647403717,-0.413425475358963,-0.3197222054004669
