-1.3764672246452392e-07,2.3599207921165544e-08,4.385585938848635e-08,-2.8968619503189075e-08,6.741092306583596e-08,-1.0425898722132843e-07,-2.3627822542948707e-07,0.9999992847442627
2.1571433705958043e-07,1.1204176075807482e-07,-1.819394057633872e-08,-2.600741026981268e-07,2.0390511679124756e-07,-1.0971492159228546e-08,0.999997615814209,-3.142381999055033e-08
1.2931486992329155e-07,1.6223790311187258e-08,1.0372572134542679e-08,1.0000009536743164,-1.7803793639359355e-07,-1.687803603545035e-07,1.2300242246965354e-07,7.730615436685184e-08
5.4081574774045293e-08,0.9999993443489075,-9.074415174836759e-08,6.596756207954968e-08,-3.324836228557615e-08,8.169416076952984e-08,2.534399072828819e-07,-1.5454752144705708e-08
3.7077160897069916e-08,-6.209027247905397e-08,0.9999988079071045,-2.3237152646515824e-08,2.00510783088248e-07,2.789053894503013e-07,-7.530255885512815e-08,-1.932340154553458e-08
0.9999980330467224,-4.6915740625763647e-08,-1.089820003130626e-07,5.5878487614791084e-08,4.0213228658103617e-07,2.1630956581475402e-08,6.30638918863724e-09,2.980505655614252e-07
-1.7519191430892533e-07,2.9964564163265095e-08,9.587110838538138e-08,-8.324471423293289e-08,7.306605454004966e-08,1.000002145767212,-1.3593316339211015e-07,-1.242272560375568e-07
8.792621741804396e-08,2.8771117044357197e-08,-1.1753107287404418e-07,-2.5114042401241932e-08,1.0000017881393433,-1.1657785847773994e-07,3.3787070918833706e-08,1.1813799005722103e-07
