-5.226021837501094e-09,-6.178177969218268e-09,1.0,-3.555076588668271e-08,-8.770971504645786e-08,-3.5582029767056156e-08,3.2717586861963355e-08,-6.679303510281898e-08
5.2542841189051614e-08,-6.882079617298587e-08,5.846405315423908e-08,4.523014851542939e-08,6.72147422164926e-08,0.9999990463256836,1.9095031689175812e-07,3.7171439259964245e-08
-6.514824946179942e-08,-6.769582228116633e-08,-1.0086229451644613e-07,-2.5327043573497576e-08,-1.633303696735311e-07,-1.31951907178518e-07,0.9999975562095642,-2.9094005071783613e-07
1.1930404753002222e-07,-7.468940310673133e-08,-6.841206356966723e-08,0.9999998807907104,-2.5036848683157586e-07,7.150369185637828e-08,-7.019902170668502e-08,-7.428761961136843e-08
0.9999977946281433,-4.080058602085046e-08,-3.781686075399193e-07,-8.138562179738074e-08,2.1600874333671527e-07,-5.131938873859099e-09,-8.075178214994594e-08,-2.7677264924363953e-08
1.3042048863098898e-07,1.0000017881393433,7.334767815336818e-08,1.1494219798180438e-08,-2.7351902076588885e-07,-9.866467109986843e-08,-1.2110450597901945e-07,-9.614838347715704e-08
-2.1749681877736293e-07,-1.0955965734638085e-07,9.801777167695036e-08,-8.783423055547246e-08,-3.1076467621460324e-08,-1.3520427444291272e-07,-5.7913290163469355e-08,1.000002145767212
-7.509810728834054e-08,-1.3176070012832497e-07,-2.5025329364325444e-07,9.090448571669185e-08,0.999998152256012,-8.5452022346999e-08,-2.5953355020646995e-08,-1.5858246626976324e-07
