-0.03409943729639053,-0.09614420682191849,-0.5158562064170837,0.021994952112436295,0.07705779373645782,0.3629729449748993,-0.1304609775543213,-0.011382387951016426,0.2714654207229614,0.5808203816413879,0.38824260234832764,0.07992258667945862
0.29887494444847107,0.21805432438850403,0.42423856258392334,0.03780343756079674,-0.2741797864437103,-0.04816487431526184,-0.13561823964118958,-0.20029133558273315,-0.15547797083854675,0.618549644947052,-0.19255484640598297,0.3191554546356201
0.5853101015090942,-0.2348295897245407,0.06554216146469116,-0.021385380998253822,0.25339066982269287,0.19754436612129211,0.44711896777153015,0.3958152234554291,0.10892444103956223,-0.05743980407714844,-0.05303729698061943,0.3460097908973694
-0.2235797792673111,-0.2565339207649231,0.1469772458076477,0.24555917084217072,0.16408178210258484,-0.17362326383590698,0.146747887134552,-0.41090071201324463,0.6637482047080994,0.018914053216576576,-0.2691115438938141,0.20376206934452057
-0.18209461867809296,0.4145863950252533,0.05328414589166641,-0.7171870470046997,-0.021052813157439232,0.009949109517037868,0.4563918113708496,-0.0850791186094284,0.22607450187206268,0.08554547280073166,0.056959789246320724,0.004052149131894112
0.039594877511262894,0.11468320339918137,-0.1370309293270111,0.27508118748664856,0.4092928171157837,0.07088344544172287,0.48294469714164734,-0.37380778789520264,-0.39486807584762573,0.22197513282299042,-0.14707858860492706,-0.34423139691352844
-0.22004380822181702,-0.03954995051026344,0.4514141082763672,-0.0066676996648311615,0.5231760740280151,-0.13092152774333954,-0.08580902963876724,-0.022902730852365494,-0.1774408221244812,0.024454616010189056,0.5982323288917542,0.23977667093276978
0.3684389293193817,-0.5358499884605408,0.11317075788974762,-0.3805517256259918,-0.01611723192036152,-0.2942058742046356,-0.08048775792121887,-0.202156662940979,0.05679033696651459,0.1543259620666504,0.14647191762924194,-0.4866515100002289
0.34988853335380554,0.1604318916797638,-0.02392967976629734,-0.1818266212940216,0.18529722094535828,0.44611939787864685,-0.33690375089645386,-0.5543990135192871,0.029959654435515404,-0.38689911365509033,-0.00032444263342767954,0.11575239151716232
0.02691400982439518,0.19207340478897095,-0.13554158806800842,-0.2129242867231369,0.591238260269165,-0.2314070612192154,-0.4119974672794342,0.27979955077171326,0.07726293802261353,0.17617855966091156,-0.4553917646408081,-0.05608260631561279
-0.3912162780761719,-0.5346542596817017,-0.029898755252361298,-0.3440573215484619,0.000747948361095041,0.2833935022354126,-0.002516353502869606,-0.06657345592975616,-0.3972283601760864,0.06755802035331726,-0.3368811309337616,0.28500956296920776
0.14780564606189728,0.005773673299700022,-0.519595205783844,-0.07526423782110214,-0.04388090595602989,-0.5958672761917114,0.06719610840082169,-0.23623162508010864,-0.2081087976694107,-0.10043970495462418,0.1089765802025795,0.46893632411956787
