-2.8756093684023654e-07,2.21013589651875e-08,8.36258848835314e-08,9.826440994231689e-09,0.9999977946281433,2.2188280013324402e-07,1.5623012927790114e-07,5.8471567143669745e-08,1.0445459253105582e-07,-7.573346039180251e-08,-3.259616931927667e-08,-3.944717263948405e-08
1.2427065598785703e-07,-1.833770113535138e-07,1.0000005960464478,9.278162593773231e-08,-1.0129765826150106e-07,-5.8860248230985235e-08,3.617674337874632e-08,1.9691624331130697e-08,-3.147286520288617e-08,1.5818574228276816e-09,-6.430992982586758e-08,-8.872883761057437e-09
-1.260235791278319e-07,8.286825448067248e-08,-1.3445423441282855e-08,-1.4903999101534282e-07,1.2106804092582024e-07,3.372620369646029e-07,7.695901160786889e-08,1.816885770722365e-07,-6.049397427432268e-08,-7.062928375489719e-08,4.859025182213372e-09,0.9999976754188538
5.4649177627652534e-08,-6.571622179762926e-08,-1.7697645660064154e-07,1.0000016689300537,-7.382184463722297e-08,-1.3133920617747208e-07,8.55456860904269e-08,-9.078610929691422e-08,-8.39225844373459e-09,5.480015019543316e-08,9.76970255806009e-08,-1.2485793376981746e-07
7.011199443240912e-08,-2.072774840655711e-08,1.3797027520467964e-07,6.567104549048963e-08,1.5303034217595268e-07,0.9999985098838806,-1.4976738782479515e-07,1.0935804795053627e-07,-5.047040119166013e-08,-6.433858601440079e-08,-3.126299219502471e-08,-4.891603211376605e-08
1.0000004768371582,-6.747985281663205e-08,-7.71880976913053e-08,-2.088287516244236e-07,4.8490910842247104e-08,1.2483276634611684e-07,2.9512955279642483e-07,7.818551495120118e-08,-1.9188432531791477e-07,1.847961215162286e-07,9.197593442422658e-08,1.191714247283926e-07
-4.070539603162615e-07,3.1095819963411486e-07,-1.137265428496903e-07,-3.106914618911105e-07,5.926795054733702e-08,5.12026510079977e-08,-1.0057583210709709e-07,-1.248496488415185e-07,-6.603443125641206e-08,1.000001311302185,-6.271962860182612e-08,-6.141187469665965e-08
1.1484289785812507e-07,-4.924037178000162e-09,8.053792299733686e-08,-1.480144931065297e-07,6.457612045096539e-08,8.169165788274313e-09,1.0000019073486328,-2.2547946798567864e-07,-5.041495754198877e-08,2.676488861652615e-07,1.019974682492375e-08,-6.820314979449904e-08
5.088138355091587e-09,8.8207116277772e-08,8.859638001013082e-08,-5.320165641364838e-08,2.9696284542524154e-08,-5.838920458245411e-08,-3.003078461460973e-07,0.9999999403953552,-3.8974310001549384e-08,8.122671601995535e-08,-5.382388579278086e-08,1.2629021739485324e-07
3.8451251072046944e-08,8.514742688703336e-08,2.2073426464430668e-07,6.732007307164167e-08,-8.9287233606683e-08,3.153821808155044e-07,3.343379617604114e-08,5.263135349764525e-08,-5.713331319157078e-08,1.4013584070937668e-08,0.9999986290931702,-8.542593121774189e-08
1.0284725249221083e-07,1.0000020265579224,-1.7532337892589567e-07,-8.574090770707699e-08,2.6089075788604532e-08,7.759698661402581e-08,5.8828554472256656e-08,7.740271001921428e-08,9.427517255744533e-08,3.385956048873595e-08,8.44292031842997e-08,-8.157576303347014e-08
1.2995074882837798e-07,-3.371640104887774e-07,5.8779423994792523e-08,-1.7130327378822585e-08,3.736489873062965e-08,-1.19320574754056e-07,-4.99533570064159e-08,6.284381015575491e-08,1.000001072883606,-4.720450874629023e-08,4.0791125144323814e-08,-3.604092668751946e-08
