0.17545564472675323,0.25882795453071594,-0.07272853702306747,-0.3177580237388611,-0.012252056039869785,-0.3055572211742401,0.2948845326900482,-0.04918156564235687,0.34974876046180725,0.28156691789627075,0.13172319531440735,0.17417193949222565,0.44506433606147766,-0.2962344288825989,0.1324557363986969,-0.24576763808727264
0.33491456508636475,0.2040066421031952,-0.06950603425502777,0.34136030077934265,-0.27060768008232117,-0.020441537722945213,0.3241223692893982,0.1564234495162964,-0.03753521293401718,-0.016595326364040375,0.20899063348770142,0.18971721827983856,-0.30019646883010864,0.10683794319629669,-0.4809180796146393,-0.32789820432662964
-0.27555251121520996,0.4471506178379059,-0.025001343339681625,-0.2531488239765167,-0.4497268795967102,0.023457078263163567,-0.21977894008159637,0.3858349621295929,-0.16625268757343292,0.04878837615251541,-0.07609008997678757,0.371964693069458,0.028426434844732285,0.22768765687942505,0.11270911246538162,0.14114327728748322
-0.05850156769156456,-0.32315507531166077,0.28180399537086487,0.3593894839286804,-0.14470453560352325,0.11609944701194763,-0.014976821839809418,0.31562745571136475,0.06510761380195618,0.4587441384792328,0.00754956342279911,0.049809206277132034,0.44306597113609314,-0.06793562322854996,-0.2576071321964264,0.2545631229877472
0.5164524912834167,0.1177687719464302,0.6089171171188354,-0.0501742959022522,0.22093820571899414,0.029626118019223213,-0.023724358528852463,0.03666294738650322,-0.10482951998710632,-0.1321696639060974,-0.2898566424846649,0.15100309252738953,0.16215714812278748,0.32847800850868225,0.1329626441001892,-0.0858064591884613
0.19879257678985596,-0.046724967658519745,0.2351696640253067,-0.11404573917388916,-0.2930094599723816,-0.021815037354826927,0.2802330255508423,-0.17859332263469696,-0.31343352794647217,0.3478880226612091,-0.09680081903934479,0.002756888745352626,-0.41975894570350647,-0.36920425295829773,0.24471798539161682,0.3036288321018219
-0.06643745303153992,-0.3395569324493408,0.14183643460273743,0.10191453248262405,-0.07801812142133713,0.049725379794836044,-0.1465526670217514,-0.0164595115929842,0.389512836933136,-0.27815571427345276,-0.04726586490869522,0.6556606292724609,-0.21177461743354797,-0.2903133034706116,0.14527598023414612,-0.08957668393850327
0.04015393927693367,-0.06670262664556503,-0.11843902617692947,0.3951228857040405,-0.3485271632671356,-0.10439536720514297,-0.13282574713230133,0.08228529989719391,-0.256244421005249,-0.096408911049366,-0.2665213942527771,-0.20761483907699585,0.21150285005569458,-0.19020026922225952,0.41162627935409546,-0.47703954577445984
-0.0204018522053957,0.08999019861221313,-0.23397000133991241,-0.0636046975851059,0.12500791251659393,0.7464683651924133,0.401362806558609,0.05886172503232956,-0.10487297177314758,-0.11257890611886978,-0.29333916306495667,0.12071023136377335,0.18329313397407532,-0.191743865609169,-0.008166952058672905,-0.024075865745544434
-0.13020597398281097,-0.11596547812223434,-0.1138259619474411,-0.02668735384941101,0.39691978693008423,-0.22301648557186127,-0.1014367938041687,-0.09342783689498901,-0.6444461345672607,0.1668270230293274,0.021136468276381493,0.43958234786987305,0.08998481929302216,-0.1275818794965744,-0.1891210675239563,-0.18073976039886475
-0.3419937193393707,-0.1291332095861435,0.4762903153896332,-0.2616972327232361,-0.0656498372554779,-0.0200723335146904,0.2945919632911682,0.26693856716156006,-0.1941121369600296,-0.36561036109924316,0.34244295954704285,-0.19088082015514374,0.0568976029753685,-0.18102729320526123,-0.055616166442632675,-0.21004366874694824
-0.380842387676239,0.3664625585079193,0.2588173747062683,0.13542285561561584,0.1365489512681961,-0.19337435066699982,0.020302241668105125,-0.05301009491086006,0.18104961514472961,0.060969118028879166,-0.5722823739051819,-0.11634252220392227,-0.15919584035873413,-0.2445051521062851,-0.3222057819366455,-0.09795498102903366
-0.023519590497016907,-0.11634871363639832,0.16503308713436127,-0.3346819579601288,-0.2944416105747223,0.36475512385368347,-0.3438882827758789,-0.40597352385520935,0.0252817552536726,0.2738381624221802,0.014715614728629589,-0.07014144212007523,-0.003664193442091346,0.06243601068854332,-0.25816434621810913,-0.43877485394477844
0.012237236835062504,0.39612358808517456,0.1636369675397873,0.23676039278507233,0.33706411719322205,0.3111790418624878,-0.315654993057251,0.17877928912639618,0.033834680914878845,0.2323581576347351,0.41698479652404785,-0.05868426337838173,-0.18480049073696136,-0.2697821259498596,0.2512750029563904,-0.12462502717971802
-0.2840529978275299,0.2566322386264801,0.18377332389354706,0.38213106989860535,-0.1357976496219635,0.05119317024946213,0.1929716318845749,-0.6238517761230469,-0.06428074091672897,-0.11455122381448746,0.2379768192768097,0.16551750898361206,0.2427350878715515,0.174601212143898,0.1275911033153534,0.13855057954788208
-0.32352742552757263,-0.20588018000125885,0.016902953386306763,0.039367880672216415,0.16225244104862213,0.01471408735960722,0.357118159532547,0.11007032543420792,0.12284813076257706,0.4030667543411255,-0.06689921021461487,0.05912894383072853,-0.24341455101966858,0.47638654708862305,0.3393992781639099,-0.31305351853370667
