0.1943235695362091,0.16975337266921997,-0.0806560069322586,0.12152571976184845,0.28817498683929443,-0.030774863436818123,0.48574838042259216,0.18703296780586243,0.2732062041759491,0.09822065383195877,0.5362626314163208,-0.43053242564201355
0.5618642568588257,-0.43145859241485596,0.3019241988658905,0.30414462089538574,0.04919183626770973,-0.23504063487052917,0.026815712451934814,-0.368335098028183,-0.21817311644554138,-0.021098503842949867,0.21672894060611725,0.15943218767642975
0.5223872661590576,0.21486184000968933,-0.4604792892932892,0.13970451056957245,-0.16356289386749268,0.10699033737182617,0.14292386174201965,0.20114672183990479,0.14190922677516937,-0.4115193784236908,-0.16862677037715912,0.3638399839401245
0.27747035026550293,-0.15692883729934692,-0.30979135632514954,-0.27718427777290344,-0.5495731234550476,0.21905216574668884,-0.015019831247627735,0.0206062663346529,-0.3665366470813751,0.3058660328388214,0.11731506139039993,-0.36503684520721436
-0.2247522473335266,0.09904125332832336,-0.28072187304496765,-0.22292286157608032,0.021913578733801842,0.08450950682163239,0.49110642075538635,-0.6391041874885559,-0.058046724647283554,0.11726793646812439,0.1188119649887085,0.3502594530582428
-0.09890586882829666,0.17790408432483673,0.0214071124792099,-0.2000427544116974,0.13982398808002472,0.1731257438659668,-0.2677570581436157,0.06617768108844757,-0.4418322443962097,-0.4890749454498291,0.5876538157463074,0.11291204392910004
0.21106107532978058,-0.24854062497615814,0.42777809500694275,-0.5706157088279724,0.054724548012018204,0.3940422534942627,0.182509645819664,0.22286918759346008,0.2688046395778656,0.03939158096909523,0.014002375304698944,0.26426610350608826
0.09249373525381088,0.20133690536022186,0.07230450212955475,0.42986860871315,0.19670961797237396,0.7611485719680786,-0.18651413917541504,-0.16223333775997162,-0.03883528336882591,0.28012755513191223,-0.03865458816289902,0.016387946903705597
0.2732519209384918,-0.029034113511443138,-0.3796406686306,-0.3346952497959137,0.6638798713684082,-0.15946434438228607,-0.2897823452949524,0.011305090971291065,-0.12062999606132507,0.28422796726226807,-0.14864452183246613,0.025409014895558357
0.08497098088264465,-0.010276935063302517,-0.12659738957881927,-0.13806550204753876,-0.16873513162136078,-0.0008046457078307867,-0.5011278986930847,-0.40445971488952637,0.6501428484916687,-0.08987776935100555,0.26767292618751526,-0.10947500169277191
0.14322564005851746,0.5647736191749573,0.22551122307777405,-0.031771741807460785,-0.23178744316101074,-0.29301750659942627,-0.13885781168937683,0.135757714509964,-0.014626394025981426,0.48848989605903625,0.21957319974899292,0.3798791468143463
-0.28437671065330505,-0.5005495548248291,-0.3403363525867462,0.2533508539199829,-0.0331733413040638,0.0368213914334774,-0.08553662896156311,0.3427771329879761,0.11607420444488525,0.2579767107963562,0.34663164615631104,0.4013936519622803
