0.24679753184318542,-0.4627135097980499,0.04011789709329605,-0.4002853035926819,0.18780918419361115,-0.5743029117584229,-0.2720271646976471,-0.3522145748138428
0.28014031052589417,-0.13630349934101105,-0.1030428558588028,0.6346890330314636,-0.1870049685239792,0.19775913655757904,-0.524200975894928,-0.3750045895576477
0.47090691328048706,0.3845955431461334,-0.12144866585731506,-0.5395759344100952,-0.48588797450065613,0.21459192037582397,-0.20383688807487488,-0.027461368590593338
0.08005555719137192,0.5083918571472168,0.595339834690094,0.24415992200374603,-0.13200826942920685,-0.5347183346748352,-0.11432482302188873,0.06832506507635117
-0.25476670265197754,-0.12812529504299164,-0.24907097220420837,-0.018169371411204338,-0.14773182570934296,-0.1983790248632431,-0.5815732479095459,0.6759473085403442
-0.7137243151664734,0.05814417079091072,-0.05479387566447258,-0.12880851328372955,-0.4769241511821747,-0.09947827458381653,-0.06944397836923599,-0.4748150110244751
-0.22877350449562073,0.0717030018568039,0.5055579543113708,-0.2627503275871277,0.41031140089035034,0.4674442708492279,-0.4747679829597473,-0.07502971589565277
-0.07619519531726837,0.5796588063240051,-0.5458623766899109,0.014981104992330074,0.5085343718528748,-0.17703217267990112,-0.1677507907152176,-0.20472317934036255
