0.35880252718925476,0.2856379449367523,-0.6600314974784851,0.305878221988678,-0.14657838642597198,0.12761403620243073,-0.33352580666542053,-0.11842259019613266,-0.04698600620031357,0.3085930049419403
0.1907297670841217,-0.028451407328248024,0.08794369548559189,0.6911126375198364,-0.33860254287719727,-0.1365819126367569,0.3937556743621826,-0.1231558695435524,0.009701412171125412,-0.4169270694255829
-0.5564154982566833,0.5760698318481445,0.0346720814704895,0.05430306866765022,-0.3471825122833252,0.028446977958083153,0.02372768707573414,0.08125240355730057,0.46753618121147156,0.08540159463882446
-0.12242469191551208,-0.5156457424163818,0.21159440279006958,0.0022019974421709776,-0.6115387082099915,0.09456130117177963,-0.40626832842826843,-0.291906476020813,0.049230773001909256,0.1968212127685547
-0.28085967898368835,-0.26318469643592834,-0.5115834474563599,-0.15437430143356323,0.04327543452382088,-0.5499005317687988,0.28676265478134155,-0.3905247151851654,0.15376947820186615,0.06042693555355072
0.41085830330848694,-0.266598641872406,-0.0535237155854702,-0.1304422914981842,-0.12355925887823105,0.13772469758987427,0.36645129323005676,0.3500820994377136,0.6039232611656189,0.2905868887901306
-0.42570945620536804,-0.38929423689842224,-0.2423773556947708,0.4315605163574219,0.15797549486160278,-0.004380177240818739,-0.16469913721084595,0.6058071851730347,-0.0446205697953701,0.033667489886283875
-0.032293710857629776,-0.02796117402613163,-0.40398523211479187,-0.4296998977661133,-0.4477403163909912,0.23675322532653809,0.09748615324497223,0.2606419026851654,-0.22726468741893768,-0.5145082473754883
0.27088412642478943,0.13668140769004822,0.12796537578105927,-0.11817861348390579,-0.21678301692008972,-0.7554596066474915,-0.3380863666534424,0.3765714466571808,0.006079689133912325,-0.061163127422332764
-0.08342455327510834,0.09219478070735931,0.08800112456083298,-0.012109183706343174,-0.282466322183609,-0.08462151139974594,0.44793856143951416,0.16488318145275116,-0.5784817934036255,0.5720365643501282
