-0.23336923122406006,-0.2536526918411255,-0.47413569688796997,0.572658121585846,-0.2588532269001007,0.22237835824489594,0.4021972715854645,0.22413110733032227
-0.5542973279953003,0.07347021996974945,0.6364665031433105,-0.12414269894361496,-0.32096362113952637,-0.02665785513818264,0.37106427550315857,0.15949706733226776
-0.07923238724470139,0.4531139135360718,-0.4093526005744934,-0.5246443152427673,0.06884001195430756,0.30595770478248596,0.4699251055717468,-0.1625152826309204
0.45221975445747375,0.4314376711845398,0.3290030062198639,0.2899375259876251,-0.045340970158576965,0.5764310956001282,0.0013461979106068611,0.28761371970176697
-0.37641671299934387,0.5074638724327087,-0.11227820068597794,0.2624533474445343,0.5260812044143677,-0.2983815670013428,-0.11035338044166565,0.3759400248527527
-0.4249875843524933,-0.3410755693912506,0.054636552929878235,-0.13176892697811127,0.39640092849731445,0.6503726243972778,-0.3201126754283905,0.010703342966735363
-0.29476815462112427,0.3762928545475006,-0.013409806415438652,0.35478296875953674,-0.26309365034103394,0.10369928926229477,-0.2961421012878418,-0.6912253499031067
0.13536031544208527,-0.1528494954109192,0.2802143096923828,0.2919231355190277,0.5657457709312439,-0.03441791981458664,0.5266574025154114,-0.4426685869693756
