-5.721670603975326e-08,1.0000008344650269,-4.942037179489489e-08,-3.460696262891361e-08,-3.9648213601140014e-07,-1.634993118670991e-08,6.7796150915455655e-09,-7.542206503785565e-08
3.102659462683732e-08,1.1456535276010982e-07,-1.2209106614591292e-08,-1.633655131172418e-07,0.9999991655349731,-7.676421631686026e-08,3.042604532765836e-07,1.4616459509397828e-07
1.0000016689300537,4.0804550849316e-08,1.1288431522871178e-07,5.259824575887251e-08,1.3808397625325597e-07,-2.9520995781240345e-07,-7.086142517209737e-08,7.630773524169854e-08
-5.25178229793255e-08,7.570882587515371e-08,-6.464421886676064e-08,1.0000020265579224,4.011184984165084e-08,-9.030513581365085e-08,1.3448705260543647e-07,-5.842387551524553e-08
2.666370901849291e-09,-1.4419691751754726e-07,-2.0944897372032756e-08,1.7873858837447187e-07,-3.964476746887158e-08,1.0000004768371582,7.165458981717165e-08,4.093436700713937e-08
6.618756032139572e-08,-6.704124899670205e-08,-1.182492894713505e-07,7.455292916347389e-08,-3.4469831433625586e-08,6.741093727669067e-08,0.9999985694885254,-5.0733284240322973e-08
-6.801352014917939e-08,-6.003209307436919e-08,5.999925889454971e-08,7.197712648121524e-08,-1.3137547227870527e-07,-1.6570769645340988e-08,2.3735264420565727e-08,1.0000005960464478
8.479482005441241e-09,1.071188933110534e-07,0.9999975562095642,3.5228717365498596e-07,8.906405213338076e-08,6.523199758134979e-09,1.3388614661380416e-07,3.447164687031545e-08
