-1.4707377715694747e-07,-3.1861597449278634e-07,-2.276086377150932e-07,-1.2233880397616304e-07,-1.9986538646321605e-08,-2.205817750677852e-08,-5.675904546365018e-08,-6.65878232553041e-08,9.409716739128271e-08,0.9999979138374329,1.2174955088539718e-07,8.691292130436068e-09
1.4325422625915962e-07,2.538901924253878e-07,-1.4466504660859414e-09,1.0000011920928955,3.401779480327605e-08,-6.229781490674213e-08,5.392541169157994e-08,-8.863406719683553e-08,1.4226701239294925e-07,-9.537346556953707e-08,2.467036495090724e-07,-5.803249436553415e-08
-1.0217389245781305e-07,2.1075798883885e-08,8.201514134498211e-08,3.6900860322930384e-07,0.9999982714653015,-1.891410406074101e-08,-6.022160903285112e-08,2.5644901313626178e-08,-1.6375921063627175e-08,1.552558330786269e-07,4.960257538044743e-09,-2.740100910614274e-07
1.1005948152842393e-07,1.5835566102850862e-07,-1.4438346340739372e-07,1.4568960260419317e-08,7.99741286527933e-08,-2.08557835890133e-07,8.499124959371329e-08,3.6994347141217077e-08,0.9999983310699463,-9.53174890128139e-08,-1.5039728396004648e-07,6.291697474125613e-08
-4.244846252277057e-08,-9.300201497808303e-08,-1.5689957422182488e-07,-9.584637439274957e-08,3.29821290279142e-07,6.685098696834757e-08,-1.45637585546865e-07,3.637990175775485e-08,-2.6498682359488157e-07,-2.0643271625431225e-07,-1.0200436051377437e-08,0.9999990463256836
5.636295696831439e-08,2.6442622313993525e-08,7.42796473218732e-08,-1.2137360272390652e-07,3.386780065284256e-07,-2.0727061667003e-07,7.872183971358027e-08,-1.7952537234577903e-07,-3.134597648113413e-08,7.373066779337023e-08,0.999997615814209,5.4563020768227943e-08
1.0000019073486328,-8.207271662286075e-08,2.5263928726815266e-09,-1.118829757729145e-07,-4.373236350829757e-08,-9.373090747999413e-09,7.548940317292363e-08,5.035386720919632e-07,2.9930975475878085e-09,-4.677515708095825e-09,4.935643360681752e-08,8.73123653377661e-08
-1.2259380355317262e-07,0.9999988079071045,-6.278587960650839e-08,8.49236769795425e-08,3.436232987041876e-08,1.1244103603758049e-07,-1.4310292328900687e-07,1.0886674672860863e-08,1.3412086552477831e-08,-1.977678039111197e-07,2.052127570095763e-07,-1.5260246755133267e-07
-1.0715691445284392e-07,6.434577670688668e-08,1.0000007152557373,1.5947518861025856e-08,2.6836776356731207e-08,-1.8215787633835134e-07,-5.6326879160906174e-08,-1.821276498503721e-07,2.87348996153014e-07,-2.064553328295915e-08,1.2406950133936334e-07,3.114932383141422e-07
8.673714546603151e-08,-5.382903367490144e-08,-1.3150682320883789e-08,-2.149799342987535e-07,-8.431164388866819e-08,7.092337028780094e-08,0.999997615814209,-3.419845739927041e-08,-5.903617648073123e-07,1.3007797861064319e-07,-3.435922337757802e-07,2.876189775236071e-08
8.469083212503392e-08,1.8457390638104698e-07,-6.350045378411551e-09,3.962154337955326e-08,1.4018314686836675e-07,-6.825667497878385e-08,-2.356135269110382e-07,0.999997615814209,1.8344212548981886e-07,-4.87956981487514e-08,9.617757257274206e-08,-3.576239038238782e-08
-3.711283724783243e-08,-1.272600229640375e-07,1.4715229923467632e-08,7.571304649900412e-08,-2.743218452394558e-08,0.9999975562095642,2.0638064768263575e-07,-3.0946523565944517e-07,-1.2558123785311182e-07,-7.67512204902232e-08,-6.843430355729652e-08,1.2341397237491947e-08
