-0.5513079166412354,0.3018634617328644,0.04771106317639351,0.2800214886665344,0.13487836718559265,0.24622634053230286,-0.2263132780790329,0.4828280806541443,-0.007553722243756056,0.18937167525291443,-0.1757015585899353,0.30708611011505127
-0.05491800606250763,-0.18854352831840515,-0.07864026725292206,0.59296715259552,-0.2447492480278015,-0.4816764295101166,0.13522402942180634,0.0028035156428813934,0.4595649540424347,-0.08065926283597946,0.09032317996025085,0.2599422335624695
-0.3499779999256134,-0.1849629431962967,0.46609529852867126,0.28183209896087646,-0.08395016193389893,0.018720606341958046,0.18853703141212463,-0.1824495941400528,-0.14867302775382996,-0.15553762018680573,-0.4348493814468384,-0.48477572202682495
-0.06262863427400589,-0.32635000348091125,-0.18901526927947998,-0.34682029485702515,-0.007244193460792303,-0.13207554817199707,0.4353085458278656,0.13422968983650208,-0.12144622951745987,0.04072709009051323,-0.5576257109642029,0.4256766140460968
-0.3511345088481903,-0.35471102595329285,0.04748624190688133,-0.3387334942817688,-0.4248690605163574,-0.15791960060596466,-0.6229719519615173,-0.06492399424314499,-0.042385946959257126,-0.14734876155853271,0.05557418242096901,0.09761692583560944
0.0980742871761322,-0.1885300874710083,-0.2125612050294876,-0.13272333145141602,0.14938120543956757,0.18087130784988403,-0.2147865742444992,0.18909168243408203,0.6962112188339233,0.07429953664541245,-0.34840017557144165,-0.3788236677646637
0.38048550486564636,0.3309953510761261,0.44998347759246826,-0.0810035765171051,-0.5443850159645081,0.021835021674633026,-0.05557503551244736,0.022783411666750908,0.14750555157661438,0.3455381691455841,-0.2747347950935364,0.13983936607837677
-0.1072772815823555,0.15281976759433746,0.45794713497161865,-0.24084560573101044,0.5676554441452026,-0.3400876224040985,-0.10820417106151581,-0.3213573396205902,0.28441932797431946,-0.01962233893573284,-0.046093087643384933,0.2472638040781021
0.1596827507019043,-0.026307232677936554,-0.28762540221214294,0.3424701392650604,0.08427171409130096,0.2521313726902008,-0.3416571021080017,-0.6063443422317505,-0.128822460770607,0.06820604205131531,-0.36529508233070374,0.2530827522277832
0.4640395939350128,-0.36085250973701477,0.3624836504459381,0.1917061060667038,0.19919037818908691,0.15945042669773102,-0.21322396397590637,0.38109683990478516,-0.12888918817043304,-0.4090406894683838,-0.03767979517579079,0.21251319348812103
-0.10235518962144852,0.3778217136859894,-0.06200407072901726,-0.13474006950855255,-0.2103564739227295,0.3074009418487549,0.16655001044273376,-0.11948009580373764,0.25822147727012634,-0.7399038672447205,-0.06020776182413101,0.1620376855134964
-0.16167280077934265,-0.40581151843070984,0.24690558016300201,-0.03389059007167816,-0.048582516610622406,0.5764432549476624,0.2578735947608948,-0.21127846837043762,0.2506870627403259,0.25562968850135803,0.34694644808769226,0.22961054742336273
