0.6591483354568481,0.26402854919433594,0.2064899504184723,0.22473983466625214,-0.010385250672698021,-0.12535683810710907,-0.2747451961040497,-0.04058694839477539,0.2814820408821106,-0.40913471579551697,-0.22612233459949493,-0.10935205966234207
-0.015101416036486626,0.10559147596359253,0.19863653182983398,0.158685564994812,-0.15872527658939362,0.5173283815383911,0.19971799850463867,0.6812276244163513,0.17689821124076843,0.12744879722595215,-0.2723303735256195,0.07417614012956619
0.2709820866584778,-0.5153371095657349,0.13048230111598969,0.5015709400177002,0.16539618372917175,0.2107865810394287,0.04206601157784462,0.0577736459672451,-0.47236159443855286,-0.11112751066684723,0.2714638411998749,-0.0795949324965477
-0.019179437309503555,-0.18736697733402252,-0.037100497633218765,0.3843728303909302,-0.46509218215942383,0.22289179265499115,0.1272670179605484,-0.5747493505477905,0.28236666321754456,0.27488815784454346,-0.21740517020225525,-0.017959920689463615
0.2641511559486389,0.22843904793262482,-0.23148798942565918,-0.0943477526307106,0.1049460619688034,0.16141195595264435,0.5355879068374634,-0.21827538311481476,-0.28508496284484863,-0.21288059651851654,-0.1989094465970993,0.5270922183990479
-0.17680272459983826,-0.39342373609542847,0.09824419766664505,-0.05073715001344681,-0.26131877303123474,-0.4492240846157074,0.20914939045906067,0.1523493230342865,-0.18597331643104553,-0.31524690985679626,-0.5649021863937378,-0.10774362087249756
-0.5117149949073792,0.16983181238174438,0.09857954829931259,0.22102315723896027,-0.1799892634153366,0.22423964738845825,-0.3834420442581177,-0.09781669080257416,-0.12071917951107025,-0.5399680733680725,0.0558660626411438,0.3196881115436554
-0.10492077469825745,0.49004778265953064,0.5471093654632568,0.28766968846321106,-0.089796282351017,-0.33903297781944275,0.2209404706954956,-0.06451205909252167,-0.32050472497940063,0.2821338474750519,0.08893517404794693,-0.023389646783471107
-0.3039340376853943,0.18638472259044647,-0.20213496685028076,0.3352382183074951,0.6284916996955872,0.0925123542547226,0.08834388852119446,-0.11439135670661926,0.03649678826332092,-0.04265867918729782,-0.3766978085041046,-0.38747668266296387
-0.027921905741095543,0.08094202727079391,-0.546935498714447,0.5073851943016052,-0.12823638319969177,-0.42537179589271545,0.10147268325090408,0.3114241063594818,0.1944483071565628,-0.00274328188970685,0.22981560230255127,0.20196841657161713
0.0842643529176712,-0.10316125303506851,-0.03187010809779167,0.09593552350997925,0.18987509608268738,-0.11996810138225555,-0.5247759222984314,0.04243773967027664,-0.20207953453063965,0.4533408582210541,-0.4201906621456146,0.47062551975250244
0.13170519471168518,0.3009483814239502,-0.4315190017223358,-0.053727034479379654,-0.4046874940395355,0.15990784764289856,-0.21617034077644348,0.0644160732626915,-0.5229569673538208,0.07240993529558182,-0.11296608299016953,-0.4138609766960144
