7.177028749083547e-08,7.279810887439453e-08,-8.872272161397632e-08,-1.2230691481818212e-07,-9.663839506401928e-08,-8.816734720085151e-08,4.9826429204813394e-08,9.329757943987715e-08,2.0615257767531148e-07,1.0000026226043701,7.221075293273316e-08,7.523664180553169e-08,-2.3882435584710038e-08,1.1611530936761483e-07,4.2596802529715205e-08,1.718470628020441e-07
2.409361172794888e-07,-1.7089726966901253e-08,4.8390649709517675e-08,1.6888625964384119e-07,8.954027208574189e-08,2.608639988466166e-07,8.065484280450619e-08,-5.7464603742118925e-08,1.1203310634755326e-07,-3.722535524275372e-08,2.3922195335757124e-09,-6.711621125532474e-08,2.4265588649541314e-07,1.6477233089062793e-07,0.9999979734420776,1.1381038689251e-07
1.8379670052581787e-07,0.9999988675117493,1.6322562146342534e-07,4.484789073444517e-08,1.8128739043277164e-07,-3.142298510283581e-08,2.7255785539637145e-07,4.5816523908115414e-08,9.671746425965466e-08,4.9114458278154416e-08,6.219690540376632e-09,1.1364416252490628e-07,1.5111743323359406e-07,9.416536528306096e-08,-4.353761351438834e-09,4.784484985975723e-08
3.831171682122658e-07,8.216561298013403e-08,-3.3090010731484654e-08,1.8262724665873975e-07,-1.436639252005989e-07,-1.0647296022625596e-07,4.575086975933118e-08,3.389824954069809e-08,5.717077655731373e-08,7.152390679721066e-09,-9.426810265722452e-08,1.634594752886187e-07,-7.483123454221641e-08,-3.200020870508524e-08,-1.4164875494770968e-07,0.9999992251396179
0.9999998807907104,1.990890439174109e-07,3.739507548061738e-08,1.323111433748636e-07,-3.5900907136010574e-08,-1.271389882262497e-09,-1.3990195668611705e-07,9.39816189315934e-08,-1.1937468968881149e-07,-1.3241039198419458e-07,1.8599546081077278e-07,5.013150783383935e-08,2.035877031403288e-07,7.359614784263613e-08,-1.412587806726151e-07,-2.1446535924951604e-07
6.779634276199431e-08,2.1311763021003571e-07,3.1243621378962416e-07,-3.182977366122941e-07,4.493275582717615e-07,2.4703901146949647e-08,-7.077233021846041e-08,-2.565073131677309e-08,1.0234509772999445e-07,3.411519955420772e-08,4.064007157467131e-07,1.0000003576278687,-3.736325382419636e-08,-9.438331716182802e-08,3.3360274187543837e-07,3.864191100433345e-08
1.603793862159364e-07,1.9430695274991194e-08,1.000001311302185,1.1174152803050674e-07,4.7128200009183274e-08,1.3272325816160446e-07,5.175994299833064e-09,5.007819581237527e-08,-6.181451084330547e-08,-4.835671774117145e-08,1.4111994062204758e-07,4.799509056852003e-08,9.710244341931684e-08,-7.235212962086734e-08,-6.456171774971153e-08,5.7365465266912e-08
-8.640022031158878e-08,-1.0730932809011051e-09,-3.0274019735543334e-08,6.292383503136989e-09,-7.706670857032805e-08,-4.38976741179431e-07,-1.0249189585920249e-07,-3.267311754484581e-08,0.9999985098838806,-4.450266644084877e-08,-1.3027282363964332e-07,1.7558791398641915e-07,1.264767224284924e-08,-7.529318679644348e-08,2.7039023464681122e-08,1.1738931249283269e-07
-9.610339191112871e-08,1.1153461088042604e-07,6.974185851049697e-08,5.8442005013148446e-08,0.9999977946281433,-1.1238240915645292e-07,-7.472679897091439e-08,-7.09989356195706e-09,1.5034441247507857e-08,5.115636270147661e-08,7.080745234588903e-08,2.2708536562277004e-07,9.990318972086243e-08,1.0043392251191108e-07,-3.849538998679236e-08,-7.939895851905021e-09
-1.3082809857678512e-07,1.0775163161724777e-07,-1.8540036705871898e-07,-3.3851512171167997e-07,1.750750442397475e-07,2.4517854058103694e-07,7.460894835276122e-08,-6.6042318280779e-08,-1.1233480989858435e-07,1.0132072247870383e-07,1.0000015497207642,6.781819905654629e-08,1.5203518444195652e-07,5.956962922937237e-08,1.5173637279985996e-07,-4.581811552384352e-08
3.6030368022466064e-08,2.862263670522225e-07,1.4140719883926067e-07,-5.094815236361683e-08,-4.3270826921570915e-09,-1.411642642779043e-07,-9.36704651621767e-08,1.0000020265579224,-1.8528349698954116e-07,-2.300678971778325e-07,1.070962696303468e-07,5.867796559755334e-08,1.366038304695394e-07,3.630573530699621e-08,-3.365896361628984e-07,9.570557324423135e-08
5.936445290899428e-08,-1.2660528625474399e-08,-1.315409576818638e-07,9.532402422962605e-09,9.598790740028562e-08,0.9999976754188538,-1.2376677460679275e-08,5.53699486260939e-08,5.091230903531141e-08,-6.700195598341452e-08,-6.349431203034328e-08,-7.852338512748247e-08,7.604783291981221e-08,9.798904798685726e-09,-1.1107574238167217e-07,1.8237095389395108e-07
-2.8763309956048033e-07,9.770359810090667e-08,3.0407815643229696e-07,-2.0217745699824263e-08,-1.5081556625773374e-07,7.163432513834778e-08,-7.757946463016197e-08,-3.431806305798091e-07,-4.9785377598254854e-08,-2.4938362486182086e-08,8.79126531572183e-08,-1.995181264646817e-07,-1.1349978734642718e-07,1.0000003576278687,-1.081366178823373e-07,1.4121714286829956e-07
1.0217052093253187e-08,8.442077614745358e-08,-3.962824450809421e-07,-9.473437501128501e-08,-5.0773412141325025e-08,7.129817447548703e-08,1.0000014305114746,1.979871555590762e-08,-1.0260923222205065e-09,-2.3699082873918087e-07,-2.147069579905292e-07,1.6363685517717386e-08,-1.6280817760616628e-07,-2.343039717800366e-08,-1.24144165170037e-07,-1.1906664809657741e-07
-3.429460448955979e-08,1.7943911245765776e-08,1.0382004234088527e-07,-2.3816018313027598e-07,2.181595561978611e-07,-5.5584319369472723e-08,4.564741828971819e-08,-3.919438107402584e-09,-2.925800401953893e-08,-1.242492260189465e-07,-1.1656779719260157e-07,-2.367869740282913e-07,1.0000009536743164,8.35596551951312e-08,-9.974241876875567e-09,-7.625462217220047e-08
5.55903190146978e-09,7.172775440267287e-08,2.3305901208914293e-07,0.9999977946281433,1.0493133828504142e-07,-3.7685463638581496e-08,1.2236986890457047e-07,1.3923306951824088e-08,1.8779181232275732e-07,3.4428047968049214e-08,9.521781407784147e-08,-1.0184907495158768e-07,1.9493718639296276e-08,6.8215015858186234e-09,1.9767172432239022e-07,-9.31860277830765e-09
