-0.03428138792514801,-0.08141953498125076,0.15700064599514008,-0.42615798115730286,0.12820743024349213,0.16137266159057617,-0.19083887338638306,-0.20491591095924377,-0.038355257362127304,0.3597358763217926,-0.05830788612365723,-0.4221472144126892,-0.08806818723678589,0.32683318853378296,0.4422912895679474,0.20581859350204468
-0.119485042989254,0.10123847424983978,-0.05529814958572388,-0.4539097249507904,0.22184531390666962,0.07253564149141312,0.03244618698954582,-0.09683869779109955,0.2516385018825531,-0.21009434759616852,0.6609598994255066,0.11945788562297821,-0.118138886988163,0.20594772696495056,-0.22213809192180634,-0.19276800751686096
0.45635536313056946,0.18877850472927094,-0.10669230669736862,0.21594132483005524,0.522653341293335,-0.23471508920192719,0.45604193210601807,0.011167805641889572,-0.0033197510056197643,-0.054815229028463364,-0.008330523036420345,-0.22660711407661438,-0.10446351021528244,0.26140734553337097,-0.012631312012672424,0.1670028120279312
0.09176310151815414,-0.11714476346969604,0.2963220179080963,0.024439392611384392,0.360893189907074,-0.1739712804555893,-0.20696359872817993,-0.021522216498851776,0.0019890530966222286,-0.2275128960609436,0.09069522470235825,-0.3289993703365326,0.02539684996008873,-0.5247048139572144,0.23919245600700378,-0.4292314648628235
-0.23990608751773834,-0.05169106647372246,-0.3259563148021698,0.31185275316238403,0.4141896367073059,0.3941516876220703,-0.38943058252334595,0.148933544754982,-0.17805130779743195,-0.33635184168815613,0.04479146748781204,0.0395134873688221,0.07503882795572281,0.13388346135616302,0.14791084825992584,0.20418508350849152
-0.3028576970100403,0.3185422420501709,0.08062201738357544,-0.052447497844696045,0.10755544155836105,0.028181077912449837,0.2008432000875473,-0.34972551465034485,-0.392652302980423,-0.15511026978492737,-0.3504227101802826,0.15418687462806702,0.022114992141723633,0.25231948494911194,0.07256558537483215,-0.4778311848640442
-0.10561906546354294,-0.1686064898967743,0.42033183574676514,0.16098731756210327,-0.10379154980182648,-0.20194457471370697,-0.08054210245609283,0.16524046659469604,0.46261677145957947,-0.36804619431495667,-0.16268621385097504,-0.016749659553170204,0.16625642776489258,0.5090208053588867,0.08939287066459656,-0.03898708149790764
0.01945086196064949,0.39357790350914,0.1970454752445221,0.5207614898681641,-0.1165320947766304,0.12706351280212402,-0.07113242894411087,-0.25097227096557617,0.21333111822605133,0.24065612256526947,0.3468022644519806,0.18391545116901398,-0.20447634160518646,-0.0002174440014641732,0.36868900060653687,-0.04080906882882118
-0.16658106446266174,0.1482272446155548,0.04495208337903023,-0.27172228693962097,0.03625927492976189,0.06301183253526688,0.41551411151885986,0.005773947574198246,0.1857883334159851,-0.30111971497535706,-0.07777760177850723,0.23295283317565918,0.15447987616062164,-0.3449593782424927,0.4594975411891937,0.39616942405700684
0.01468738168478012,-0.5006073713302612,-0.3549336791038513,0.1556592732667923,-0.03636786341667175,-0.14093507826328278,0.14845623075962067,-0.5503625869750977,0.0849720910191536,0.04764808714389801,0.16042721271514893,0.04060986638069153,0.4211640954017639,0.05620243027806282,0.1671345978975296,-0.08658120036125183
0.0235463697463274,-0.04776550829410553,-0.25419431924819946,-0.046166811138391495,-0.3698504865169525,-0.45004159212112427,-0.07413766533136368,0.09593517333269119,-0.3376511335372925,-0.3292433023452759,0.2011459469795227,-0.04699576646089554,-0.40684813261032104,0.11957162618637085,0.3617442846298218,0.02514987252652645
-0.5714395046234131,0.08209864050149918,0.08863145858049393,0.14088402688503265,0.12969638407230377,-0.4186047315597534,-0.07356921583414078,-0.3181784152984619,0.028272707015275955,0.02395360916852951,0.007092113606631756,-0.2141881138086319,-0.1442948579788208,-0.13738779723644257,-0.31814005970954895,0.39000260829925537
-0.2752995491027832,-0.18516571819782257,-0.3881661593914032,0.029043439775705338,0.1431037336587906,0.012748504988849163,0.14336156845092773,0.15690213441848755,0.45632147789001465,0.19318926334381104,-0.29165947437286377,0.008952264674007893,-0.4858311712741852,-0.05593063682317734,0.13184775412082672,-0.29215380549430847
-0.09603740274906158,-0.056309882551431656,0.020072299987077713,0.16563686728477478,-0.3406575620174408,0.48063814640045166,0.36514046788215637,-0.08903976529836655,0.004036518279463053,-0.2853729724884033,0.09166397899389267,-0.5907573699951172,-0.12143808603286743,-0.04144730046391487,-0.12190811336040497,-0.035698045045137405
-0.2409759908914566,-0.48427262902259827,0.39176619052886963,0.13420958817005157,0.16590330004692078,0.048430368304252625,0.3632555902004242,0.2563167214393616,-0.35272088646888733,0.21337772905826569,0.25668421387672424,0.2147146463394165,-0.14393436908721924,0.05459186062216759,0.049481071531772614,0.01785227470099926
0.3300151824951172,-0.3044838309288025,0.19956596195697784,-0.04102740436792374,0.056269772350788116,0.1874658763408661,-0.12939362227916718,-0.44905027747154236,0.024200279265642166,-0.2736971080303192,-0.21964989602565765,0.2988516390323639,-0.4817357659339905,-0.057172682136297226,-0.14407268166542053,0.17612890899181366
