-1.1345668582407598e-07,1.000000238418579,-7.45493409226583e-08,-4.5681698424004935e-08,2.931564146990695e-08,2.5229613243027416e-07,3.5580566759563226e-07,-2.0241339271365177e-08
1.6115644996261835e-07,-5.693168958487149e-08,-2.153979750119106e-07,-2.926426816429739e-07,1.0000003576278687,-2.1939436578577443e-07,-4.786143481538829e-09,-1.9112597726689273e-08
-6.392784257513995e-08,9.241693277317609e-08,1.7565318444212608e-07,4.934126351940904e-08,3.2639698588354804e-07,9.449670557160061e-08,0.999998927116394,1.1811720668220005e-07
-1.1372075192639386e-07,-5.6102660295209716e-08,1.0000015497207642,-1.8273533441970358e-07,-8.128997563972007e-08,7.105197852297351e-08,-5.913784306699199e-08,-1.097447110964822e-07
2.0783222964837478e-07,-1.5594251578932017e-07,-6.894362769571671e-08,1.0000025033950806,3.391719261003345e-08,-1.0490526847206638e-07,-1.1118059006776093e-07,-6.107956096457201e-08
-1.0207651257587713e-07,-2.257283711060154e-07,1.1778322317468337e-07,-1.520412062916421e-08,3.5856210445217584e-08,2.589378311768087e-07,2.7170071348336933e-07,1.000001072883606
0.9999980926513672,-5.637322164631087e-09,1.597680210352337e-07,2.6769603422849286e-08,-7.769230592202803e-08,5.905277689066679e-08,2.362954454326882e-08,-1.328615439888381e-09
8.65411298178742e-09,-4.323130742278636e-09,-2.2815021338828956e-07,-6.75325821930528e-08,-1.058522869357148e-07,1.0000020265579224,-8.359160119653097e-08,6.66434445406594e-08
