-0.33085307478904724,0.21915777027606964,-0.2888850271701813,-0.10887023061513901,0.3440732955932617,-0.1883493810892105,-0.5106545090675354,-0.36406195163726807,0.09995989501476288,0.052666228264570236,-0.2670673131942749,0.3404969573020935
0.04419197887182236,-0.2562817931175232,0.08778280019760132,0.23629097640514374,-0.19816382229328156,0.02517028898000717,0.15252673625946045,-0.4531715214252472,0.13860592246055603,0.6257033348083496,-0.4110555350780487,-0.14357584714889526
0.0025296539533883333,-0.2977079451084137,-0.4018457233905792,0.0987645611166954,-0.007346139755100012,0.4435913860797882,-0.010296247899532318,-0.39613211154937744,0.052311431616544724,-0.5386638045310974,-0.07873351871967316,-0.29526403546333313
0.13958773016929626,-0.7625679969787598,-0.08812982589006424,0.11519240587949753,0.2382725179195404,0.021846918389201164,-0.24528281390666962,0.18379123508930206,-0.2227969765663147,0.15198151767253876,0.16203536093235016,0.3574691116809845
-0.44093209505081177,-0.08543460071086884,0.28077903389930725,-0.2019176483154297,-0.18440017104148865,-0.029506700113415718,0.1073555201292038,-0.3833010196685791,-0.6731549501419067,-0.06153954192996025,0.15978090465068817,0.0538540780544281
-0.07624326646327972,-0.02474433183670044,-0.1491054892539978,0.10893674194812775,-0.7406668663024902,-0.012638174928724766,-0.22566455602645874,0.2809407711029053,-0.08840422332286835,-0.17179594933986664,-0.39418527483940125,0.2969217896461487
0.25195515155792236,-0.17656287550926208,0.13481789827346802,-0.10842994600534439,0.02090432494878769,-0.5971924662590027,-0.34287339448928833,-0.005502371117472649,-0.16395016014575958,-0.1933295726776123,-0.22733895480632782,-0.5336722731590271
-0.37819015979766846,-0.32868507504463196,0.27952367067337036,-0.6102214455604553,-0.024915877729654312,0.20590543746948242,-0.08369455486536026,0.19869498908519745,0.41443198919296265,0.015323086641728878,-0.1452767699956894,-0.12585799396038055
0.22392147779464722,0.15583667159080505,0.6375362277030945,0.2075013816356659,0.20643174648284912,0.44305646419525146,-0.30219244956970215,-0.02307838574051857,-0.12249467521905899,-0.16344667971134186,-0.30386772751808167,0.10602942109107971
-0.028393642976880074,-0.08173449337482452,0.30904343724250793,0.24987179040908813,-0.30808553099632263,-0.17918460071086884,-0.2963799834251404,-0.31303322315216064,0.4540945291519165,-0.13962773978710175,0.5334794521331787,0.10684981197118759
0.1963883638381958,0.19500266015529633,-0.2005492001771927,-0.2462400645017624,-0.2224627137184143,0.3684720993041992,-0.5109283328056335,0.0017977753886952996,-0.1878277063369751,0.40587666630744934,0.3076472282409668,-0.28561708331108093
-0.6106013059616089,0.0063156126998364925,-0.00563908601179719,0.5535329580307007,0.12184365093708038,0.048964641988277435,-0.168739452958107,0.327890008687973,-0.0484929233789444,0.10298207402229309,0.04439247027039528,-0.3905628025531769
