-0.11781275272369385,-0.26277053356170654,-0.741916835308075,0.02941174805164337,-0.3060573935508728,-0.012652149423956871,0.11956584453582764,-0.17181850969791412,0.3671967387199402,0.13326774537563324,0.2744479775428772,-0.014310489408671856
0.19678497314453125,0.43164321780204773,-0.1280127316713333,0.1963759958744049,-0.298759400844574,0.20942437648773193,-0.17122593522071838,0.18201525509357452,0.34966352581977844,-0.2460312694311142,-0.3760131299495697,-0.4475097954273224
0.018755383789539337,-0.23092064261436462,0.12356556951999664,0.06645672768354416,-0.3032887876033783,0.6532753109931946,0.3898265063762665,-0.23538006842136383,-0.2768091857433319,-0.35075658559799194,0.028982223942875862,-0.005166490562260151
0.17792506515979767,0.4530440866947174,-0.11912918090820312,-0.04631427302956581,-0.15730391442775726,-0.058504898101091385,-0.3900362253189087,-0.6472777724266052,-0.2873972952365875,-0.06978286057710648,0.20504224300384521,0.13410566747188568
-0.2573651373386383,-0.20256949961185455,0.478080153465271,-0.25796985626220703,-0.3124052584171295,-0.11059620976448059,-0.29230228066444397,-0.07523825764656067,0.2983177900314331,-0.16789644956588745,0.407182902097702,-0.3372077941894531
0.1790495365858078,-0.08755839616060257,-0.12399531900882721,0.2903251051902771,0.06379455327987671,0.3233228623867035,-0.41019973158836365,0.43925371766090393,-0.3110092580318451,0.16346375644207,0.4955016076564789,-0.1477382630109787
0.5270119905471802,-0.4411119520664215,-0.0799621120095253,-0.15295220911502838,-0.00898455735296011,-0.10856622457504272,-0.3218879699707031,0.0909472405910492,0.1258445680141449,-0.46752193570137024,-0.13695043325424194,0.34780627489089966
-0.11743272095918655,0.4271133840084076,-0.16600225865840912,-0.266269326210022,0.22302229702472687,-0.005506872199475765,0.2605074942111969,0.2977316081523895,0.074394591152668,-0.5353668332099915,0.4281143248081207,0.15366923809051514
0.5146417617797852,0.2151375561952591,0.29884058237075806,-0.06031571701169014,-0.2635946571826935,0.10537686944007874,0.27261611819267273,0.08185288310050964,0.3387836217880249,0.4009513258934021,0.2527001202106476,0.3080848753452301
-0.02581261284649372,-0.015511923469603062,-0.010481524281203747,-0.2536044418811798,0.571721613407135,0.5625966191291809,-0.21433301270008087,-0.2619008421897888,0.3978075087070465,0.13178697228431702,-0.031088383868336678,-0.013020254671573639
-0.27226153016090393,0.029520289972424507,0.18464623391628265,0.7422376275062561,0.07190798968076706,0.0011088057653978467,-0.10842183232307434,-0.10005601495504379,0.31545308232307434,-0.18958736956119537,0.0873345285654068,0.412272572517395
0.4311709702014923,-0.11384332925081253,0.04814276844263077,0.3000115752220154,0.38384586572647095,-0.26378801465034485,0.3083799481391907,-0.2866249680519104,0.06368087977170944,-0.14010606706142426,0.2336694598197937,-0.48615509271621704
