0.27554962038993835,0.1332530379295349,-0.029368657618761063,0.18625010550022125,0.0887008085846901,-0.11981415003538132,-0.5836900472640991,-0.0378815159201622,0.10622651129961014,0.11335929483175278,0.2423899918794632,0.11661377549171448,-0.22464501857757568,-0.41534745693206787,-0.3604426085948944,0.2388058602809906
0.12752209603786469,0.5470603704452515,-0.06747475266456604,-0.20436909794807434,-0.19478768110275269,-0.0467810295522213,-0.010908189229667187,-0.3802001178264618,0.4608173668384552,-0.07935824245214462,-0.16874133050441742,-0.30782848596572876,-0.12465444952249527,0.13440358638763428,-0.12108805030584335,-0.25138381123542786
-0.22624686360359192,0.2611687183380127,-0.010767243802547455,-0.18339943885803223,-0.09615788608789444,0.13397972285747528,0.2640465497970581,-0.06788301467895508,0.21442201733589172,0.3234602212905884,-0.24400489032268524,0.2898394763469696,0.13713954389095306,-0.42857617139816284,0.15752196311950684,0.47316041588783264
-0.21524447202682495,0.1369950771331787,-0.26454612612724304,0.378421813249588,0.022667400538921356,0.0838874951004982,-0.25393906235694885,-0.40161991119384766,-0.24639983475208282,-0.20411145687103271,-0.29570719599723816,0.28687983751296997,-0.2824195623397827,0.15178580582141876,0.33164283633232117,0.05896678939461708
-0.2492188811302185,-0.04130306467413902,0.013808023184537888,-0.052956923842430115,-0.07603483647108078,-0.6070482134819031,0.3537799119949341,-0.32546916604042053,-0.026607997715473175,-0.19621828198432922,0.3911561667919159,0.18600337207317352,-0.1538470834493637,0.06563346087932587,-0.18627314269542694,0.19576439261436462
0.30860596895217896,0.012777954339981079,0.1450011432170868,-0.0698671042919159,0.21876540780067444,-0.3261783719062805,-0.16307741403579712,0.17487549781799316,0.3366764783859253,-0.022452758625149727,-0.01324111595749855,0.036760203540325165,0.00922812893986702,0.3912753760814667,0.4971413016319275,0.3893003463745117
0.27235716581344604,-0.08931362628936768,-0.3655654788017273,0.3057272732257843,0.3068825602531433,-0.11046329885721207,0.4337664544582367,0.2037431001663208,0.18164584040641785,-0.01879526488482952,-0.405815064907074,0.08167116343975067,-0.19551759958267212,0.02271519973874092,-0.33221858739852905,0.02959476225078106
0.13274720311164856,0.15234005451202393,0.09498115628957748,-0.3594275116920471,-0.034023236483335495,-0.1572200059890747,-0.1468367874622345,0.08666511625051498,-0.2042471021413803,0.19983623921871185,-0.21280646324157715,0.6503536105155945,0.08432802557945251,0.27550646662712097,-0.24329347908496857,-0.2718636691570282
0.1842382699251175,-0.35331612825393677,-0.4015558362007141,-0.0026381455827504396,-0.21431413292884827,0.17556080222129822,0.009453109465539455,-0.1449068784713745,0.44865068793296814,-0.03748946636915207,0.3152753412723541,0.38529542088508606,0.13785836100578308,-0.06285405158996582,0.20091737806797028,-0.2612708508968353
-0.29333269596099854,0.27892005443573,-0.30234307050704956,-0.031207507476210594,0.15621210634708405,0.03818485140800476,0.05270875617861748,0.3285920321941376,0.01764446496963501,0.4556451439857483,0.37409716844558716,-0.029098480939865112,-0.42507699131965637,0.15624192357063293,0.15586531162261963,-0.1704336404800415
0.21544037759304047,-0.10452307015657425,0.10325592011213303,0.2873097062110901,-0.7722156643867493,-0.02967895194888115,0.08133112639188766,0.0940743088722229,-0.08244168758392334,0.319472074508667,-0.06492244452238083,-0.0547591969370842,-0.2296048402786255,0.19988133013248444,-0.017747506499290466,0.1665336638689041
0.024989480152726173,-0.43751540780067444,0.05137935280799866,-0.4215964078903198,0.17755773663520813,0.34490346908569336,-0.028860943391919136,-0.35062387585639954,0.026047037914395332,0.18646728992462158,-0.05764024332165718,-0.07697136700153351,-0.41620728373527527,0.21307317912578583,-0.17327472567558289,0.2448870986700058
0.11231356114149094,-0.14287474751472473,-0.5257974863052368,-0.45281004905700684,-0.18242335319519043,-0.3539045751094818,-0.13813258707523346,0.10631120949983597,-0.28740212321281433,-0.057810619473457336,-0.20104454457759857,-0.23679505288600922,-0.07360638678073883,-0.2703026533126831,0.18701626360416412,0.025942254811525345
0.10440672934055328,0.28273382782936096,-0.3882075548171997,-0.10079154372215271,-0.09995543956756592,0.3393145799636841,0.017154231667518616,0.12114910036325455,-0.17744724452495575,-0.27038562297821045,0.25028884410858154,0.0019323647720739245,0.266618013381958,0.33831340074539185,-0.24588502943515778,0.4415363073348999
-0.08416655659675598,-0.1055748388171196,-0.24963758885860443,0.19952143728733063,0.14700710773468018,-0.21718917787075043,-0.12505483627319336,-0.34578242897987366,-0.03903915360569954,0.5558814406394958,-0.03103243187069893,-0.21312950551509857,0.5131547451019287,0.21016423404216766,-0.10197003930807114,0.029046867042779922
0.6029258966445923,0.21555882692337036,0.0718303844332695,0.009374352172017097,0.1800037920475006,0.08350986242294312,0.34377560019493103,-0.3102753758430481,-0.39524421095848083,0.15480506420135498,0.22744342684745789,0.005864021833986044,-0.029354458674788475,-0.15323051810264587,0.26149457693099976,-0.07919730246067047
