-1.2503315716116958e-08,2.2635587981767458e-07,2.3343228860994714e-07,6.394221685468437e-08,1.0000007152557373,-2.156835066102758e-08,-3.148480587356062e-08,-1.8253757616548683e-07
6.482249403916285e-08,3.2711997732803866e-07,0.9999993443489075,2.410127706298226e-07,-9.692345059875151e-08,4.178228962814501e-08,1.8630627707239e-08,7.60796581289469e-08
-4.811704457097221e-07,0.9999975562095642,-5.088508032713435e-07,-6.106920835691199e-08,-1.1864598548072536e-07,6.67739428195091e-08,-1.7949075115097912e-08,-8.891654346143696e-08
0.9999997615814209,8.451759470062825e-08,-3.9861969725052404e-08,-7.714734806540946e-08,3.7071714587000315e-07,-2.348878354041517e-07,4.9315836747609865e-08,1.1239900743476028e-07
2.2183161263455986e-07,-1.0137562611589601e-07,6.20963831465815e-08,1.2276950656087138e-07,1.698876772593394e-08,1.000001072883606,8.708016707714705e-08,-1.6395031998683862e-09
-1.2217145517467998e-08,-6.486307313480211e-08,1.3230904016836575e-07,1.0000014305114746,7.265646218002075e-08,-1.2760418144353025e-07,-2.4267949427780877e-08,-7.554587710956184e-08
5.0050580568949954e-08,1.4531261172123777e-07,-1.7251350925562292e-07,2.5781782042599843e-08,-3.2509635872202125e-08,-9.003952783359637e-08,1.5643840001189346e-08,0.9999977946281433
6.593331391968604e-08,-1.1382019948769084e-07,-2.6710520018013995e-08,-2.073033442684391e-07,7.395362899842439e-08,-8.65515801251604e-08,0.9999975562095642,1.2547201322377077e-07
