-1.7437832511291163e-08,-5.927095259039561e-08,-8.975062826266367e-08,-3.949325844132545e-08,3.3982260561060684e-07,2.0648279530632863e-07,8.489384306642478e-09,0.9999979734420776
7.443228611236918e-08,1.0796428995263341e-07,-4.374603790324727e-08,1.2811618432806426e-07,-1.2513578617756593e-08,-9.606209516732633e-08,1.000002145767212,1.407816654364069e-07
0.9999980926513672,5.614124631847517e-08,-1.440680534869898e-07,1.846456321175083e-08,-8.959642627814901e-08,2.4725324010432814e-08,6.358280302265484e-08,-6.306854061222111e-08
7.447280125916222e-08,9.82130359261646e-08,2.475683231750736e-07,1.1895789953086933e-07,1.0000007152557373,1.2492336054492625e-07,6.437611688170364e-08,1.8535978085765237e-07
6.767004379071295e-08,-1.6183397733016136e-08,0.9999994039535522,4.267836573035311e-08,8.788695282646586e-08,-6.07708372513116e-08,7.221088793585295e-08,-1.543212135857175e-07
-8.772273218937698e-08,1.4459850206094416e-07,-1.5505446526731248e-07,8.247008764783459e-08,-1.28475363680991e-07,0.9999986886978149,-1.969024623349469e-07,-1.1149205647598137e-07
1.0527119798098283e-07,0.9999992251396179,-2.847204996214714e-07,1.575668591158319e-07,7.688903025382388e-08,1.0111702586357296e-08,2.834590517863944e-08,4.098859562873258e-08
2.202965809772195e-09,1.3365298912049184e-07,2.4261343156695148e-08,1.0,-3.2519618997639554e-08,-5.481771125914747e-08,-2.2290482348807927e-08,-6.951314190928315e-08
