-0.5397886633872986,0.2895275950431824,-0.08677513152360916,0.15571293234825134,-0.006217026151716709,-0.11978458613157272,-0.22930921614170074,-0.24754513800144196,0.21204179525375366,0.2585066556930542,0.5123199820518494,0.30086106061935425
0.11469410359859467,0.5179078578948975,-0.02936823107302189,0.2593834400177002,-0.13947640359401703,-0.15941716730594635,0.05108445882797241,-0.3195563852787018,0.3157755434513092,-0.49112993478775024,-0.3808150291442871,0.12222524732351303
0.15061375498771667,0.3585893213748932,-0.12388762831687927,-0.4354540705680847,-0.2837810516357422,0.27926576137542725,0.24938271939754486,0.4435747563838959,0.11850864440202713,-0.14751707017421722,0.28802385926246643,0.3279108703136444
-0.09985781461000443,0.44538530707359314,-0.04841712862253189,-0.16951851546764374,0.6668369770050049,0.11217740923166275,-0.20791487395763397,0.18064962327480316,-0.25932741165161133,0.13268812000751495,-0.3405257761478424,0.16323767602443695
-0.14618803560733795,-0.211150124669075,-0.4755629301071167,-0.06410733610391617,-0.19804945588111877,0.07571898400783539,0.3405504524707794,-0.2871483564376831,-0.21018393337726593,0.26211532950401306,-0.37779518961906433,0.45252588391304016
0.3037228584289551,-0.2536938488483429,-0.16630125045776367,0.2445545494556427,0.022306637838482857,-0.4116488993167877,-0.3924437165260315,0.3251121938228607,-0.10874602198600769,-0.17466628551483154,0.06921149045228958,0.5283409357070923
-0.1975557953119278,-0.056421101093292236,0.017622927203774452,0.4759939908981323,-0.1553206443786621,0.36401984095573425,-0.0835818275809288,0.4909270405769348,0.39425262808799744,0.2515426576137543,-0.32794150710105896,0.004967518150806427
-0.22874516248703003,-0.14778588712215424,-0.09602884948253632,0.19202762842178345,0.008167289197444916,0.606436550617218,-0.21751651167869568,-0.12350600212812424,-0.3389231264591217,-0.5578820705413818,0.14208808541297913,0.05520283058285713
-0.24739427864551544,-0.24274149537086487,0.551968514919281,0.052616871893405914,0.3255023956298828,-0.06439178436994553,0.4932510554790497,0.05382762476801872,0.11794859915971756,-0.2095915824174881,0.013110561296343803,0.39765802025794983
0.080595001578331,0.35787999629974365,0.2287146896123886,0.47562170028686523,-0.23445746302604675,-0.07559990882873535,0.28039708733558655,0.11906111240386963,-0.6217365860939026,0.18079590797424316,0.11732883751392365,-0.020211026072502136
-0.5031336545944214,0.003115454688668251,0.2832968831062317,-0.3470967411994934,-0.44473618268966675,-0.27124252915382385,-0.27839407324790955,0.17623358964920044,-0.21642141044139862,-0.1447134166955948,-0.3131493330001831,-0.01859169453382492
0.3701381981372833,0.0033881510607898235,0.5228107571601868,-0.11530712991952896,-0.1807737648487091,0.3328154385089874,-0.34011781215667725,-0.33862438797950745,0.020414521917700768,0.2851705253124237,-0.07960869371891022,0.33836448192596436
