0.36270079016685486,-0.3008675277233124,0.5376739501953125,0.05422321707010269,-0.20179346203804016,-0.42867565155029297,0.01632027141749859,0.4753311276435852,0.11483021825551987,-0.13991035521030426,0.01939682848751545,0.04543977975845337
-0.09362971782684326,0.30569133162498474,0.07438687980175018,-0.03236893191933632,0.24917463958263397,0.19025756418704987,0.10888788104057312,0.44888758659362793,0.1523580700159073,0.04885537549853325,-0.7243497371673584,0.1711103618144989
0.3202632963657379,0.39185523986816406,0.3489474058151245,-0.059347521513700485,-0.19112356007099152,0.10609086602926254,0.48413243889808655,-0.1909717470407486,-0.14792752265930176,0.5102071166038513,0.05346818268299103,-0.12208458036184311
-0.13136079907417297,0.24588918685913086,-0.20761822164058685,0.134617418050766,-0.4877544045448303,0.2736026346683502,0.00824211910367012,0.4311513900756836,0.4054306149482727,-0.030217720195651054,0.26503893733024597,-0.35609060525894165
0.20469675958156586,-0.21098922193050385,0.03998539596796036,0.6080808639526367,-0.013873700052499771,0.07363151758909225,0.03408409282565117,-0.4279737174510956,0.4564778506755829,-0.012699123471975327,-0.332134485244751,-0.18286100029945374
0.24740827083587646,-0.19417038559913635,-0.3723650574684143,-0.35371288657188416,-0.3464249074459076,-0.17053543031215668,-0.32226550579071045,-0.031984634697437286,0.17991143465042114,0.5150811672210693,-0.2684420347213745,0.11666708439588547
0.5448020696640015,0.0741862952709198,0.028578516095876694,0.20236508548259735,0.2078665941953659,0.510227620601654,-0.46059221029281616,0.16032598912715912,-0.12584297358989716,0.06589397042989731,0.2192181795835495,0.21515394747257233
-0.01988336630165577,-0.5226728320121765,0.16276834905147552,-0.4602360129356384,0.24800719320774078,0.46534669399261475,0.2538703978061676,0.013385881669819355,0.33620309829711914,0.06652835756540298,0.12128018587827682,-0.11513315886259079
0.20524482429027557,0.13707342743873596,-0.3426939845085144,0.04734615236520767,0.14393508434295654,-0.1793575882911682,0.42634984850883484,0.011777767911553383,0.39034226536750793,-0.07901462912559509,0.283458411693573,0.5879195332527161
0.19708843529224396,0.14717333018779755,0.10549401491880417,-0.33858051896095276,-0.46175915002822876,0.25064149498939514,-0.009865062311291695,-0.2971559166908264,0.0033853163477033377,-0.6034477353096008,-0.2076062709093094,0.20500612258911133
0.38243940472602844,-0.25185492634773254,-0.4914148449897766,0.06209944933652878,-0.0008332276483997703,0.049279771745204926,0.39869287610054016,0.21074597537517548,-0.42424288392066956,-0.18975862860679626,-0.17910242080688477,-0.30182379484176636
-0.33513012528419495,-0.3704480826854706,0.053678542375564575,0.32556048035621643,-0.40484678745269775,0.2917558550834656,0.17603453993797302,0.08530285954475403,-0.2745436131954193,0.19019778072834015,-0.03417348116636276,0.49151039123535156
