-0.21051228046417236,-0.07305203378200531,-0.23826146125793457,0.33184972405433655,-0.459915429353714,0.14520004391670227,-0.5393661856651306,-0.5098363161087036
0.14819203317165375,-0.11279737204313278,-0.3792964518070221,-0.6671693325042725,-0.4878070056438446,-0.012439126148819923,0.3145161271095276,-0.19825923442840576
-0.6407642960548401,-0.054856497794389725,0.5647889971733093,-0.3728109896183014,0.06549039483070374,0.0685807541012764,0.0625581294298172,-0.33989763259887695
0.4350270926952362,0.6059496402740479,0.16390293836593628,-0.34092894196510315,0.1942615658044815,-0.00600011320784688,-0.40783044695854187,-0.31044840812683105
-0.13777124881744385,-0.3408377766609192,-0.2013968527317047,-0.26763877272605896,0.2418975979089737,-0.6885751485824585,-0.458942174911499,0.09684498608112335
0.5080037713050842,-0.7020164728164673,0.31875908374786377,-0.04584953561425209,0.13264353573322296,0.2666376233100891,-0.11805883049964905,-0.20679616928100586
-0.15973518788814545,-0.04237551987171173,-0.5468698143959045,-0.028499716892838478,0.6572020053863525,0.3060946464538574,0.14851976931095123,-0.35375356674194336
-0.17699988186359406,-0.030982011929154396,-0.11081534624099731,-0.33911025524139404,-0.021738382056355476,0.5788736939430237,-0.43965959548950195,0.5581819415092468
