0.2092173844575882,0.0781572237610817,0.3036278486251831,-0.3909101188182831,0.49689483642578125,0.17427964508533478,-0.47635143995285034,0.448253333568573
0.30432790517807007,0.287985235452652,-0.3991508185863495,-0.7007654905319214,-0.27480748295783997,-0.019746890291571617,0.29816314578056335,0.09615187346935272
-0.8076948523521423,0.1342434287071228,-0.1325698047876358,-0.14524783194065094,-0.26149165630340576,0.3033568859100342,-0.15089325606822968,0.328277587890625
0.33016932010650635,-0.48955222964286804,-0.30792930722236633,0.14877623319625854,-0.48386403918266296,0.07523654401302338,-0.4603915512561798,0.28744667768478394
0.09680619835853577,0.11321261525154114,0.7174667119979858,-0.18094250559806824,-0.5767204165458679,0.1502629816532135,-0.1141941174864769,-0.24917104840278625
-0.09553804248571396,0.04752909019589424,0.23940755426883698,0.04045141488313675,-0.16746565699577332,-0.7968172430992126,0.09644382447004318,0.5073464512825012
0.23874099552631378,0.7816631197929382,-0.12550857663154602,0.4836767613887787,-0.1177903339266777,0.10654700547456741,-0.18151134252548218,0.1553523987531662
0.163510262966156,-0.1649167686700821,0.21969665586948395,0.21110670268535614,-0.02337823621928692,0.4502255320549011,0.6278301477432251,0.5057789087295532
