0.3072611689567566,-0.2286856472492218,-0.014205755665898323,-0.25658175349235535,0.19223687052726746,-0.15323807299137115,0.027981314808130264,0.43956297636032104,-0.34195294976234436,0.36936891078948975,0.385403037071228,-0.06544668972492218,0.201250821352005,-0.1097257062792778,-0.13408799469470978,-0.23688842356204987
0.15192870795726776,0.026423826813697815,-0.02591094933450222,0.0633883848786354,0.282286673784256,0.09419563412666321,-0.5971380472183228,-0.21580395102500916,-0.0009254770702682436,0.359505295753479,-0.3536597192287445,-0.0013410189421847463,0.3282642960548401,-0.0476512685418129,0.32620882987976074,-0.09519136697053909
0.24330192804336548,0.16256996989250183,-0.3440153896808624,-0.24859370291233063,0.006968415807932615,0.0859813243150711,-0.41940951347351074,-0.02839690074324608,-0.3105491101741791,-0.2097829133272171,0.011070736683905125,0.1962793618440628,-0.17977118492126465,0.36251014471054077,-0.36750760674476624,0.2686772346496582
0.4191182553768158,0.5074185729026794,-0.25419381260871887,-0.1629890501499176,-0.0575689859688282,0.008547310717403889,0.22174568474292755,-0.17896895110607147,0.17669115960597992,0.06038821488618851,0.3173976540565491,0.2394018918275833,-0.03750007227063179,-0.1899292916059494,0.4008278548717499,0.00600046943873167
-0.18045823276042938,0.345609575510025,-0.2224147766828537,0.4325326681137085,-0.0790262296795845,0.2593231797218323,-0.1701551377773285,0.4268249571323395,-0.06065371632575989,0.03413330018520355,0.14893658459186554,-0.17629468441009521,0.17596164345741272,-0.35746893286705017,-0.09488475322723389,0.31773242354393005
0.13375362753868103,-0.2768140733242035,-0.06353673338890076,-0.15563370287418365,0.1186784878373146,0.3158690631389618,-0.15139231085777283,0.012080484069883823,-0.03555674105882645,-0.10190851986408234,-0.025988778099417686,-0.31780651211738586,-0.6418982148170471,-0.42421120405197144,0.1869131475687027,-0.007082806900143623
0.08121752738952637,-0.015732496976852417,0.12082861363887787,0.29003241658210754,0.37031638622283936,0.049327317625284195,-0.180331289768219,-0.2637373208999634,0.056468792259693146,-0.49441173672676086,0.38319987058639526,0.1179024875164032,0.139859139919281,-0.19900023937225342,-0.23639369010925293,-0.3596901595592499
0.4314118027687073,0.21596719324588776,0.21506397426128387,0.24019046127796173,-0.25622445344924927,-0.12688305974006653,0.011919966898858547,0.34013912081718445,-0.23951144516468048,-0.2863684594631195,-0.442316472530365,0.04447503015398979,-0.08272721618413925,-0.041198648512363434,0.07096955925226212,-0.33932191133499146
0.07277627289295197,-0.05794417858123779,0.5270221829414368,0.13141363859176636,0.2267325520515442,0.3893446624279022,0.1477982997894287,0.052089571952819824,-0.3259276747703552,0.01970990002155304,0.11512567102909088,0.34894025325775146,-0.03387833386659622,0.145885169506073,0.2521347403526306,0.3756810426712036
0.2646630108356476,0.20225147902965546,0.23818852007389069,-0.08653298765420914,0.5001860857009888,-0.25519508123397827,0.031853437423706055,0.2285260707139969,0.4422890543937683,-0.09252231568098068,-0.10861556977033615,-0.31176212430000305,-0.03450101613998413,0.11194624751806259,-0.11929316073656082,0.33934158086776733
0.1503463238477707,-0.15953972935676575,-0.25246620178222656,-0.06119271367788315,0.06352998316287994,0.655672013759613,0.21539892256259918,0.2552405595779419,0.3625117838382721,-0.0746280774474144,-0.1428544670343399,0.043605975806713104,0.20987778902053833,0.2719426155090332,-0.059667669236660004,-0.24108099937438965
0.033607471734285355,0.0911264568567276,0.07094015926122665,-0.25244376063346863,-0.12691974639892578,0.13541091978549957,0.07966726273298264,-0.1957463175058365,-0.30997902154922485,-0.3425707519054413,0.09042278677225113,-0.6242766976356506,0.3980070948600769,0.13184791803359985,0.22754915058612823,0.06154628098011017
-0.4378582239151001,0.03403434902429581,-0.11789358407258987,-0.3739081919193268,0.23200739920139313,-0.1549845039844513,-0.11985156685113907,0.38987356424331665,-0.021838251501321793,-0.39160817861557007,-0.06860984861850739,0.2898021340370178,0.09003721922636032,-0.08510356396436691,0.38386332988739014,-0.06306321173906326
-0.32051292061805725,0.5586197972297668,0.29889193177223206,-0.18967680633068085,0.08409705013036728,0.23409481346607208,-0.09580238908529282,0.03433254361152649,-0.034515731036663055,0.24499894678592682,0.09172277897596359,-0.13648037612438202,-0.2665422260761261,0.18735775351524353,-0.12686634063720703,-0.42091965675354004
0.10027171671390533,-0.08451820909976959,0.4394703805446625,-0.3358054459095001,-0.5013117790222168,0.10908658802509308,-0.3808969557285309,0.09379909187555313,0.35925060510635376,-0.05291375517845154,0.15372081100940704,0.13196127116680145,0.16197922825813293,-0.19623276591300964,-0.10772953182458878,0.1027245819568634
0.030072849243879318,-0.14752201735973358,-0.046701472252607346,0.3284580707550049,-0.15142938494682312,-0.13766181468963623,-0.2980019450187683,0.1985437572002411,0.17271815240383148,-0.024769417941570282,0.4120650887489319,-0.14599594473838806,-0.19603417813777924,0.512992262840271,0.40845125913619995,-0.08472999930381775
