-0.14028887450695038,-0.06180089712142944,0.3453812301158905,-0.014085410162806511,0.27506160736083984,0.21132007241249084,0.5382186770439148,-0.13038697838783264,0.584031343460083,0.05825325474143028,0.11888674646615982,0.2672046422958374
-0.07101999968290329,-0.29276371002197266,0.17815232276916504,0.13353845477104187,0.27756017446517944,0.3251554071903229,-0.19811470806598663,-0.4165722131729126,-0.04415368288755417,-0.4771731495857239,-0.37294748425483704,-0.308858722448349
0.17264509201049805,-0.6741926670074463,0.23352710902690887,-0.3346373736858368,-0.318219393491745,0.11039978265762329,0.13940486311912537,0.3102100193500519,-0.015711912885308266,0.03138390928506851,0.14688992500305176,-0.31179410219192505
0.14059588313102722,0.03180280700325966,0.5857210755348206,0.19586442410945892,0.4296703636646271,-0.15868417918682098,0.06298418343067169,0.13524942100048065,-0.4708349406719208,0.3680216073989868,-0.06630270928144455,-0.06489332020282745
0.14446601271629333,-0.02293921820819378,-0.31336477398872375,0.39445194602012634,0.4258745610713959,0.0032503658439964056,0.07056628912687302,0.35397785902023315,0.15367022156715393,-0.19791583716869354,0.43575626611709595,-0.4006067216396332
0.16114477813243866,-0.06756945699453354,0.057556286454200745,-0.45619893074035645,0.35357964038848877,-0.40098410844802856,-0.4839475750923157,-0.22457274794578552,0.35988956689834595,0.1467638611793518,0.1618220955133438,-0.10171838104724884
0.3845890164375305,0.20276999473571777,0.3007330894470215,0.3580377995967865,-0.3118526339530945,0.35624226927757263,-0.4226367175579071,0.0895136371254921,0.37618181109428406,0.19439439475536346,-0.013060369528830051,-0.04555497691035271
-0.038438402116298676,-0.03323258459568024,-0.41419529914855957,-0.12282092869281769,0.17030490934848785,0.43368634581565857,0.08397440612316132,-0.15805386006832123,-0.018123935908079147,0.6668795347213745,-0.1850942224264145,-0.28695037961006165
0.44638508558273315,0.2951214015483856,0.04130536690354347,-0.3202288746833801,0.025371549651026726,0.3622904121875763,0.13086485862731934,-0.3220408856868744,-0.3225138783454895,-0.19100213050842285,0.4632571339607239,0.03941623121500015
0.2906292676925659,-0.21871697902679443,-0.08534475415945053,0.4031350612640381,-0.26370349526405334,-0.4061979651451111,0.27413368225097656,-0.5810753703117371,0.025244232267141342,0.15254148840904236,0.08843883872032166,-0.13723263144493103
-0.5640270113945007,0.3406747281551361,0.280113160610199,-0.04174983873963356,-0.2405766397714615,-0.04586067050695419,0.00894971564412117,-0.14412640035152435,0.014612916857004166,0.04829550161957741,0.29671820998191833,-0.5605251789093018
0.3572487533092499,0.39574992656707764,0.020187029615044594,-0.2404807209968567,-0.026782546192407608,-0.19519895315170288,0.36118781566619873,0.15519243478775024,0.1875762641429901,-0.16486027836799622,-0.5097386837005615,-0.37677401304244995
