0.045414555817842484,0.24946673214435577,-0.1047196090221405,-0.008558481000363827,0.12766507267951965,-0.20182086527347565,-0.29426127672195435,0.11769537627696991,-0.18217696249485016,-0.1915535032749176,0.46745607256889343,0.5386793613433838,-0.05574620142579079,-0.24460440874099731,-0.02126816101372242,0.3538808524608612
-0.3226698637008667,-0.27575916051864624,-0.022887064144015312,0.010013206861913204,0.191861093044281,0.09247110038995743,0.0662766620516777,0.49861371517181396,0.09594704955816269,0.4677996039390564,0.4255109429359436,-0.13740268349647522,0.254671573638916,0.0800275057554245,-0.012705067172646523,0.14643357694149017
-0.0696653425693512,0.3660341203212738,-0.03748239576816559,-0.17789150774478912,-0.3327920436859131,0.5485267043113708,-0.22223277390003204,0.36121588945388794,0.257776141166687,0.08549509942531586,-0.30798786878585815,0.11756996065378189,-0.03465816378593445,-0.1141071692109108,-0.08512909710407257,0.1808721125125885
-0.41542598605155945,0.28266626596450806,0.14683471620082855,-0.1418207734823227,-0.25387856364250183,0.13189394772052765,0.41529446840286255,-0.30500102043151855,-0.2915738821029663,0.28828540444374084,0.1538960337638855,0.33726873993873596,0.016493262723088264,0.052474066615104675,0.16137182712554932,-0.15452122688293457
0.24759438633918762,0.1604735255241394,0.30792587995529175,0.4009883999824524,-0.16321057081222534,0.05756058171391487,0.33764201402664185,0.11010494828224182,0.08668898791074753,0.0425710529088974,0.23995134234428406,-0.25036701560020447,-0.159656822681427,-0.5868853330612183,0.041525568813085556,-0.004728841595351696
0.23010222613811493,0.3301961123943329,0.09456360340118408,-0.44512835144996643,0.001996248262003064,-0.052964046597480774,0.17228929698467255,0.015667535364627838,0.3620898425579071,-0.13578647375106812,0.4342056214809418,-0.21673701703548431,-0.22374816238880157,0.4017828106880188,-0.0295039601624012,-0.028000157326459885
0.3439439535140991,-0.18864989280700684,-0.18854881823062897,0.13817468285560608,-0.07235056906938553,0.34634557366371155,-0.20015032589435577,0.07255887240171432,-0.15736235678195953,0.14148004353046417,0.18462982773780823,0.10372607409954071,-0.3079446256160736,0.18739165365695953,0.5941137671470642,-0.22002500295639038
-0.07589904963970184,-0.3726300597190857,-0.2600935399532318,0.12199971824884415,-0.3041326105594635,0.25842803716659546,0.3244786560535431,-0.03814681991934776,0.2798416018486023,-0.527378261089325,0.21091637015342712,0.23416897654533386,0.21606768667697906,0.02883479930460453,-0.0583946667611599,0.012002484872937202
-0.10212583094835281,-0.25929439067840576,0.6609311103820801,-0.08896584063768387,0.4216618537902832,0.21511779725551605,-0.0032963091507554054,0.02346569485962391,0.22593827545642853,-0.15051139891147614,-0.09945251047611237,0.3450506329536438,-0.2006969302892685,-0.02638878859579563,0.07957207411527634,-0.05475231260061264
-0.17309270799160004,0.04907988756895065,-0.06469367444515228,-0.21210193634033203,-0.1109650656580925,-0.4703952670097351,0.0944662094116211,0.46086984872817993,0.14583706855773926,-0.17157696187496185,-0.17789067327976227,0.08639530837535858,0.053213246166706085,-0.19260674715042114,0.4588157832622528,-0.3511246144771576
0.5755155682563782,-0.02318766340613365,-0.04187428951263428,-0.2888492941856384,0.14506001770496368,0.031760018318891525,0.16812172532081604,-0.12434546649456024,0.1457933485507965,0.30039525032043457,-0.07490704953670502,0.2655580937862396,0.5379045605659485,-0.18962639570236206,0.051829393953084946,-0.040803760290145874
-0.07382223010063171,-0.06889039278030396,-0.1506272256374359,-0.007261700462549925,-0.044338565319776535,-0.024551479145884514,-0.28405067324638367,-0.10298378020524979,0.24583740532398224,0.20927348732948303,0.20482224225997925,0.15487243235111237,-0.1759866625070572,-0.21567361056804657,-0.4411676824092865,-0.6564461588859558
-0.11108601838350296,0.4782024025917053,-0.25957146286964417,0.4888787269592285,0.50242680311203,0.10622614622116089,0.13121964037418365,-0.02513660304248333,0.2755700647830963,-0.04000535234808922,-0.08028438687324524,0.08566829562187195,0.12374819070100784,0.16724972426891327,0.11375470459461212,-0.153251513838768
-0.2801172733306885,-0.08482730388641357,-0.25352972745895386,-0.23690980672836304,0.1386408507823944,0.05092272907495499,-0.1213579922914505,-0.46136927604675293,0.3469769358634949,0.07305116951465607,0.05581500008702278,-0.22110995650291443,-0.13172927498817444,-0.3933229148387909,0.3590754568576813,0.25652578473091125
-0.03067699261009693,0.047415852546691895,0.36316683888435364,0.3165335953235626,-0.38690629601478577,-0.2389048933982849,-0.39999252557754517,-0.2033703774213791,0.35960254073143005,0.1185237467288971,0.10109023749828339,0.05722127854824066,0.3183262050151825,0.22849032282829285,0.20222677290439606,0.07287441194057465
0.09630399942398071,-0.15991370379924774,-0.17199677228927612,0.15312840044498444,-0.11333326250314713,-0.31538960337638855,0.29716038703918457,0.032657891511917114,0.2911868989467621,0.3585386872291565,-0.21981975436210632,0.32800382375717163,-0.46483492851257324,0.1450148969888687,-0.10094749927520752,0.30642926692962646
