1.2865103649062348e-08,-6.481430858684689e-08,0.999997615814209,-1.179008961571526e-07,1.4068011644496892e-08,2.514370009976119e-07,1.3056891567941875e-08,-1.5696544153342984e-07
1.0000009536743164,-1.4893399225002213e-07,-4.142999543432779e-08,-2.4206761040090896e-08,1.9630359560096622e-08,4.767241534864297e-08,7.08103229385415e-08,2.715839331202119e-09
1.3523531094961072e-07,2.608090312605782e-07,-5.3616059147998385e-08,7.836841575681319e-08,3.0768525505209254e-08,7.533851942298497e-08,1.0000003576278687,-4.4829960188508267e-07
-7.175965066608114e-08,7.698243109643954e-08,-3.920388635947347e-08,1.0000027418136597,-1.136438569915299e-07,1.4575801010607847e-08,-1.1187616877350592e-07,-1.0760878410565056e-07
3.79666538208312e-08,-2.0830090363688214e-07,-2.0775132725248113e-07,-2.956072897575268e-08,-6.6322995984080535e-09,0.9999982118606567,1.355127494662156e-07,9.817014046120676e-08
-1.2221049416893948e-07,0.9999988675117493,5.882583664629237e-08,-2.492093642558757e-08,7.779217980896647e-08,1.862171217226205e-07,-1.6138238834173535e-07,1.3256022057817063e-08
-8.169092780008214e-08,1.8348893604525074e-07,7.333360940720013e-08,1.0851991305571573e-07,0.9999991655349731,-2.9644480203927515e-09,-4.347709747776207e-08,-9.566419123530068e-08
7.47411093016126e-08,-2.606491555923185e-08,7.742696084278577e-08,3.4162425777140015e-08,-1.6144237235948822e-07,3.039065887833203e-08,-3.532777270720544e-07,1.0000009536743164
