-0.47289955615997314,0.16465938091278076,-0.39250412583351135,-0.07718419283628464,0.42165783047676086,-0.02421325072646141,0.02171981707215309,0.19113798439502716,0.39732933044433594,0.2670288681983948,-0.06441502273082733,0.1694537252187729,-0.009331855922937393,-0.3080742657184601,0.1271737962961197,0.025319326668977737
-0.03089418075978756,0.06393866240978241,-0.03139258548617363,-0.4792270064353943,-0.2468733787536621,-0.1423163115978241,-0.14751406013965607,0.31300708651542664,0.13600967824459076,0.1229809895157814,0.601172149181366,-0.03155969828367233,-0.1353769749403,0.3140126168727875,0.13996735215187073,0.17558853328227997
-0.14725439250469208,-0.20174677670001984,0.1000635027885437,-0.07294011861085892,0.12076085805892944,-0.0878288522362709,-0.1314922720193863,-0.3408195972442627,0.26635241508483887,0.17202815413475037,-0.17230872809886932,0.3271627426147461,-0.28917402029037476,0.49624887108802795,-0.44559934735298157,0.028786364942789078
-0.39702004194259644,-0.20970579981803894,-0.17094968259334564,0.14863359928131104,-0.6187037229537964,0.19242927432060242,0.13618412613868713,0.30798739194869995,-0.13277572393417358,0.12017752230167389,-0.05621912330389023,0.1460348665714264,0.04346318542957306,-0.11454248428344727,-0.37709522247314453,0.009426630102097988
-0.25442636013031006,0.2032582312822342,0.38322097063064575,-0.22960272431373596,-0.07867525517940521,-0.15569177269935608,0.3695533871650696,-0.036446187645196915,-0.3533596098423004,0.36923232674598694,-0.2412145882844925,0.02297239936888218,-0.300527960062027,0.016296006739139557,0.2867327332496643,-0.18260478973388672
-0.21700254082679749,0.07559891045093536,0.3745135962963104,0.09932975471019745,0.10388853400945663,0.15687638521194458,-0.04024091362953186,0.15032024681568146,0.18359681963920593,-0.11154692620038986,-0.04308122396469116,-0.5840720534324646,-0.36436811089515686,-0.13657625019550323,-0.23745962977409363,0.3748326301574707
-0.2596474289894104,-0.11100320518016815,-0.1650114506483078,-0.27946922183036804,-0.24920110404491425,0.062437623739242554,0.10776850581169128,-0.10267075151205063,0.30861330032348633,-0.517172634601593,-0.3592533767223358,-0.2181139886379242,0.019440757110714912,0.2382081001996994,0.31670355796813965,-0.17321990430355072
-0.48287469148635864,0.053293969482183456,-0.057041801512241364,0.08895377814769745,-0.021170593798160553,-0.25211119651794434,-0.5287904143333435,-0.28589487075805664,-0.37854933738708496,0.038258347660303116,-0.010004538111388683,-0.18720988929271698,0.29389309883117676,0.09218233823776245,0.10671446472406387,0.20320500433444977
-0.023961875587701797,0.33499255776405334,-0.005853496491909027,0.042469464242458344,-0.112185038626194,0.780868649482727,-0.2622853219509125,-0.2430635392665863,0.04734191298484802,0.21720609068870544,0.10114619880914688,-0.0011678696610033512,-0.06811543554067612,0.0997890904545784,0.14142878353595734,-0.20224452018737793
0.33689624071121216,0.20019906759262085,-0.3262791931629181,-0.30607807636260986,-0.3063332736492157,-0.05985948443412781,-0.04754537343978882,-0.2854262888431549,0.013798901811242104,0.1676647663116455,-0.32838842272758484,-0.019844651222229004,-0.14823882281780243,-0.268706351518631,-0.05057099834084511,0.48151499032974243
0.003942116629332304,0.002161920303478837,0.16397589445114136,-0.06239320710301399,-0.2217719554901123,-0.23075850307941437,0.09454114735126495,-0.32903411984443665,0.4095992147922516,0.31932273507118225,0.17323864996433258,-0.34902554750442505,0.34423550963401794,-0.224472776055336,-0.19702059030532837,-0.34683144092559814
-0.14159928262233734,0.4630589485168457,-0.2875993251800537,-0.17275592684745789,0.1594245880842209,-0.0033601862378418446,0.35997501015663147,-0.202241450548172,-0.26681002974510193,-0.3040197193622589,0.2529464066028595,-0.09111995995044708,-0.008877173066139221,0.08821157366037369,-0.45086708664894104,-0.10008031874895096
0.04448619484901428,-0.5991755723953247,-0.2859136760234833,-0.3094097077846527,0.28198954463005066,0.2453865259885788,0.08204090595245361,-0.052777502685785294,-0.286567360162735,0.26625147461891174,0.028773192316293716,-0.3866755962371826,-0.042059507220983505,0.015478839166462421,-0.036589618772268295,-0.07466632127761841
-0.029242482036352158,-0.01655769534409046,-0.11035416275262833,0.39060109853744507,-0.013914310373365879,0.06670541316270828,0.5235130190849304,-0.16801081597805023,0.11996547877788544,0.2100280523300171,0.11655277013778687,-0.09490691870450974,0.20237666368484497,0.378498375415802,0.2428695559501648,0.4504309594631195
-0.1984419822692871,-0.30742141604423523,0.09135638177394867,0.01872910000383854,-0.07148763537406921,0.04094478115439415,0.10313323140144348,-0.4661804437637329,0.005404253024607897,-0.24652445316314697,0.4249821901321411,0.26281338930130005,-0.29607293009757996,-0.4162452518939972,0.1937282234430313,0.11719085276126862
-0.08568885922431946,-0.03752391040325165,0.41201093792915344,-0.4587947130203247,0.13602539896965027,0.29183652997016907,0.10724636167287827,0.01509414054453373,-0.0035148845054209232,-0.07979011535644531,-0.07283411175012589,0.24397850036621094,0.557377278804779,-0.0765046700835228,-0.10330316424369812,0.3117724657058716
