-1.3848105595570814e-07,1.9106192894469132e-07,-8.899953485297374e-08,-1.1289283463611355e-07,-1.070201847142016e-07,-2.724040086832247e-07,1.703968166566483e-07,-6.130886731625651e-08,0.999997615814209,-8.707944232355658e-08,7.239052024488046e-08,1.9574119392018474e-07,-1.4090666411448183e-07,2.418174176455068e-07,1.9792805971974303e-07,-1.4023147798525315e-07
9.852558235934339e-08,1.712662651698338e-07,-1.3469256998632773e-07,-3.123155778439468e-08,-9.32938348796597e-08,1.0000028610229492,-1.0597831057168605e-08,-3.234236203297769e-07,3.509378387889228e-08,5.963440230516426e-08,-2.9501570963930135e-08,1.0458180099703895e-07,6.432968291392172e-08,-3.776526469323471e-08,-1.5780263140641182e-07,5.170334560489209e-08
-2.2630267437762086e-07,-2.1693391971666642e-08,-1.971809204803776e-08,1.8065055229499194e-08,1.0000003576278687,-1.5064385650020995e-07,-8.140075635765243e-08,1.0344374601345407e-07,5.52944179332826e-08,3.7036173239357595e-07,3.8487325326741484e-08,2.651732415870356e-07,1.4104858792052255e-07,3.0305574227895704e-07,-6.725192491785492e-08,2.1322495058484492e-07
0.9999977350234985,8.824851249755739e-08,9.343511209181088e-08,-2.4248194563369907e-07,3.0751496904457554e-09,-8.536306772555236e-09,1.2919980463266256e-07,-4.46946799570469e-08,-4.4290171530292355e-08,7.623372155762809e-09,3.953647365051438e-08,1.080767404459948e-07,-3.5179172641619516e-07,2.8623354353385366e-08,-2.6755873960837562e-08,4.984987000966612e-08
4.922607743651497e-08,6.126899876335301e-08,0.9999991655349731,2.068800419863237e-08,1.2334017363002658e-08,7.03791442902002e-08,-7.452202055446833e-08,-8.071769030948417e-08,6.623973547448259e-08,1.1743767913685588e-07,-7.195517781610761e-08,-9.6507726254913e-08,-6.49180762479773e-08,6.398557417242046e-08,1.1705497904301865e-08,-1.0762475710635044e-07
-5.740343311799734e-08,-6.736019741993005e-08,7.666524481919623e-08,3.2149833373296133e-07,-2.472387166108092e-07,-7.373619581585444e-08,-6.36590442582019e-08,3.2014266793112256e-08,-1.0292921359678076e-07,2.051709628858589e-07,2.8275636054786446e-07,5.126817370637582e-08,-3.376957735667929e-08,2.4844089807629643e-07,8.95214498086716e-08,1.0000019073486328
-2.8820511488447664e-07,3.043243879119473e-08,2.7989733197841815e-08,9.743331474965089e-08,-1.0457380739126165e-08,1.3517988861622143e-07,1.0000017881393433,1.7674199881412278e-08,1.1302318370098874e-07,1.8227623854727426e-07,-2.991893666148826e-08,7.344564068034742e-08,-1.3207787219471356e-07,1.7594979340174177e-07,5.714192496952819e-08,-7.95295420630282e-08
6.53460361377256e-08,-1.346696336668174e-07,-3.9526096173858605e-08,1.9141023699376092e-07,-1.488089793610925e-07,1.796148012545018e-07,7.603071594530775e-08,1.2420954931258166e-07,-1.737827659553659e-07,9.711411763646538e-08,3.564030350844405e-07,0.9999984502792358,-9.235191100742668e-08,6.691926568436202e-09,-2.27857253065622e-08,-1.9834556042042095e-07
-2.7631742227640643e-08,2.576465192305477e-07,9.688144331221338e-08,-6.829835541566354e-08,-1.6863477014794626e-07,-8.489125491450977e-08,-1.729527525640151e-07,-6.801919028021075e-08,-1.999095360361025e-07,0.9999994039535522,8.281404717536134e-08,8.518260763423768e-09,9.179997562114295e-08,6.44809645677924e-08,3.0759952096559573e-07,-1.1283967182862398e-07
8.289447461784505e-10,1.2233027923969075e-08,-3.747879020465916e-07,-1.150961637108594e-07,-9.396659805815943e-08,2.024826351032516e-08,-1.5356621929640824e-07,1.000001072883606,-9.871707362663074e-08,-1.3164561885048442e-08,-6.491675463848878e-08,-2.2382083386673912e-07,9.209253448716481e-08,-9.495908415146914e-08,-1.1123896825893098e-07,3.3576814217894935e-08
-1.033131766803308e-07,-3.7256674545460555e-07,-5.8109041134457584e-08,-2.428263314868673e-07,-3.474933407687786e-08,9.271165879454202e-08,-3.8024194282115786e-07,-6.981614575352069e-08,-1.6556236914766487e-07,3.531530978762021e-08,1.1339794525611069e-07,2.705938229041749e-08,-9.241581722108094e-08,5.618478127189519e-08,1.0000014305114746,9.091396435678689e-08
-3.371152601516769e-08,1.5973526501511515e-07,-2.1666353688942763e-07,-7.330788776016561e-08,2.307577418036999e-08,2.482099716871744e-07,-4.7397723079711795e-08,1.7093629622877415e-08,2.823676759078353e-08,-2.4208981486140146e-08,6.48859170837568e-08,-1.6444964501260984e-08,-1.8430742443342751e-07,1.0000020265579224,-3.4848514474106196e-07,-8.410903973299355e-08
-8.45152481332434e-09,4.979735379606609e-08,3.0463517930456874e-08,-1.0667594807500791e-08,7.549115821348096e-08,6.916749839547265e-08,-4.713957935109647e-08,-6.795119134039851e-08,-4.1773947856427185e-08,6.792421913814906e-08,-4.6157015987091654e-08,-3.0101279691052696e-08,0.9999977350234985,-1.3598859993635415e-07,-4.37881801929052e-08,7.22084507742693e-08
8.030167464312399e-08,3.06909093694685e-08,1.8504564991417283e-07,-2.730059200928281e-08,7.789563660764998e-09,3.008713278518371e-08,-1.2140301919316698e-07,-3.706982454332319e-08,-5.7447039125690935e-08,-8.732362033470054e-08,0.9999975562095642,-3.3995524173491276e-09,1.6617681808384077e-07,8.435435461251473e-08,-2.566745820331562e-07,-6.298976273910739e-08
-1.5992688418009493e-07,1.0000019073486328,1.3588748970505549e-07,-2.824249065724871e-07,-1.8977031501776764e-08,5.330999996999708e-08,3.790764822042547e-07,8.906209814085742e-08,-4.22993231552482e-08,-7.428972992329363e-08,2.477881082540989e-07,3.680512463688501e-07,2.322563688039736e-07,-6.644690841994816e-08,-5.684690407292692e-08,-5.168251391296508e-07
-6.454727241589353e-08,1.8816282931766182e-07,-6.71673987540089e-08,1.000000238418579,1.934795790248245e-07,1.1867439297930105e-07,-4.618765458985763e-08,-1.9770381243233714e-07,1.5102152417512116e-07,1.9090137470811896e-07,-2.543331163451512e-07,-2.185242209407079e-07,-1.632099433379608e-08,4.5431068684820275e-08,3.3595657100704557e-07,-6.112221484499969e-08
