-0.2757250666618347,0.6197354197502136,0.05538938194513321,0.21628054976463318,0.11805352568626404,-0.3728802502155304,-0.17900829017162323,-0.09255418926477432,-0.5329310894012451,0.11159946769475937
0.3481074273586273,-0.17750154435634613,0.4842079281806946,-0.059855345636606216,-0.10944259911775589,-0.5147988796234131,-0.41163814067840576,0.1457594782114029,0.009650026448071003,-0.3761596977710724
0.30964162945747375,-0.09993143379688263,-0.24808762967586517,-0.4574684202671051,-0.40583738684654236,-0.16135923564434052,0.3189253807067871,-0.19606730341911316,-0.5406026840209961,-0.012792848981916904
0.07304710894823074,0.09849875420331955,0.301344096660614,-0.276584267616272,-0.19204862415790558,0.5677245259284973,-0.5623201131820679,-0.22388020157814026,-0.16249403357505798,0.25637850165367126
-0.33450230956077576,-0.07014790177345276,0.22256392240524292,-0.1835329383611679,0.18781553208827972,-0.03779764845967293,0.13681437075138092,-0.7550638914108276,0.10893657058477402,-0.4031811058521271
0.05706523731350899,0.2385353446006775,-0.4014171063899994,0.25610101222991943,-0.27800098061561584,0.2994270324707031,-0.21294300258159637,0.020457250997424126,-0.040918465703725815,-0.7062181830406189
-0.28034672141075134,-0.4725351929664612,0.3093256950378418,0.5491559505462646,-0.3494800925254822,0.13808465003967285,0.149175763130188,-0.001733242766931653,-0.37042897939682007,0.013613193295896053
-0.6831585168838501,-0.1779126673936844,-0.10122542083263397,-0.4851715564727783,-0.07104925066232681,-0.04910873621702194,-0.17693261802196503,0.4300461411476135,-0.09006456285715103,-0.15552738308906555
-0.03433643653988838,-0.43199342489242554,-0.5416690111160278,0.16388307511806488,0.07571116089820862,-0.2630796432495117,-0.5126565098762512,-0.3235940933227539,0.001430331147275865,0.22240743041038513
0.19989411532878876,-0.2476910948753357,-0.010786747559905052,-0.027759745717048645,0.7259642481803894,0.25655755400657654,-0.012393130920827389,0.14637066423892975,-0.4882223308086395,-0.21217748522758484
