-1.5724151580798207e-07,2.395895251083857e-07,-2.7808532365725114e-08,-8.461184819452683e-08,-1.1399736621342527e-07,1.0000005960464478,-2.3071105914596046e-08,-6.637694127675786e-08,-9.57918544486347e-08,7.615687991346931e-08,-1.2591253550908732e-07,-9.022903668665094e-08
8.710290444469138e-08,2.0329335370661283e-07,1.0000020265579224,-8.68173017920526e-08,-4.637969652776519e-08,-7.754753994504426e-08,3.851443253211073e-08,2.737130273544608e-07,-1.402276978978989e-07,3.898368916566142e-08,1.3874112880785106e-07,1.5583488277570723e-07
8.395187478527077e-08,-7.430855220036392e-08,-1.1124947008056552e-07,-4.7353118759474455e-08,-6.53818830187447e-08,6.759145776413789e-08,-6.742230596046284e-08,-1.109173695112986e-07,-3.243790658302714e-08,-1.7511837313577416e-07,8.616763125246507e-08,1.0000003576278687
0.9999983310699463,8.746340540710662e-08,-1.6082394438399206e-07,-4.031516809277491e-08,3.3526285392326827e-07,1.5592172530887183e-07,2.006362187501054e-08,6.454026646451894e-08,7.323880879539502e-08,8.413106655780211e-08,-2.0530916344796424e-07,-1.0846486020454904e-07
-1.8110134192284022e-07,6.399163510195649e-08,7.526318768213969e-08,-1.9946437390672145e-08,2.833779877420284e-09,-5.65893287785002e-08,1.4079373045206012e-07,0.9999993443489075,2.0556097979351762e-07,5.342011988318518e-08,-7.154816472620951e-08,-2.256896749486259e-07
5.84670836190071e-08,7.753072073235501e-10,-1.1516101494635222e-07,-1.0013803830588586e-07,0.9999998211860657,-3.2677011319037774e-08,3.744526395621506e-07,-3.268351065344177e-07,1.1769931518301746e-07,-7.741827801055479e-08,-3.327500337491074e-07,-7.526969625359925e-08
4.108299478389199e-08,-1.2902978596684989e-07,-6.803848151548664e-08,5.232998034898628e-08,4.94845009413325e-09,-1.50398506093552e-07,2.031714245731564e-07,-4.667514375000792e-08,1.0000022649765015,1.136479639285426e-07,1.922918535512963e-08,-1.2768668966600671e-07
1.7160442666863673e-07,4.538449971391856e-08,-1.580104580511943e-08,-1.5444787493379408e-07,4.423277744081133e-08,-1.0540414052684355e-07,2.3809096205695823e-07,-5.909779687840455e-08,8.976861920473311e-08,0.9999982118606567,-8.376617444127987e-08,1.0057740240654311e-07
-1.0584636100929856e-07,1.2499900492457527e-07,9.810467815896118e-08,1.1476342542948714e-08,-1.450549120818323e-07,2.4252494768006727e-07,-3.9072698854170085e-08,-4.7835097660708925e-08,3.999420172817736e-08,9.999067174248921e-08,0.9999998807907104,-2.2780038477776543e-07
1.2827608486531972e-07,0.9999975562095642,-2.3559701389785914e-07,2.3625378275937692e-07,-1.0834020258698729e-07,-6.081038605998401e-08,3.663012648758013e-07,8.025493158925201e-09,-8.358479419712239e-08,-6.194358803668365e-08,5.216844556343858e-08,1.8666912637854693e-07
6.227398330338474e-08,8.234614767843595e-08,3.6811158565797086e-07,0.9999983906745911,3.691123495741522e-08,1.3410939914137998e-07,2.4491959038641653e-07,-1.8742012741768121e-07,-3.87488725550611e-08,-1.8117129130246212e-08,-1.9039993048863835e-07,2.4720117064447322e-09
1.2327168974479719e-07,1.8283736835655873e-07,3.9803566664886603e-07,1.0920039272832582e-07,-2.6270970465702703e-07,9.595075312063273e-08,0.9999989867210388,8.792105177235499e-08,1.737742678642462e-07,-8.638980375508254e-08,8.788450145402749e-08,7.628963061279137e-08
