0.09719372540712357,0.2337634414434433,-0.28201907873153687,-0.14651194214820862,-0.5020449161529541,-0.11283386498689651,-0.7483791708946228,0.10028418898582458
-0.022446732968091965,-0.6341457962989807,0.10445502400398254,0.19148239493370056,0.41165927052497864,-0.3183174431324005,-0.4750814735889435,0.23083379864692688
-0.24984855949878693,-0.2667890191078186,0.028022529557347298,-0.21951575577259064,0.07765506207942963,0.8434988856315613,-0.2818174362182617,-0.14312328398227692
-0.17475654184818268,0.0046800789423286915,0.4366397261619568,0.4893127679824829,-0.25430309772491455,-0.08771762251853943,-0.1858690232038498,-0.6576047539710999
0.017987437546253204,-0.07407345622777939,-0.11747697740793228,0.7177708745002747,-0.31585830450057983,0.3238157331943512,0.11273316293954849,0.4978581964969635
-0.6321985125541687,0.27534836530685425,-0.5642215013504028,0.24296365678310394,0.3440491259098053,-0.09292329847812653,-0.06475088745355606,-0.12623396515846252
-0.6285497546195984,0.1874740570783615,0.5401870608329773,-0.20091386139392853,-0.1440887153148651,-0.11160334199666977,-0.01325931679457426,0.4519037902355194
0.31939131021499634,0.5962925553321838,0.30686768889427185,0.1991575062274933,0.5185452103614807,0.2020120471715927,-0.28841444849967957,0.12535756826400757
