0.0581827349960804,-0.42855823040008545,0.1351139098405838,-0.18019549548625946,-0.17620261013507843,-0.21654212474822998,-0.6034237742424011,-0.31042420864105225,0.2836068272590637,0.07109063863754272,-0.31965118646621704,0.19010360538959503
-0.102383092045784,-0.13700586557388306,-0.1123519092798233,0.5857059359550476,0.1256360113620758,-0.03202316537499428,-0.38131603598594666,0.4651966094970703,-0.08523833006620407,0.4757765829563141,0.006731232162564993,-0.0527033805847168
-0.02926696464419365,0.19327035546302795,0.35626301169395447,-0.15771740674972534,-0.16557997465133667,0.20199958980083466,-0.17612093687057495,0.2817857563495636,-0.3394646942615509,-0.12889538705348969,-0.5809312462806702,-0.40251651406288147
-0.3126648962497711,-0.4335935115814209,0.3801801800727844,0.06075767055153847,-0.24531109631061554,0.4726829528808594,0.03960831090807915,0.2653799057006836,0.13196653127670288,-0.2689855396747589,0.29737362265586853,0.17946313321590424
0.2658345103263855,0.06912655383348465,0.41449227929115295,-0.2017299085855484,0.6370656490325928,0.3674035668373108,-0.17916078865528107,-0.11831570416688919,0.1060110405087471,0.2588820457458496,0.19987519085407257,-0.08312869071960449
0.14102210104465485,-0.3017555773258209,-0.07705026865005493,0.4442218244075775,0.26965394616127014,0.30454540252685547,0.3514401614665985,-0.25628912448883057,0.030330106616020203,-0.11383645981550217,-0.5509039163589478,0.11728402972221375
0.36441588401794434,0.02861684001982212,0.4729490280151367,0.45378607511520386,-0.10041211545467377,-0.31634417176246643,-0.08338943123817444,-0.2179703265428543,-0.3677213490009308,-0.2739914655685425,0.2458978146314621,0.03745296970009804
0.10458934307098389,0.09824348986148834,0.1752258837223053,-0.21116410195827484,-0.022252259775996208,-0.05071907863020897,0.16988235712051392,0.24165134131908417,-0.3086986839771271,0.2877972424030304,-0.17569415271282196,0.7776904106140137
0.5969353318214417,-0.3922041952610016,-0.19470298290252686,-0.17221470177173615,-0.37583863735198975,0.21598263084888458,0.14638179540634155,0.04226189851760864,-0.20244064927101135,0.3067478835582733,0.14003188908100128,-0.23764100670814514
0.48379430174827576,-0.020600702613592148,-0.016885435208678246,-0.03569943830370903,0.15677675604820251,-0.22788695991039276,0.026107171550393105,0.5793394446372986,0.4463822841644287,-0.37918558716773987,-0.083173967897892,0.03427478298544884
-0.24619238078594208,-0.4622381925582886,0.2974815368652344,-0.17226028442382812,0.2439846396446228,-0.508479654788971,0.4039762616157532,0.0950150340795517,-0.07882685959339142,0.1844465732574463,-0.03943721204996109,-0.2747057378292084
0.04714285209774971,0.3130356967449188,0.3726203739643097,0.2162487804889679,-0.3886738717556,-0.01841435581445694,0.2848852574825287,-0.07323694974184036,0.5390037894248962,0.41211628913879395,-0.09489225596189499,-0.0829174742102623
