-5.8223687204872476e-08,1.515203678081889e-07,-7.570436721948681e-09,-1.2709234908925282e-07,1.0000020265579224,6.081718595396524e-08,-1.4940784609507318e-08,-1.6307279793181806e-07
1.000002145767212,-8.861717049057916e-08,-1.1155047019428821e-07,-5.445367179390814e-08,3.6859621133089604e-08,-8.89492994815555e-08,-8.29213746555979e-08,-1.0169679853788693e-07
2.1215933898588446e-08,1.0563552255149489e-09,6.043802613930893e-08,3.19003248705485e-07,-8.236144566353687e-08,1.0000003576278687,2.3260642478817317e-07,1.3250935637643124e-07
1.0310628084653217e-07,1.0000003576278687,4.5747185595246265e-08,1.3835666834438598e-07,1.9153671360072622e-07,-1.3985042457420604e-08,1.0064634636819392e-07,1.2342947108834323e-08
9.798229427815386e-08,2.3979541197149956e-07,-6.918315165194144e-08,-2.110384755837913e-08,1.0272222539242648e-07,-1.1524846854626958e-07,-1.051508604632545e-07,1.000000238418579
-7.736012719306018e-08,5.720069040648923e-08,-4.790735363968679e-09,3.1168809755399707e-07,1.1056518367524859e-08,1.1373601438435799e-07,0.9999978542327881,4.585779933563572e-08
4.603040082429288e-08,-6.947211517172036e-08,0.9999979734420776,4.7128228430892705e-08,-7.181639460895894e-08,-1.0793215921012234e-07,-5.550900183948215e-08,8.932413919637838e-08
-1.1516045361759097e-07,-9.252389077119005e-08,6.516801676070827e-08,1.0000016689300537,8.856830646664093e-08,-3.07173877445166e-08,2.7901059240775794e-08,-2.849002669336187e-07
