6.096733784488606e-08,-1.3679019161827455e-07,-4.5080025046218e-08,3.2850729780875554e-07,-7.82143203537089e-08,1.6056182516877016e-07,9.83958372557936e-08,1.0000005960464478
2.2624253404046613e-07,6.384129846992437e-08,-8.160036912840951e-08,1.435249288306295e-07,-7.142642033386437e-08,-6.723770695771236e-08,0.9999998211860657,-2.787181152541507e-08
6.91254768980798e-08,6.758570592069191e-09,1.0000016689300537,-1.9766764580708696e-07,-8.61730384826842e-08,9.146329205123038e-08,-4.9326647655334455e-08,-6.687713494102354e-08
-2.265856835492741e-07,6.149504372388037e-08,-1.4260336911320337e-07,-3.057856190480379e-07,1.813250882776174e-08,1.000001072883606,-1.3067783299902658e-08,9.084217111876569e-08
9.138452838897138e-08,2.793273701229282e-08,1.1509445130286622e-07,-2.138483878866282e-08,1.0000026226043701,-1.5682680043482833e-08,5.383081003174084e-08,5.6636352496752806e-08
1.275148662216452e-07,-3.574185925003803e-08,2.9285780911436632e-08,0.9999994039535522,-8.333876877486546e-08,-4.23589838760563e-08,-5.069517694522574e-09,-1.9159452335770766e-07
1.0000020265579224,3.3353029493810027e-07,1.956113209189425e-07,-2.5117122604001452e-08,-5.5349591576714374e-08,-4.4727904935371043e-08,-7.938432844412091e-08,-8.217692304413049e-09
-3.7478820047454064e-08,1.0000009536743164,1.028891083443284e-09,-9.481846063863486e-08,-8.709274368357e-08,-7.155924919288736e-08,-9.610387508018903e-08,-3.4129877235500317e-07
