-0.03219697251915932,0.5331320762634277,0.3276921808719635,0.03195797652006149,-0.15395371615886688,-0.00694324029609561,-0.3821498155593872,0.10006101429462433,-0.4940662980079651,-0.22184611856937408,0.17384903132915497,-0.049962367862463,-0.09640882164239883,-0.09789029508829117,-0.23295459151268005,0.16536541283130646
0.19638465344905853,-0.21186430752277374,0.22238671779632568,0.17286233603954315,-0.5594483017921448,0.14620468020439148,-0.27431365847587585,0.07930298894643784,0.20232942700386047,0.38651832938194275,0.2909039855003357,-0.25281134247779846,0.23241889476776123,0.008150032721459866,-0.06252811849117279,-0.1563550978899002
0.1769627183675766,-0.19420385360717773,0.10879778861999512,0.5586804151535034,-0.24848385155200958,0.2440526783466339,0.0922141820192337,-0.023017708212137222,-0.0864565521478653,-0.05983804911375046,-0.2030038833618164,0.3524783253669739,-0.40295174717903137,0.03580322489142418,0.1584615707397461,0.33376607298851013
0.047243114560842514,-0.6025336384773254,0.36080148816108704,-0.3613208830356598,0.07703191041946411,-0.18226531147956848,-0.07498041540384293,0.053751762956380844,-0.35480907559394836,0.0789959654211998,-0.2032393217086792,-0.07638073712587357,0.015108222141861916,0.192428857088089,-0.17019948363304138,0.2843082547187805
0.2480781078338623,-0.04055764526128769,-0.5112268328666687,-0.04789184778928757,-0.03838806971907616,-0.05102185904979706,-0.35476282238960266,-0.17165452241897583,-0.1335686296224594,0.10676328092813492,-0.034075114876031876,0.00618111714720726,-0.4264938235282898,0.36308300495147705,-0.32154813408851624,-0.25731226801872253
0.23477037250995636,0.23078258335590363,0.3318032920360565,0.004800553433597088,0.390683114528656,-0.0990842953324318,-0.2706000506877899,-0.2837541103363037,0.27912887930870056,0.2825090289115906,0.14360497891902924,0.3448031544685364,0.09035909175872803,0.33632275462150574,0.14027054607868195,0.16469261050224304
-0.3758889436721802,-0.05767730623483658,0.046360988169908524,0.18483567237854004,-0.0001326598139712587,-0.5030704140663147,-0.40033143758773804,0.4518330991268158,0.1936025470495224,0.06147531419992447,-0.19837462902069092,0.06950798630714417,-0.20509366691112518,-0.008071914315223694,0.23340976238250732,-0.13969731330871582
0.019596368074417114,-0.06516405194997787,-0.03391590341925621,0.028335727751255035,0.3029322028160095,0.2807692289352417,-0.0009592912392690778,0.340800940990448,-0.36906298995018005,0.46358123421669006,0.0727476179599762,0.40721991658210754,0.06555218249559402,-0.29529014229774475,-0.06286543607711792,-0.2983124554157257
-0.17959237098693848,0.14041386544704437,0.09862236678600311,0.07043903321027756,0.0018987302901223302,-0.2359023094177246,0.5061789751052856,0.040516648441553116,-0.14426660537719727,0.426588237285614,0.37152716517448425,-0.24572503566741943,-0.40612199902534485,0.22174976766109467,0.03339046239852905,0.058356933295726776
0.08256086707115173,0.19386468827724457,-0.4252774715423584,0.16324658691883087,-0.1569497436285019,-0.3246646821498871,0.031071200966835022,0.02250957302749157,-0.18843890726566315,0.34914717078208923,-0.23722441494464874,0.016573384404182434,0.4418979585170746,-0.02049805037677288,-0.03735979273915291,0.45334792137145996
0.4122544527053833,0.2808232009410858,0.16656747460365295,-0.07108189910650253,0.15373699367046356,0.16183722019195557,0.029358424246311188,0.1911649852991104,0.09006448090076447,0.2051936835050583,-0.5530490279197693,-0.45970839262008667,-0.19166700541973114,-0.09932748973369598,0.11795075237751007,-0.056823864579200745
0.2428223192691803,0.059133727103471756,0.20725376904010773,0.10604996234178543,-0.20390161871910095,-0.3613710403442383,0.2184770256280899,-0.2047881782054901,-0.3413904905319214,-0.12625634670257568,-0.17282651364803314,0.1468215435743332,0.2039659023284912,0.14595815539360046,0.24775661528110504,-0.559732973575592
-0.4412235915660858,0.19695042073726654,0.2111857384443283,-0.055011533200740814,-0.22854629158973694,0.16901442408561707,0.15371833741664886,-0.10944706946611404,0.17939449846744537,0.18770748376846313,-0.4331156611442566,0.22374266386032104,0.04632492735981941,0.2131335735321045,-0.4828614592552185,-0.12925808131694794
0.2368517965078354,0.10819455236196518,-0.008567473851144314,-0.575541079044342,-0.40405911207199097,-0.1975899189710617,0.09484072029590607,0.05284344404935837,0.18534599244594574,0.08039101958274841,0.05060509219765663,0.3863965570926666,-0.2644658088684082,-0.33287742733955383,0.06587190181016922,0.09494157880544662
-0.31564220786094666,-0.0710112452507019,0.01635894738137722,-0.021131031215190887,-0.013524136506021023,0.022387390956282616,-0.23435145616531372,-0.6597141027450562,-0.15973353385925293,0.2754867672920227,-0.12222594767808914,-0.1434214562177658,-0.1486656367778778,-0.42494598031044006,0.25257840752601624,-0.019792776554822922
-0.22387482225894928,0.11156769841909409,-0.1420353800058365,-0.32635459303855896,-0.21032080054283142,0.3943544030189514,-0.10918137431144714,0.13919125497341156,-0.19779139757156372,0.04641641676425934,-0.032818928360939026,0.02128932811319828,0.07021142542362213,0.4497356116771698,0.5719666481018066,0.0506308376789093
