-3.4203058163484457e-08,0.9999974966049194,-1.1001595368043127e-07,4.847593970680464e-08,-7.86477940550867e-08,2.3297195284044392e-08,-6.769079163859715e-08,-2.39897531173483e-07,1.6707474514987553e-07,-1.7602494040147576e-07
-8.190253453221885e-08,9.460728733756696e-08,6.027153176546562e-08,-6.277011976862923e-08,-8.270208695648762e-08,0.9999985098838806,6.712942024478252e-08,-1.7029648802235897e-08,6.690158471656105e-08,2.808858212688392e-08
-5.3873886685096295e-08,7.60175353775594e-08,1.0122112570343234e-07,-8.69189591412578e-08,1.0000020265579224,7.216815589572434e-08,1.037862347175178e-07,1.8152763914258685e-07,-8.44661371957045e-08,3.826461281164484e-08
3.1494016639044276e-07,6.438077804205022e-08,-8.885726998641985e-08,5.635771671563816e-08,7.844061400419378e-08,8.183558009022818e-08,-3.667359749215393e-08,5.963487836879722e-08,1.000002145767212,2.7305890171192004e-07
-6.790082807128783e-08,-1.604215498218764e-07,1.000001311302185,-9.484674734494547e-08,9.418241830871921e-08,1.0668704675254048e-07,-1.445433923663586e-07,-1.0036620068376578e-07,1.8961010539442213e-07,8.355158342965296e-08
0.9999975562095642,-6.155178056133082e-08,6.182391132369958e-08,-1.4527746827752708e-07,-1.452642095500778e-07,-2.456384322613303e-07,-9.291784230924804e-09,3.99261388395189e-08,-3.529827807824404e-08,1.332430343836677e-07
-3.0667344219637016e-08,-5.8837031247094274e-08,-5.345463094386105e-08,-9.20029634698949e-08,2.7850794026562653e-07,-1.2971825924523728e-07,1.253628596487033e-07,0.9999977946281433,-5.905807398676188e-08,7.074881125390675e-08
1.1234472196974821e-07,7.25585351801783e-08,-6.647772465839807e-08,9.736015726957703e-08,-4.2536441924312385e-08,-1.6639357625081175e-07,6.332138013931399e-08,-2.316448188821596e-07,7.833300230686291e-08,1.0000015497207642
5.507389033709842e-08,8.996526190685472e-08,-5.171547172722057e-07,1.0000028610229492,-1.1085314355341325e-07,2.244763308567599e-08,1.1220049600524362e-07,-4.135639741775776e-08,-2.066712170289975e-07,1.0918381576630054e-07
2.334340187815087e-08,-1.2703902996236138e-07,4.1204149425766445e-08,1.195906520479184e-07,4.7145643833346185e-08,-7.574413984912098e-08,0.999997615814209,1.4511665824556985e-07,-1.8139238022740756e-07,2.9324848105360957e-10
