0.9999988079071045,6.951076159111835e-08,2.422621037112549e-08,5.653037149500051e-08,8.204804657907516e-08,-5.388888979496187e-08,-3.5816487553574916e-08,-1.137013896368444e-07,1.0136658801229714e-07,-1.2480529676395236e-07
-8.152930774940614e-08,-3.028007711236569e-08,-1.230423123388391e-07,9.885850715818378e-08,-2.1817139383983886e-07,4.7208487785610487e-07,6.589054635242064e-08,-1.1318895332124157e-07,-1.0201818412269859e-07,0.9999977946281433
-7.577018124038659e-08,0.9999975562095642,-1.799862836548982e-08,7.04278448893092e-08,-9.576650583653645e-09,-7.311069794013747e-08,6.80433487332266e-08,-1.183419300332389e-07,9.142134871353846e-08,3.3201754234823966e-08
-6.844650357606952e-08,1.2045629205204023e-07,-1.8484291786080576e-07,0.999998152256012,-6.922939377318471e-08,-6.324246903943731e-09,-4.851268542438447e-08,6.355216441988887e-08,9.307504456046445e-08,-1.7969982479826285e-07
-3.89513310494749e-08,1.4868967923575838e-07,-1.1470769578636464e-07,6.617150205556754e-08,1.0000011920928955,-7.309868266247577e-08,2.5881496412694105e-07,6.62700330167354e-08,-7.022421755209507e-08,-1.6481402553836233e-07
-2.2686698741836153e-07,1.479122175851444e-07,1.0000011920928955,-5.5641027074671e-07,-9.877338413843972e-08,7.45472306107331e-08,7.461709117251303e-08,-1.0417861062705924e-07,6.677442598856942e-08,-1.3753707150954142e-07
-3.67646677545963e-08,-7.974092852691683e-08,-9.42246671797875e-08,2.1765511348803557e-07,5.2767493485816885e-08,5.497688704281245e-08,-8.94364688974747e-08,-5.14896569825396e-10,1.0000019073486328,-6.609327840578771e-08
4.712661372252569e-09,-8.000215601100535e-09,8.640786575142556e-08,6.617379710860405e-08,-5.576290540432183e-09,1.1369743191380621e-07,1.866202978817455e-07,1.0000011920928955,8.526729544655609e-08,-1.5477078818548762e-07
-7.019808379027381e-08,-2.2083619910517882e-07,1.010539989465542e-07,-7.042070926388533e-09,1.1123209731067618e-07,1.000000238418579,5.269587077805227e-08,1.3148645727767416e-08,-5.8916970857580964e-08,-4.861701441427613e-08
-1.3128269582551866e-09,1.7377580263655545e-07,-1.6255249590813037e-07,1.2816769867640687e-07,6.779884387242419e-08,-4.330987124490093e-08,0.9999991655349731,1.868195731447031e-08,-3.741567695669801e-07,8.03198716425868e-08
