0.9999986290931702,-5.338643660479647e-08,-2.1640262559685652e-07,1.8969835480220354e-07,9.758664987202792e-08,-8.950741658964034e-08,-3.810357895872585e-08,7.148826597358493e-08,1.6660860069350747e-07,-1.0603473299397592e-07
1.9289687713808235e-07,-4.89942024728407e-08,8.831179343360418e-09,3.030986022167781e-07,1.0712282261238215e-07,1.0000007152557373,-2.553830391605061e-08,7.094235598970045e-08,-6.478104808138596e-08,8.674843599010273e-08
-2.407269761306452e-08,-2.5568346018189914e-07,-1.7033367782914866e-07,-3.077069834489521e-07,4.306713563551057e-08,-9.159224845234348e-08,7.133434110073722e-08,1.000001072883606,-3.373642414317146e-07,-1.6168787908554805e-07
-2.7010239023184113e-07,0.9999977946281433,-1.1103900732223337e-07,7.921234868035754e-08,-1.3447723290482827e-07,6.204825098166111e-08,-2.7106469246973575e-07,-6.61260770584704e-08,9.589471261506333e-08,-1.925238422018083e-07
-4.9618118502792186e-09,-1.1757359885677943e-07,-6.109019778932634e-08,1.325363427895354e-07,-7.027158233086084e-08,1.090299619477264e-07,-6.244602701599433e-08,7.721395434145961e-08,0.9999999403953552,-7.576946359222347e-08
2.156727987312479e-07,8.362741965584064e-08,9.736454131825667e-08,1.0000027418136597,-1.6628101207061263e-07,9.165271563915667e-08,1.284429202996762e-07,-4.888917004564064e-08,3.452508323675829e-08,-9.135668221915694e-08
1.1425753143612383e-07,-2.9673243417960293e-08,1.0000017881393433,-1.6748177245062834e-07,6.424681231465001e-08,-8.413136498575113e-08,-2.024583167781202e-08,-6.769767679770666e-08,1.3839385815117566e-07,4.1466780231758094e-08
-1.5565535704809008e-07,-7.717881800317627e-08,7.785976663399197e-08,4.445545087605751e-08,0.9999975562095642,6.10261210454155e-08,2.5410281523363665e-07,-6.554599707442321e-08,1.3379216845521569e-08,-3.8539898383760374e-08
1.1173162306477025e-07,3.0846127874184504e-09,6.101173966044371e-08,-1.011464902944681e-07,2.5411310833334255e-09,-1.6813855552300083e-07,5.881553377662385e-08,1.5681833076541807e-07,9.071928985804334e-08,1.000002145767212
4.322309621329623e-07,1.3600738668628765e-07,5.0195112066830916e-08,-1.6943479863584798e-07,4.5298822470840605e-08,7.682930203145588e-08,0.999997615814209,-6.335618962793887e-08,-1.5711125911366253e-07,-4.107115714191423e-08
