0.01955011859536171,-0.4539591073989868,0.14532127976417542,0.1361614465713501,0.298045814037323,-0.029777636751532555,-0.2713559865951538,0.2318549007177353,0.6749955415725708,0.25187066197395325,-0.13020998239517212,-0.02758619375526905
-0.5156607031822205,-0.11513762176036835,-0.38777056336402893,-0.008358578197658062,-0.13303931057453156,-0.6796861290931702,0.2506578266620636,0.0354149267077446,0.12187183648347855,-0.008464043028652668,-0.10464462637901306,-0.027716897428035736
-0.222897469997406,0.411554753780365,-0.0046065803617239,0.3155941665172577,-0.2802114188671112,0.3714028000831604,0.36487165093421936,0.28123876452445984,0.24449186027050018,0.3519093990325928,-0.13325703144073486,-0.22640429437160492
0.11725156754255295,-0.2654553949832916,0.117934949696064,0.19034740328788757,-0.049144208431243896,-0.07889744639396667,-0.03675200045108795,-0.02259153686463833,-0.4571227431297302,0.18694382905960083,-0.737299919128418,-0.26004841923713684
-0.3012565076351166,-0.1836777776479721,0.07798487693071365,0.20662526786327362,-0.3231637179851532,-0.013713442720472813,-0.501437246799469,-0.013522941619157791,-0.24142387509346008,0.23940753936767578,0.4713374972343445,-0.36431315541267395
0.22883589565753937,-0.17928501963615417,-0.25809887051582336,0.6357039213180542,-0.07588745653629303,-0.017257070168852806,0.02812357060611248,0.4542434811592102,-0.17254900932312012,-0.26594001054763794,0.1366645097732544,0.3352567255496979
-0.10557112097740173,0.3458974361419678,-0.19093307852745056,0.25043368339538574,-0.1936822384595871,0.051086731255054474,-0.5455952286720276,-0.32338201999664307,0.27297672629356384,-0.3520422577857971,-0.35002580285072327,0.08181681483983994
-0.5443388819694519,-0.16681107878684998,-0.3119434714317322,0.0679793581366539,0.5172834396362305,0.4720214009284973,-0.0018414381192997098,-0.11846011132001877,-0.22088156640529633,0.018471654504537582,-0.04615028202533722,0.1351194828748703
0.39403438568115234,-0.2989615499973297,-0.6138293743133545,-0.00015170306141953915,-0.16562849283218384,0.20272043347358704,0.16558483242988586,-0.3765321373939514,0.1674673855304718,0.09573777765035629,0.09377431124448776,-0.30797070264816284
0.0001875665911938995,0.08823338896036148,-0.015059255994856358,-0.005097939167171717,0.3104897439479828,-0.008177826181054115,0.024329544976353645,0.2823418080806732,0.023035144433379173,-0.5554643273353577,0.030421925708651543,-0.7107641696929932
0.1583128720521927,0.2734833359718323,-0.4793340563774109,-0.39277926087379456,0.08006647974252701,-0.03487151861190796,-0.38875532150268555,0.4876483380794525,-0.13057279586791992,0.30503854155540466,-0.09588626772165298,0.016023296862840652
-0.19844982028007507,-0.39435043931007385,0.0367916114628315,-0.42083847522735596,-0.5167210698127747,0.35312145948410034,-0.0019825673662126064,0.28453195095062256,0.061670489609241486,-0.3385719954967499,-0.1622651368379593,0.09605319052934647
