0.44946610927581787,0.1401468813419342,0.06533701717853546,0.15826520323753357,0.17141374945640564,0.4595978558063507,0.2792406380176544,-0.13137242197990417,-0.09769999235868454,-0.12457069754600525,0.1594676375389099,-0.25444361567497253,-0.2473631650209427,-0.1438250094652176,-0.10264614969491959,0.4533560574054718
0.03182905539870262,0.3345016539096832,0.03991410508751869,-0.23236317932605743,-0.045538730919361115,-0.20423705875873566,0.006941889878362417,-0.5929168462753296,-0.06120061129331589,0.2885655462741852,0.2699774205684662,-0.22425664961338043,-0.06805049628019333,0.4061679244041443,0.23640590906143188,-0.020893478766083717
-0.21694692969322205,0.21623490750789642,-0.10003463923931122,-0.5896982550621033,0.11366868019104004,0.03610796108841896,0.06149761378765106,-0.121619813144207,0.2974497079849243,-0.4011726975440979,-0.2935440242290497,0.11484762281179428,0.003400654997676611,-0.1374540776014328,0.18460552394390106,0.3374413549900055
-0.24526086449623108,-0.12660828232765198,0.048598360270261765,0.19877727329730988,0.3677752912044525,-0.04746786132454872,-0.20264792442321777,-0.14360211789608002,0.38288164138793945,0.2653869688510895,0.41561558842658997,0.3483155071735382,0.06354059278964996,-0.08535187691450119,-0.09476340562105179,0.38903889060020447
0.5398955941200256,-0.30661049485206604,0.11224818974733353,-0.16131830215454102,-0.12542395293712616,-0.1423257738351822,-0.27111193537712097,-0.10022912919521332,0.20035748183727264,-0.4369101822376251,0.1837904453277588,0.25345921516418457,-0.07545485347509384,0.31080901622772217,-0.1510302573442459,-0.046721719205379486
-0.30873170495033264,-0.24912823736667633,0.2840954065322876,0.11178335547447205,0.13197028636932373,0.054729100316762924,-0.097477488219738,0.21993578970432281,-0.339474081993103,-0.21634112298488617,-0.008906414732336998,-0.04317065700888634,-0.18663212656974792,0.46316292881965637,0.40601879358291626,0.3048558533191681
0.09801089018583298,0.5479019284248352,0.1487996131181717,0.305194228887558,0.23706626892089844,-0.14222484827041626,-0.260989248752594,0.29640161991119385,0.42125216126441956,-0.08548972755670547,-0.19280195236206055,-0.20814859867095947,-0.1575852334499359,0.20639902353286743,-0.012279728427529335,-0.09833494573831558
-0.2603035569190979,0.1816338300704956,-0.34020137786865234,0.26039016246795654,-0.20292939245700836,0.03512050583958626,0.03891461715102196,-0.02831157296895981,0.04144909232854843,-0.488213449716568,0.5286523103713989,0.011893736198544502,-0.16702839732170105,-0.1539088487625122,0.22116975486278534,-0.22537918388843536
0.01684654876589775,-0.03884587436914444,-0.2928328812122345,-0.2688949704170227,-0.35071006417274475,-0.017755107954144478,-0.45248615741729736,0.36202725768089294,0.02462582290172577,0.19821612536907196,0.21073858439922333,-0.3977082669734955,-0.07383773475885391,-0.061291299760341644,-0.06193405017256737,0.3542734384536743
-0.1380559355020523,-0.36828336119651794,-0.5003705620765686,0.06213854253292084,0.24036286771297455,0.08740346133708954,-0.025306688621640205,-0.23786702752113342,0.16254329681396484,0.05088268965482712,-0.2712429165840149,-0.19432753324508667,-0.493445485830307,0.19117587804794312,-0.1664934754371643,-0.14261750876903534
-0.16271363198757172,-0.15143559873104095,0.2792976200580597,0.23308950662612915,-0.07789057493209839,-0.09628831595182419,-0.3865267038345337,-0.46054893732070923,-0.04273344576358795,-0.2743213176727295,-0.17778493463993073,-0.4228963553905487,0.2142004370689392,-0.30663204193115234,-0.10482624918222427,0.054657235741615295
0.09619061648845673,0.2902156710624695,-0.18695010244846344,0.1609809398651123,-0.07285765558481216,-0.25576919317245483,-0.3067690134048462,-0.13930809497833252,-0.4648417830467224,0.0246332585811615,-0.23381464183330536,0.4496009945869446,-0.33408480882644653,-0.1627608835697174,-0.06369854509830475,0.21391527354717255
0.04158554598689079,-0.1634095460176468,0.2881108224391937,0.14949096739292145,-0.5077807307243347,-0.05334300175309181,0.1642279028892517,-0.05970187485218048,0.38736462593078613,0.21443328261375427,-0.15894657373428345,0.0817173421382904,-0.415619820356369,-0.20189878344535828,0.35710543394088745,0.07739195227622986
-0.3229990303516388,0.0634201243519783,0.2748388648033142,-0.11527556926012039,-0.13765807449817657,-0.34835338592529297,0.3432908058166504,0.08071665465831757,-0.045350927859544754,-0.11625166237354279,0.1331610381603241,-0.08146291226148605,-0.2947576642036438,0.06616026908159256,-0.629779040813446,0.10168711096048355
0.14419256150722504,-0.13985711336135864,0.19198206067085266,-0.289722204208374,0.46467411518096924,-0.30750495195388794,-0.06645882874727249,0.12821632623672485,-0.13446921110153198,0.03111070767045021,0.20088571310043335,-0.14910776913166046,-0.32389241456985474,-0.4521344304084778,0.2259851098060608,-0.2558857500553131
-0.20895035564899445,0.14775976538658142,0.32573217153549194,-0.24135057628154755,-0.07055869698524475,0.6303893327713013,-0.3554782271385193,-0.0550336129963398,-0.04421379789710045,0.09102710336446762,0.06828169524669647,0.16857723891735077,-0.25673553347587585,-0.019181178882718086,-0.17879995703697205,-0.3111638128757477
