6.439494626420128e-08,7.753785169484217e-09,4.643719186958606e-09,-9.86079484732727e-08,7.168380733446611e-08,5.274475967098624e-08,7.388920408857302e-08,-1.27052970810837e-07,1.000002145767212,-9.022426361582347e-09,-1.5102759221008455e-07,-2.718765301779058e-07
3.92313985742021e-08,-6.703299249011252e-08,1.3603364834580134e-07,-2.0538767842026573e-07,6.356550841246644e-08,1.2694674467184086e-07,0.9999986886978149,4.5309629825851516e-08,-8.136571238992474e-08,1.2579738495333004e-07,1.2203275900901644e-07,-1.1620045370364096e-07
1.1776795538764873e-08,-2.825423806029903e-08,5.504139366507843e-08,-9.872186268466976e-08,1.0000009536743164,-5.985205575598229e-08,-6.54357279472606e-08,5.8285618109721327e-08,2.02775453317372e-07,8.652872907077835e-08,-2.131342213829157e-08,-4.183979740446375e-08
-1.4914245127783943e-07,1.8766510834211658e-07,0.9999986290931702,-6.245826966733148e-08,2.5147214088860892e-08,-1.2693674023012136e-07,6.851562517340426e-08,3.381282809300501e-08,2.457625498664129e-07,9.012619983650438e-08,-2.0691115310000896e-07,1.607557322813591e-07
-7.7528042652375e-08,6.57876739751373e-08,-1.188293836662524e-07,2.6956126930599567e-07,-1.0431620012241183e-07,-9.187866822912838e-08,6.043992328841341e-08,5.0911221904925696e-08,1.2162391271886008e-07,1.0000026226043701,-2.0783452736594654e-09,-1.1876933569965331e-07
-9.064891770549366e-08,-1.2045016717365797e-07,9.564104885839697e-08,-1.0377303283348738e-07,1.2020412043511897e-07,6.565145582726473e-08,8.642278714887652e-08,-1.3718945979235286e-07,2.266678365003827e-07,1.3893611594539834e-07,4.835549916037962e-08,0.9999985098838806
-2.3452780339994206e-07,1.0000003576278687,8.03359441192697e-08,-3.908067824909267e-08,5.2352753243667394e-08,1.1963511781232228e-07,-2.4305896317855513e-07,2.1059480559415533e-07,-4.036572676113792e-08,9.851649451775302e-08,7.271265900499202e-08,-9.083897367645477e-08
-1.7019746678670344e-07,-1.1728735671567847e-07,-2.431155792237405e-07,0.9999979734420776,-6.017905462840645e-08,7.063997742307038e-08,-2.267243104370209e-07,-6.757390735856461e-08,1.9316647126288444e-07,-6.538579810921874e-08,-8.765543668687314e-08,-6.757167625437432e-08
2.7662295565278328e-08,-1.225662202841704e-07,5.1518249222226586e-08,3.750922417111724e-08,5.62985533747451e-08,-9.183524696254608e-08,-5.280029569121325e-08,0.999998152256012,-4.573627521153867e-08,6.12373440844749e-08,8.034083975871908e-08,8.40871621221595e-08
-1.4845510065697454e-07,-1.0536717098830195e-07,-1.2261104131994216e-08,1.7595480983345624e-07,-3.4945873039760045e-07,1.074474269557868e-07,3.293612493848741e-08,1.325769858340209e-07,1.0684600937338473e-07,-2.686001199236898e-09,0.999998152256012,8.58351540955482e-08
0.9999984502792358,4.453351891697821e-07,-1.1944493172322268e-09,7.467195928256842e-08,1.7796735107822315e-07,-6.752170378376832e-08,6.096392723975441e-08,-1.5692389609966995e-08,-2.5632717282064732e-08,-2.8716961253394402e-08,2.2998848692168394e-07,-1.9293716491119994e-07
2.0450626081469636e-08,6.86979007014088e-08,-1.857505651514657e-07,5.751196852088469e-08,-2.1025661212092928e-08,0.9999977946281433,-7.137121116329581e-08,1.3633760787001847e-08,-1.057555749639505e-07,-6.746480352148865e-08,-2.479686145306914e-07,-7.793345702111765e-08
