7.296958415281551e-08,1.0407983808136123e-07,8.139765839132451e-08,1.0000004768371582,2.1549607254200964e-07,-9.32277046672425e-08,2.420945861558721e-07,-1.4213317456324148e-07
6.759200488204442e-08,-4.993546554032946e-07,-1.201599246769547e-07,-1.8299931525689317e-07,-1.69838173746939e-07,6.619935533080934e-08,1.4389920011126378e-07,0.9999997019767761
6.343776703943149e-08,0.9999975562095642,6.234659366555206e-08,2.0733573080633505e-07,-8.661800876552661e-08,-1.6841043759541208e-07,-3.3482328376521764e-07,7.534335111358814e-08
0.9999983906745911,7.700462134607733e-08,5.087276377935268e-08,1.3225700001839868e-07,-5.7444200507461574e-08,-4.339626435978516e-09,6.992802070726611e-08,-1.7600257251615403e-08
-3.1122162624797056e-08,-5.242443279485087e-08,-5.555554594138812e-08,-1.8670581880542159e-07,0.9999980926513672,-3.8178843198011236e-08,-7.412455005351148e-08,-1.494253041300908e-07
6.004476915677515e-08,6.873987246081015e-08,0.9999982714653015,-8.659861094884036e-08,1.953364687778958e-07,-5.435221694938264e-08,-7.183085237727482e-09,6.844384614623777e-08
1.982982951176382e-07,-2.0535803457732982e-07,5.541894410043824e-08,-1.2578317409861484e-07,4.5334481058034726e-08,1.000000238418579,-6.086593629106574e-08,-2.9270131562952884e-07
1.5164786759669369e-07,1.3389363573423907e-07,-2.4519318131410728e-08,7.858686501549528e-08,1.0824775387163754e-07,6.493702642274002e-08,1.0000028610229492,-5.957323523375635e-08
