-0.08153866231441498,-0.027042297646403313,-0.2262749969959259,-0.4390510618686676,-0.29923710227012634,0.5425869822502136,0.07936182618141174,0.07871699333190918,-0.025885459035634995,0.08049820363521576,-0.5189568996429443,0.27522599697113037
0.14942313730716705,-0.10245288163423538,0.4020538628101349,-0.17700597643852234,0.21032914519309998,-0.3855465352535248,0.03182651475071907,-0.39090287685394287,0.2403881847858429,0.301567405462265,-0.5036042928695679,0.1585858017206192
-0.13931119441986084,-0.4489120543003082,0.28459352254867554,0.34698930382728577,-0.2926543354988098,-0.07021433115005493,-0.08340460062026978,0.03739926218986511,-0.617367148399353,-0.058528561145067215,-0.29901638627052307,-0.0690465122461319
-0.04297356680035591,-0.040853261947631836,-0.39457714557647705,-0.1615794152021408,0.2413482367992401,-0.22916972637176514,-0.3051530122756958,-0.28711003065109253,-0.4337485432624817,-0.043646302074193954,0.1600703001022339,0.5591979026794434
0.12795710563659668,-0.6149803996086121,-0.201933354139328,0.13192138075828552,-0.05982109531760216,0.3412622809410095,-0.05936213582754135,-0.5185779333114624,0.25475549697875977,0.1386626809835434,0.23162631690502167,-0.1303151696920395
-0.15433068573474884,0.05162223055958748,-0.15528763830661774,0.501091480255127,-0.323167085647583,-0.14526662230491638,0.03635384887456894,0.1940280795097351,0.2643907964229584,0.50179123878479,0.04263174533843994,0.4585707187652588
0.16066338121891022,0.07465356588363647,0.24398300051689148,0.36755338311195374,0.11569381505250931,0.28951308131217957,-0.3659583628177643,-0.008635477162897587,0.27777981758117676,-0.5420530438423157,-0.1637589931488037,0.3807736039161682
0.044829897582530975,-0.01715625263750553,-0.3896670341491699,0.06033000722527504,-0.3844001889228821,-0.4282662272453308,0.3365309238433838,-0.21176135540008545,0.18095959722995758,-0.5274173617362976,-0.20234686136245728,-0.032898228615522385
0.4135180413722992,-0.04227758198976517,0.03043053299188614,0.20596358180046082,0.2977565824985504,0.19059160351753235,0.7238413691520691,0.033550094813108444,-0.2437831461429596,-0.004226010292768478,0.047035086899995804,0.26861098408699036
0.33158499002456665,0.5434860587120056,-0.2229507565498352,0.31562909483909607,-0.08244249224662781,0.142426535487175,-0.17974090576171875,-0.3673561215400696,-0.23947975039482117,0.21896637976169586,-0.24591980874538422,-0.2919461131095886
-0.7277464866638184,0.25866737961769104,0.18002906441688538,0.1255919635295868,0.09338759630918503,0.19451740384101868,0.28978580236434937,-0.46186503767967224,-0.027123406529426575,-0.07696621865034103,0.052918288856744766,0.04450828582048416
-0.26683151721954346,-0.1864738166332245,-0.4372243285179138,0.2536686956882477,0.5907480716705322,-0.016267580911517143,-0.018987014889717102,0.23723958432674408,0.1001896858215332,0.018608516082167625,-0.41631072759628296,-0.22119562327861786
