4.779823470357769e-08,4.0699038805769305e-08,1.1437574443107223e-07,-3.35653169258876e-07,5.304027084207519e-08,7.829112291801721e-08,-1.2380462877104037e-08,1.6516609946393146e-07,-6.990214984625709e-08,1.0000020265579224
4.057219271658141e-08,1.8582312577564153e-07,2.8764526405211654e-07,8.365429948753444e-08,1.6821386950027772e-08,0.9999996423721313,-5.975283556836075e-08,-2.866507884391467e-07,-1.3136734366980818e-07,7.936423429555362e-08
-3.4264675718986837e-07,-7.699558324247846e-08,8.209958224369984e-08,-1.1249240827737594e-07,2.9749563168479654e-07,-1.146746964053591e-08,0.9999983906745911,2.258395994658713e-07,-7.421198944257412e-08,-3.3137897759161206e-08
-9.69190452337898e-08,-1.409734835533527e-07,9.082975793717196e-08,7.154168457645937e-08,5.315886042467355e-08,2.2448796244134428e-07,-1.198639694166559e-07,0.9999999403953552,1.1039999492368224e-07,-1.4594513686461141e-07
-6.821421294489483e-08,-4.731338520969075e-08,-1.114572114602197e-07,0.9999988675117493,-5.042606687766238e-08,-9.553766666670072e-09,-1.867881991302056e-07,6.442577671350591e-08,5.453244256159451e-08,1.3175199597981191e-08
-6.858724077574152e-08,7.230325849150177e-08,1.7145761432857398e-07,-6.405538499620889e-08,1.0000016689300537,5.568681515910612e-08,7.986052708019997e-08,8.611852564399669e-08,-1.4607807941047213e-07,-6.851928446849342e-08
2.070281901467297e-08,-1.1885076389717142e-07,-4.53807551537011e-08,-7.969708804012043e-08,-6.665828067298207e-08,-7.669778057106669e-08,-5.465200203502718e-08,1.758417482733421e-07,0.9999979734420776,-9.749327745112168e-08
5.0826461261976874e-08,1.0000014305114746,1.9957489882926893e-08,1.6343295783372014e-07,4.132279229906999e-08,-8.594701483843892e-08,-8.25900272616309e-08,-1.813533430095049e-07,6.395224971811331e-08,-5.905456568200407e-09
2.160916778848332e-07,-9.465270522923674e-08,0.999997615814209,-6.766382654177505e-08,5.25128456274615e-08,1.875348090152329e-07,-3.752387911504229e-08,-5.124432789216371e-08,1.3797786380109756e-07,4.720525623724825e-07
1.0000008344650269,-2.794614673007345e-08,-2.553424494067258e-08,-5.1191889838264615e-08,2.203335469630474e-08,-3.173016978053056e-07,4.991245639018871e-09,9.925990696046938e-08,-1.0414858309104602e-07,-5.074052467080037e-08
