-0.8096097707748413,-0.178103506565094,-0.32399654388427734,0.09337759017944336,-0.31312504410743713,-0.2785297930240631,-0.1494227796792984,-0.03415435552597046
0.16314178705215454,0.2591959834098816,-0.1814890205860138,0.09785838425159454,-0.6801589131355286,0.4934212267398834,-0.2937042713165283,0.2671045660972595
0.09622533619403839,0.18539579212665558,-0.2983741760253906,0.23852472007274628,0.4410845637321472,-0.03565400838851929,-0.7632614970207214,-0.1790265291929245
0.0431617796421051,0.4879278242588043,0.4299730062484741,-0.1253221035003662,-0.21548455953598022,-0.6412580609321594,-0.2297983318567276,0.2214241325855255
0.4894583821296692,-0.2438962161540985,-0.4505899250507355,0.4043791592121124,-0.19845372438430786,-0.4981754720211029,0.1887328326702118,0.10587400943040848
-0.0798734575510025,0.708544909954071,-0.5089918375015259,-0.15915635228157043,0.11516355723142624,-0.015204470604658127,0.41373029351234436,-0.15004438161849976
-0.13789719343185425,-0.024292495101690292,-0.16045455634593964,-0.03539925441145897,0.3712335526943207,0.04756760597229004,0.029268687590956688,0.9013646245002747
0.2045305222272873,-0.25795304775238037,-0.3167548179626465,-0.8479382395744324,-0.08880898356437683,-0.12569279968738556,-0.21996484696865082,-0.014996988698840141
