0.07787686586380005,0.4815705418586731,-0.6085774302482605,0.06979243457317352,0.5538691878318787,-0.04582352191209793,0.07582021504640579,0.2686413824558258
-0.3940320611000061,-0.5335137844085693,-0.1480344831943512,-0.520844578742981,0.34204918146133423,-0.36029064655303955,0.1239037811756134,0.06892646849155426
-0.5336540341377258,0.0029897333588451147,-0.14393794536590576,0.4410434365272522,0.19765624403953552,-0.0175161212682724,-0.24719573557376862,-0.6320497989654541
0.024349309504032135,-0.015161478891968727,0.6499854922294617,0.10758313536643982,0.6849570274353027,0.27760058641433716,0.120722696185112,0.06571279466152191
0.34047698974609375,-0.350788414478302,-0.20793741941452026,-0.14578266441822052,0.18246261775493622,0.3637155294418335,-0.7285708785057068,-0.011577324941754341
0.023299917578697205,0.5617460012435913,0.25198912620544434,-0.589627742767334,0.04855864495038986,-0.2355116307735443,-0.31349897384643555,-0.34151917695999146
0.46882349252700806,-0.1422162503004074,-0.20582914352416992,-0.1645030528306961,0.1045597717165947,0.17073576152324677,0.5006914734840393,-0.6322804093360901
0.4658685326576233,-0.1561371088027954,0.12417256832122803,0.3489750623703003,0.14633004367351532,-0.7575082778930664,-0.15306398272514343,-0.052227336913347244
