-0.5075461864471436,0.6492902040481567,-0.09834576398134232,-0.10158327221870422,-0.28678110241889954,0.3525311350822449,-0.2756754159927368,0.13530860841274261
0.32428446412086487,0.34042131900787354,-0.0033166457433253527,-0.4435275197029114,-0.20595164597034454,-0.044164206832647324,0.1779247373342514,-0.7114774584770203
0.3794536590576172,0.3103736340999603,-0.08979634940624237,-0.25416699051856995,-0.2614257335662842,-0.456914484500885,0.15112245082855225,0.6221479773521423
0.31969401240348816,0.24193891882896423,0.4298957884311676,0.24299943447113037,0.12116717547178268,-0.22540166974067688,-0.7219064831733704,-0.09362894296646118
-0.47722795605659485,0.23190857470035553,-0.1911194771528244,0.15074972808361053,0.2995942533016205,-0.7154839634895325,0.10497159510850906,-0.21569788455963135
-0.08762577921152115,-0.0032188170589506626,0.36018580198287964,0.5504332780838013,-0.664298415184021,-0.12333192676305771,0.30129244923591614,-0.11099375784397125
0.06328920274972916,-0.3116903305053711,-0.6640632152557373,0.08300944417715073,-0.44930127263069153,-0.15994395315647125,-0.4510279893875122,-0.14174401760101318
-0.3893829882144928,-0.39588475227355957,0.436122864484787,-0.5802777409553528,-0.24370715022087097,-0.2479584813117981,-0.20768941938877106,0.02680785022675991
