-0.1380160003900528,0.4224693775177002,-0.5958153009414673,0.15659819543361664,0.4207768142223358,-0.03853189945220947,0.2122262716293335,0.06346317380666733,0.31351709365844727,0.3115324079990387
0.3999318778514862,0.3342188596725464,-0.25878575444221497,-0.20854312181472778,-0.4433397352695465,0.13790474832057953,0.1191302239894867,0.5952504277229309,-0.1584835648536682,-0.09322241693735123
0.7386910915374756,-0.403554767370224,0.0717325359582901,0.17412149906158447,0.24783065915107727,-0.02026665396988392,0.33470720052719116,0.009571307338774204,0.08196187019348145,0.2744934856891632
0.22102320194244385,0.38108938932418823,-0.04332401230931282,-0.18608105182647705,-0.03666043281555176,0.1731332242488861,0.394094318151474,-0.688647449016571,-0.21141475439071655,-0.25269103050231934
0.018658632412552834,0.5332735776901245,0.6803937554359436,0.24926768243312836,0.029735786840319633,0.23326241970062256,0.016396434977650642,0.10917249321937561,0.07333460450172424,0.34254804253578186
-0.040732916444540024,0.02309229038655758,-0.15469467639923096,0.29632166028022766,-0.5042251944541931,-0.4136214554309845,-0.0005972997169010341,-0.2373916059732437,-0.3465218245983124,0.5332093834877014
-0.3191051483154297,-0.2595931589603424,-0.11866717040538788,0.45722243189811707,-0.05491805449128151,0.5834817886352539,0.37634211778640747,0.12255868315696716,-0.323102742433548,-0.055960968136787415
-0.2725240886211395,-0.01650899089872837,0.225476935505867,-0.37615445256233215,0.2845655381679535,-0.38922643661499023,0.516454815864563,0.26478683948516846,-0.39624565839767456,0.08247501403093338
-0.2030573934316635,-0.21979427337646484,0.030125610530376434,-0.4865899384021759,-0.3618057668209076,0.2841871380805969,0.2720969319343567,-0.10112828016281128,0.4604572653770447,0.4059934914112091
-0.08458442240953445,0.029102101922035217,0.13532862067222595,0.360259473323822,-0.30595123767852783,-0.38846784830093384,0.43676137924194336,0.060716353356838226,0.47570422291755676,-0.42266109585762024
