-3.129200081275485e-07,-3.018002701082878e-07,1.0000011920928955,2.474129878748954e-08,8.107566884518747e-08,-5.115274248623791e-08,-1.208069022595737e-07,1.5252281571065396e-07
2.2532921306606113e-08,-7.758086439935141e-08,-6.263427820840661e-08,6.196524537926962e-08,-4.733574598958512e-08,0.9999983906745911,-9.456138982955054e-09,-1.5317461077302141e-07
-2.901934976762277e-07,-9.895509833768301e-08,3.9875917678955375e-08,8.587830535589092e-08,0.9999997019767761,-9.601916595158855e-09,5.1996288163991267e-08,-2.9041220273029467e-07
9.913295428987112e-08,2.5245813617402746e-07,1.0009068063254745e-07,6.477662140014218e-08,1.6861682183844096e-07,-7.723845385498862e-08,1.0000020265579224,1.632072610391333e-07
-2.1479122835899034e-07,1.000002145767212,3.499165757148148e-08,1.7408325447831885e-07,4.932675068403114e-08,1.8250639755024167e-07,-8.180812471891841e-08,-6.752864578629669e-08
1.5893467875116585e-08,8.779908000633441e-08,-1.2178327324363636e-07,0.9999977946281433,1.1971826552326092e-07,6.296104260172797e-08,-5.1890999941406335e-08,-1.703094199001498e-08
1.7660486406612108e-08,-1.543604923881503e-07,4.41209699886258e-08,-4.188061808463317e-08,-5.985990370049876e-09,-1.5374119755051652e-08,1.4522416158513352e-08,1.0000020265579224
0.999997615814209,-2.166123502789219e-09,-2.392906424120156e-07,2.010727087053965e-07,-7.204999974419479e-08,2.623993964334659e-07,4.272530418347742e-08,-2.0036812031776208e-07
