-0.12063354253768921,0.03892967477440834,0.2286948412656784,-0.14515554904937744,0.32232174277305603,-0.10084759443998337,-0.09786129742860794,0.07427707314491272,-0.0109948655590415,0.1868772804737091,0.502544641494751,-0.3247271180152893,0.056370608508586884,0.10988891124725342,0.3567701578140259,-0.495805561542511
-0.3063579201698303,-0.2979695796966553,0.0988374873995781,-0.15981647372245789,0.1275719553232193,0.052909716963768005,0.40609821677207947,-0.09960822016000748,0.4061639904975891,-0.4702173173427582,0.2723883092403412,0.33024832606315613,-0.0876271054148674,-0.08966892957687378,-0.021564260125160217,-0.05118141323328018
0.08138591051101685,0.20104394853115082,0.41363272070884705,0.16249144077301025,-0.42105692625045776,-0.35627850890159607,0.4961625337600708,-0.14231598377227783,-0.09403203427791595,0.2764449715614319,0.02247394248843193,0.23215407133102417,0.019017674028873444,-0.10492245852947235,0.12095237523317337,-0.13835544884204865
-0.32605284452438354,-0.33550146222114563,-0.16487987339496613,0.19120417535305023,-0.07610590010881424,0.2099580019712448,0.3785778880119324,0.04560332000255585,0.2593875527381897,0.4751584231853485,-0.11730660498142242,-0.42926302552223206,0.02004479244351387,0.004014696925878525,0.07867735624313354,0.1562565267086029
-0.24187174439430237,0.3732241094112396,0.02846745401620865,-0.05924605950713158,0.37621375918388367,0.04220719262957573,0.18735595047473907,0.203221395611763,0.06114828214049339,0.14105090498924255,-0.2263890951871872,0.32139351963996887,0.4486789405345917,0.4294772148132324,0.016593705862760544,0.11807238310575485
-0.071990966796875,0.139552503824234,0.2634097933769226,-0.3642539978027344,0.30905839800834656,-0.2424575835466385,0.19968321919441223,0.30221566557884216,-0.14358583092689514,0.04277220740914345,-0.1322029083967209,-0.22248303890228271,-0.47765395045280457,-0.1875278651714325,-0.16885507106781006,0.3263591229915619
0.2997249662876129,0.07135239988565445,-0.4056152105331421,-0.31240126490592957,0.03130706027150154,-0.00027690178831107914,0.24871180951595306,-0.19551117718219757,0.02518957108259201,0.32255885004997253,0.33456653356552124,0.07039346545934677,-0.11356625705957413,0.23196551203727722,-0.48903048038482666,-0.12029195576906204
0.1653677076101303,-0.2316225916147232,-0.35294049978256226,-0.16532525420188904,0.3487872779369354,-0.24836601316928864,0.1645982414484024,-0.2877262830734253,-0.28107985854148865,0.06990420073270798,-0.08597461879253387,0.12289664894342422,0.2182619422674179,-0.32972395420074463,0.4320571720600128,0.15643414855003357
0.6619284152984619,-0.26068729162216187,0.21273547410964966,0.09881432354450226,0.0853085070848465,-0.08823646605014801,0.17795999348163605,0.34979379177093506,0.2202225774526596,-0.15488550066947937,0.09014826267957687,-0.19346246123313904,0.331618070602417,0.11042871326208115,-0.03858666121959686,0.16759032011032104
0.04883621260523796,0.42293044924736023,0.011644618585705757,0.46497753262519836,0.2365165650844574,0.19121013581752777,0.03354683890938759,-0.2242189645767212,0.057336073368787766,-0.013407553546130657,0.46699783205986023,-0.05382585525512695,-0.06301096826791763,-0.18519777059555054,0.03074522316455841,0.4414069950580597
-0.16707056760787964,0.04718899726867676,-0.34142154455184937,0.44361406564712524,0.09469179064035416,-0.49020475149154663,0.2186194509267807,0.06040365248918533,-0.1952558159828186,-0.3711680471897125,-0.03775026276707649,-0.2539219260215759,-0.05859841778874397,0.22862441837787628,-0.15124823153018951,-0.18819290399551392
0.003121327143162489,0.38679811358451843,-0.2878122925758362,-0.37551936507225037,-0.4335536062717438,0.16331134736537933,0.23658686876296997,0.17856726050376892,-0.032146137207746506,-0.31093350052833557,0.1127401813864708,-0.263090580701828,0.10564278811216354,0.018318094313144684,0.3480502665042877,0.10839814692735672
0.022586055099964142,0.3179686367511749,-0.03483743965625763,-0.12596063315868378,0.05533384531736374,-0.3113212287425995,-0.1390601396560669,-0.2882566452026367,0.6218299865722656,-0.013575122691690922,-0.2606563866138458,-0.2554018497467041,0.19685643911361694,-0.2954253554344177,-0.12862789630889893,-0.12764663994312286
0.21254479885101318,0.19045867025852203,-0.1941637098789215,0.20584991574287415,0.20234324038028717,0.34379467368125916,0.21415139734745026,0.37156587839126587,0.05135415121912956,0.030148882418870926,-0.1945124864578247,0.15352870523929596,-0.17224113643169403,-0.4083465039730072,0.03723539412021637,-0.4823538362979889
-0.17807109653949738,-0.044033199548721313,-0.2825525403022766,0.04243128001689911,-0.17907088994979858,-0.38371527194976807,-0.253675639629364,0.5273980498313904,0.18417929112911224,0.2174573540687561,0.3281750977039337,0.29090866446495056,0.0753973051905632,-0.24472370743751526,-0.011544962413609028,0.15384133160114288
-0.22790296375751495,-0.03496530279517174,0.12968958914279938,-0.07409605383872986,-0.029018932953476906,0.14173975586891174,0.07726263999938965,0.03342142701148987,-0.37498870491981506,-0.06420672684907913,0.1307929903268814,-0.164400115609169,0.5438178777694702,-0.4167790412902832,-0.4819801449775696,-0.07672594487667084
