-0.2824181616306305,-0.1941184103488922,0.6728335022926331,0.3610144853591919,0.03634543716907501,0.17180205881595612,0.3187881410121918,-0.24635395407676697,0.17574314773082733,-0.13892531394958496,-0.11846251785755157,-0.20530812442302704
0.1929863542318344,0.30847862362861633,-0.05498632416129112,0.170938640832901,-0.2369353473186493,-0.08716827630996704,-0.39857757091522217,-0.6491860747337341,0.1091235876083374,0.19779977202415466,-0.20133303105831146,-0.3158188462257385
0.22246064245700836,0.046770911663770676,-0.03779428452253342,-0.48127976059913635,0.2240496128797531,0.17658545076847076,0.3296433389186859,-0.06352359801530838,-0.316068559885025,-0.11544500291347504,-0.31021779775619507,-0.5583219528198242
0.3039911091327667,0.11760862171649933,0.009715206921100616,0.5578097105026245,0.6133956909179688,-0.2717083692550659,-0.10109492391347885,0.17584358155727386,-0.21768705546855927,-0.08280603587627411,-0.19104140996932983,-0.023496299982070923
0.25559642910957336,-0.2246728092432022,-0.20261409878730774,-0.10667751729488373,0.011773201636970043,-0.41092467308044434,0.3153846263885498,-0.3641631603240967,0.33218252658843994,-0.47142186760902405,-0.1417625993490219,0.2792857885360718
-0.029456334188580513,0.1699676364660263,0.3224669396877289,-0.06539712101221085,-0.48439377546310425,-0.542113721370697,0.08740353584289551,0.2965106666088104,-0.25379329919815063,0.04453098028898239,-0.4108734428882599,0.05183161795139313
-0.01365302037447691,-0.09194197505712509,-0.14017903804779053,-0.02529318630695343,0.18709862232208252,-0.01346610113978386,0.27119654417037964,0.10528982430696487,0.44753387570381165,0.6946967244148254,-0.40510332584381104,0.06520429998636246
0.17709529399871826,0.19126127660274506,-0.37876996397972107,0.4659704864025116,-0.41660165786743164,0.17812368273735046,0.4271293878555298,0.25496208667755127,0.1284267008304596,-0.11949938535690308,0.0983971506357193,-0.2797785699367523
0.29845792055130005,0.4490804374217987,0.2570837140083313,-0.1328362673521042,0.002880462910979986,0.44602370262145996,-0.15363681316375732,0.19361330568790436,0.3344723880290985,-0.26507484912872314,-0.2935657501220703,0.31170257925987244
0.2653293013572693,0.011850998736917973,0.045188140124082565,0.12967051565647125,-0.1070156991481781,0.2764006555080414,0.32984790205955505,-0.3400368392467499,-0.5191754698753357,0.2645772099494934,0.0005017707590013742,0.5087094902992249
-0.6927531957626343,0.3317447900772095,-0.36797499656677246,0.08004153519868851,0.11538706719875336,0.08425385504961014,0.06553369760513306,-0.1442289650440216,-0.14692702889442444,-0.2065768539905548,-0.3630128800868988,0.16332294046878815
-0.06297694146633148,0.6441047787666321,0.17622607946395874,-0.15289515256881714,0.21903182566165924,-0.2842382490634918,0.3476090431213379,-0.11122648417949677,0.12401775270700455,0.13170567154884338,0.48169997334480286,-0.0004668010806199163
