-0.27517831325531006,-0.04741816967725754,-0.10106907039880753,-0.39096036553382874,0.030837329104542732,-0.04419736936688423,0.41698941588401794,0.471356064081192,0.12926793098449707,-0.3682664632797241,-0.4551863372325897,-0.02183748595416546
0.04293270409107208,0.21243998408317566,-0.1655283421278,-0.5204685926437378,-0.16850405931472778,-0.33252397179603577,-0.12205960601568222,-0.27393272519111633,0.34659501910209656,0.34534817934036255,-0.09972680360078812,-0.4201177656650543
0.5631359815597534,-0.09239783138036728,0.11486537754535675,-0.18495476245880127,0.26806339621543884,0.1557142734527588,-0.2927304804325104,0.4921669065952301,-0.1718643456697464,0.31684747338294983,-0.2536228895187378,-0.09305088967084885
-0.23463083803653717,0.03323330730199814,0.35026150941848755,-0.034615419805049896,0.055872347205877304,-0.00887629110366106,-0.6986377835273743,0.05767432972788811,0.42868831753730774,-0.3110184371471405,-0.12028950452804565,0.17425291240215302
-0.22838328778743744,-0.5512436032295227,-0.3946475088596344,0.015992004424333572,0.12775515019893646,0.019464028999209404,-0.04205627739429474,0.028509285300970078,0.3118979036808014,0.4571569561958313,-0.033409468829631805,0.4016173183917999
0.01482925284653902,-0.49474042654037476,0.5074087381362915,0.1321728527545929,-0.5330673456192017,-0.1875879466533661,0.09186446666717529,-0.08136557042598724,-0.08357486128807068,0.13678665459156036,-0.33114245533943176,-0.10157882422208786
0.207076758146286,-0.5186640024185181,-0.330421507358551,0.11907817423343658,0.08968920260667801,0.10252982378005981,-0.1433686912059784,-0.11890339851379395,0.118985116481781,-0.4476175010204315,0.0634891465306282,-0.5412505865097046
-0.4574882388114929,0.12894076108932495,-0.2594393193721771,0.23151546716690063,0.08563793450593948,0.0485411062836647,-0.3060890734195709,-0.10140127688646317,-0.467080682516098,0.1383868008852005,-0.4956270158290863,-0.23779763281345367
0.09547589719295502,0.3067152500152588,-0.18008185923099518,0.5251601338386536,-0.37266209721565247,0.2518199682235718,0.06401176005601883,0.32118621468544006,0.4636562168598175,0.1402936577796936,-0.13321048021316528,-0.16320107877254486
-0.18012073636054993,-0.043423037976026535,0.21336080133914948,-0.3015822768211365,-0.04101342335343361,0.8522714972496033,0.09567497670650482,-0.23523066937923431,0.06226717308163643,0.12443861365318298,0.0069038826040923595,-0.13133205473423004
-0.1725393831729889,-0.007949654944241047,0.393013060092926,0.2832946181297302,0.6386662721633911,-0.14632859826087952,0.2819807231426239,-0.03474654257297516,0.26506614685058594,0.20322640240192413,-0.018618673086166382,-0.3369201719760895
-0.4175839424133301,-0.11259390413761139,0.06632767617702484,-0.09138704091310501,-0.17708851397037506,-0.05931094288825989,-0.1421864777803421,0.5154378414154053,-0.15539343655109406,0.15590937435626984,0.5705101490020752,-0.3247918486595154
