0.42340540885925293,0.38522693514823914,-0.26980075240135193,0.293099045753479,0.10901284962892532,0.3332412540912628,0.608110785484314,0.14455726742744446
-0.3027631342411041,-0.06510835140943527,-0.2690449357032776,-0.2079322636127472,0.24267135560512543,0.8038068413734436,-0.2733404338359833,0.09362595528364182
0.18380136787891388,0.2749806344509125,-0.45314377546310425,0.3490758240222931,-0.1525491625070572,-0.1767587661743164,-0.6277908682823181,0.33878499269485474
0.15598167479038239,-0.7716915011405945,-0.30088624358177185,0.23271413147449493,0.40657272934913635,-0.15464180707931519,0.10135277360677719,0.18969932198524475
-0.43988436460494995,0.1612653136253357,-0.6724555492401123,-0.1067623421549797,0.06513656675815582,-0.30420857667922974,0.21177321672439575,-0.4186476469039917
-0.13581547141075134,0.2987721264362335,0.2967588007450104,0.4012528657913208,0.7372152805328369,-0.08166880160570145,-0.1864381581544876,-0.24146687984466553
-0.025424320250749588,-0.2466522455215454,0.01194410677999258,0.6081053018569946,-0.4078759551048279,0.29574912786483765,-0.07048789411783218,-0.5565827488899231
0.6770212650299072,-0.011442066170275211,-0.13617688417434692,-0.39071089029312134,0.162983700633049,0.03173673897981644,-0.25791385769844055,-0.5255665183067322
