0.44606664776802063,-0.29457762837409973,0.535308837890625,-0.19453749060630798,-0.4397205114364624,-0.37621912360191345,0.2189239263534546,0.08381789177656174
0.002068696077913046,-0.25205445289611816,-0.17296108603477478,0.1917063295841217,0.4494999349117279,-0.27389371395111084,0.7494815587997437,-0.17608624696731567
-0.35043707489967346,-0.45275044441223145,0.4158893823623657,0.3711068630218506,-0.16166260838508606,0.5079073905944824,0.06899586319923401,-0.2695609927177429
-0.7605127692222595,0.1228080615401268,0.14794307947158813,-0.515396237373352,-0.14174306392669678,-0.23871737718582153,0.20448526740074158,-0.011320226825773716
0.022601518779993057,-0.2216685265302658,-0.6598930954933167,-0.09457074105739594,-0.632246196269989,0.2020474076271057,0.2549592852592468,0.019755465909838676
0.17129631340503693,0.7040222883224487,0.14997681975364685,0.08372297883033752,-0.23193098604679108,0.17901262640953064,0.3375442326068878,-0.495715469121933
-0.1588071584701538,-0.06894490122795105,-0.158037930727005,0.38633015751838684,-0.2293226569890976,-0.6095896363258362,-0.3590196371078491,-0.4926634728908539
0.21157582104206085,-0.28300273418426514,-0.07583117485046387,-0.5973646640777588,0.22859396040439606,0.15498068928718567,-0.18957726657390594,-0.6327193975448608
