0.007310362067073584,-0.617354691028595,0.4415552020072937,0.2758079171180725,-0.38796404004096985,-0.02799096517264843,0.09078506380319595,0.31391260027885437,0.29619908332824707,0.04427746683359146
0.2788054645061493,-0.40704190731048584,-0.3503933846950531,0.22058461606502533,0.4276934862136841,0.1238241195678711,-0.021149523556232452,0.2878408133983612,-0.1875394731760025,-0.518099844455719
-0.7166492938995361,-0.3640858232975006,-0.36322104930877686,-0.05759376659989357,-0.0410117506980896,0.07100021839141846,0.22073030471801758,-0.35129234194755554,0.13368993997573853,-0.1479393094778061
-0.3118771016597748,-0.028012285009026527,0.13030493259429932,0.4436963200569153,0.07326679676771164,0.46302348375320435,-0.25153282284736633,0.03578747808933258,-0.531308650970459,0.34857237339019775
-0.2965374290943146,0.4030766189098358,0.08986248821020126,0.22566500306129456,0.13350151479244232,-0.06392742693424225,0.6564612984657288,0.4766029119491577,-0.019029805436730385,-0.10114141553640366
-0.12007570266723633,-0.08263041079044342,-0.5175610184669495,-0.29372280836105347,-0.16939093172550201,-0.1062326654791832,-0.1903817355632782,0.6144980788230896,-0.010765851475298405,0.413116991519928
-0.4254557490348816,0.10688955336809158,0.23330402374267578,0.10645981132984161,0.2592078447341919,-0.4799642264842987,-0.579829216003418,0.16254043579101562,0.12441793084144592,-0.2571835219860077
-0.11299904435873032,-0.12585456669330597,0.28763094544410706,-0.5178478956222534,-0.26904916763305664,-0.0851660668849945,0.0682622492313385,0.10060705989599228,-0.6443161964416504,-0.3330557942390442
0.11520655453205109,0.04018661007285118,-0.3104614019393921,0.49532806873321533,-0.4169176518917084,-0.5664536356925964,0.05412770062685013,-0.18851150572299957,-0.3316480219364166,-0.015160176903009415
-0.04423223435878754,0.3488108813762665,-0.1544410139322281,0.11418592929840088,-0.5473568439483643,0.4365702271461487,-0.2614193260669708,0.13070814311504364,0.18931342661380768,-0.47752341628074646
