-0.3657386898994446,-0.4375912547111511,-0.12822416424751282,-0.032159093767404556,-0.5450350046157837,-0.42894619703292847,-0.13759735226631165,-0.39658716320991516
0.12818247079849243,0.29814010858535767,-0.019396541640162468,-0.19497059285640717,-0.6832833886146545,-0.12255165725946426,0.16569770872592926,0.5890142917633057
-0.00719006173312664,-0.05248343572020531,0.2643488347530365,0.6859578490257263,-0.38620778918266296,0.5064535140991211,-0.2255883812904358,-0.015289458446204662
-0.08499068766832352,0.2617674469947815,0.184524804353714,0.5028088092803955,0.21265709400177002,-0.6918137073516846,-0.24588297307491302,0.2304302603006363
-0.0580463781952858,0.09616119414567947,-0.23118244111537933,0.41904786229133606,-0.02185385301709175,-0.08299636840820312,0.8464578986167908,-0.18568551540374756
0.015423104166984558,-0.608762264251709,0.6361432671546936,-0.05546346306800842,0.09571752697229385,-0.08953224867582321,0.3322991132736206,0.30629727244377136
0.5885095000267029,-0.48663005232810974,-0.5306103229522705,0.23187826573848724,0.03960350155830383,-0.09540006518363953,-0.1203121766448021,0.23746357858181
0.701839029788971,0.17805632948875427,0.37360623478889465,-0.07179185748100281,-0.17455685138702393,-0.20463798940181732,0.029535343870520592,-0.5077029466629028
