0.0738445371389389,-0.7687235474586487,-0.09164749830961227,0.39738190174102783,-0.41721516847610474,-0.11300132423639297,0.06339644640684128,-0.21550700068473816
0.07238244265317917,-0.07596298307180405,-0.2989586889743805,-0.6980109810829163,-0.2563776969909668,0.26844674348831177,0.32103055715560913,-0.41417238116264343
0.3289126753807068,0.3951203227043152,-0.02760048396885395,0.26212719082832336,-0.01455207820981741,-0.5125407576560974,0.5308884978294373,-0.34852832555770874
0.40729883313179016,0.23601026833057404,0.47562357783317566,0.0577351339161396,-0.3457138240337372,0.248464897274971,-0.4603840708732605,-0.3945283889770508
0.2260577380657196,-0.2570832371711731,0.6929396390914917,-0.18561889231204987,0.0650847777724266,0.11290248483419418,0.49930721521377563,0.31921425461769104
-0.3442034423351288,0.23528960347175598,0.11406306177377701,-0.15404054522514343,-0.7538814544677734,-0.32189229130744934,0.013525311835110188,0.3424732983112335
0.4984653890132904,0.1711350977420807,-0.4062725901603699,0.2443278282880783,-0.247640922665596,0.4288654029369354,0.14498211443424225,0.48085328936576843
0.5451479554176331,-0.20182405412197113,-0.1304333209991455,-0.4061325192451477,0.08107790350914001,-0.5389306545257568,-0.35862934589385986,0.23342424631118774
