-2.579261035862146e-07,-3.011354579030012e-07,6.334977342703496e-08,-3.097852996347683e-08,1.486433642838847e-08,1.000002145767212,1.1211631800733812e-07,-4.35783640284626e-08
1.2106217184282286e-07,-1.5843261280679144e-07,5.607410979990846e-09,-6.018672848995266e-08,-5.599057217864356e-08,2.0765953934187564e-07,-2.720357201724255e-07,1.0000004768371582
1.5558504173895926e-07,3.787889113482379e-09,-5.0808122153966906e-08,0.9999999403953552,-1.892722423235682e-08,2.1917112746905332e-07,-1.3339470683604304e-07,3.459925324023061e-08
1.0028460728506161e-08,-9.160761038629062e-08,8.641858073588082e-08,4.330299248067604e-07,0.9999982118606567,-4.695406286003845e-09,1.3160082801277895e-07,-3.183353101121611e-07
-2.481951071331423e-07,1.0000015497207642,-2.705620616438864e-08,1.0157810237387821e-07,5.745478404151072e-08,1.0187820009832649e-07,-3.071246723607146e-08,1.5404461706225447e-08
-1.0464979283142384e-07,-6.433283772366849e-08,-1.0814472517495233e-07,8.60326210272433e-08,7.639879839871355e-08,6.109087991035267e-08,0.9999977350234985,1.43906973448793e-07
-2.354304768914517e-07,-5.90016284718331e-08,0.9999975562095642,-5.368752908907481e-07,-9.048747529050161e-08,-6.494016702163208e-08,5.831883242990443e-08,-1.1016842194067067e-07
0.9999983906745911,-2.7890978415712198e-09,2.090575890179025e-07,-2.994948289369859e-08,-1.9178942523012665e-07,-1.393119504200513e-07,-3.5752540838984714e-07,1.0748885159728161e-07
