5.125176016917976e-08,6.278969522099942e-08,-4.75872603544758e-08,7.158464399026343e-08,1.0493050695004058e-07,2.0615853202343715e-07,0.9999986886978149,-4.1809105510992595e-08,-3.0348977020366874e-07,-6.540201979987614e-08
6.354738957270456e-08,0.9999986290931702,-2.3606341770232575e-08,-7.556615599924044e-08,-6.1373093274141866e-09,-4.2912149389451315e-09,2.4390908492932795e-07,6.765834115185498e-08,-6.890127224323805e-08,-1.7387375805810734e-07
2.4759108896432735e-07,-1.871735122449536e-08,1.000002145767212,1.490837320261562e-07,3.993307373661992e-08,3.3174778479860834e-08,-4.2598596650123e-08,-6.822275366857866e-08,9.412512724793487e-08,-9.630279151906507e-08
-5.7579878642854965e-08,3.113558761924651e-07,-2.3296941265016358e-08,-2.3327952192175871e-07,2.898480033763917e-07,4.113631391078343e-08,9.690798918882138e-08,1.0860679822144448e-07,0.9999974966049194,-1.9530698125436174e-07
-6.617616321591413e-08,-8.095236836425102e-08,6.569401733713676e-08,6.50250626677007e-08,0.9999986886978149,1.1530097765444225e-07,-7.538599788858846e-08,-4.152243704425018e-08,7.739273399920421e-08,-4.849382051475004e-08
0.9999984502792358,4.390008356836006e-08,-9.861226146767876e-08,-2.5130049152721767e-07,2.0746317375142098e-07,-5.0645102334101466e-08,-2.177622633325882e-07,-7.594757533979646e-08,-4.3520241632677426e-08,7.557237324817834e-08
5.032337924149033e-08,3.835215522940416e-08,7.665186529948187e-08,-1.4402885994968528e-07,7.656206690853651e-08,2.4172022605739585e-08,-1.5705937528309732e-07,1.0000020265579224,7.842437810268166e-08,-2.478817577866721e-07
5.681398818069283e-08,-2.3669070259302316e-08,2.8887368941354907e-08,0.9999979734420776,-5.224477561682761e-08,-3.279679461343221e-08,3.648797886057764e-08,-1.3771542128893088e-08,5.789318243548669e-12,1.9113723226382717e-07
-2.7406899860693557e-08,-1.0688965090821512e-07,6.284806630674211e-08,-6.664907203912662e-08,-7.280551983512851e-08,0.9999975562095642,-1.0338971456747004e-08,-2.4935582132457057e-07,1.5867260572122177e-07,-2.5742586728938477e-08
-3.684521132640839e-08,-5.531403246550326e-08,1.0585855747535788e-08,2.721440637287742e-07,-1.519897381285773e-07,-7.118774902892255e-08,1.5089756288944045e-07,-1.362285217965109e-07,-1.0819997697808503e-07,0.999998927116394
