1.3433709966648166e-07,-1.5190208557669393e-07,1.609856212780869e-07,-1.6369666866467014e-07,5.066360841965434e-08,-1.0559701735246563e-07,1.0000015497207642,-8.662905059964032e-08,-1.360985777409951e-07,1.676434635555779e-07,6.778042660471328e-08,2.9074918472815625e-08,-1.514486740461507e-07,4.2985217163504785e-08,8.801016093684666e-08,3.0354027558132657e-07
8.509587701155397e-08,9.673505729779208e-08,-7.09850267455181e-09,-1.0186762011699102e-07,6.567725563400018e-08,2.7680332692625598e-08,-4.852688562095864e-07,2.4137991161410355e-08,-8.000874629487953e-08,7.236061971838126e-09,6.843592803562615e-09,-5.8756288723316175e-08,-2.107622947278287e-07,1.0000014305114746,-2.7235479649334593e-08,-2.1187794629895507e-07
1.7173812238979735e-07,-3.3400280585738074e-07,1.7441585953292815e-07,4.572501310917687e-08,1.0000014305114746,-1.0109552306403202e-07,-1.0261409499889851e-07,6.386102313626907e-08,5.7966452970958926e-08,-2.3705756291292346e-07,1.0658612836778047e-07,1.51045583152154e-07,5.971955374661775e-08,1.4352092136959982e-07,-3.4798155468251935e-08,-1.3892334038700938e-07
1.2618914979611873e-07,2.5944174808500975e-07,0.9999986886978149,6.40806376850378e-08,1.6798102819848282e-07,-8.85653790305696e-08,-2.3916115310385067e-08,6.527046281235016e-08,3.209634371614811e-07,-6.93432369303082e-08,-9.069135131767325e-08,-4.638040351778727e-08,1.465151768798023e-07,1.2845660535276693e-07,3.0594517141935285e-08,5.0630507786308954e-08
-6.751100301016777e-08,8.621481129011954e-08,1.737743389185198e-07,2.0445233062105217e-08,-6.86981351805116e-08,7.454664086026241e-08,7.665671120093975e-08,-1.4399188330571633e-07,1.0000001192092896,-4.36683400550919e-08,-1.5201391079244786e-07,2.154045262159343e-07,3.4888046229752945e-08,6.777951000458415e-08,5.70953346823444e-08,-2.2947156708141847e-07
-1.8791510569826642e-07,-5.687522275366064e-08,2.1058989219113755e-08,-1.7884211445107212e-07,-1.8414682756429102e-07,-1.7625291093281703e-07,-1.8874375484756456e-07,-3.771311085642992e-08,1.950673933492908e-08,3.330503091092396e-07,6.970139310169543e-08,-1.825985833647792e-07,0.9999995231628418,-1.020861546408014e-07,5.302127803474832e-08,1.5754496018871578e-07
2.5969777084355883e-07,1.5251114149350542e-08,-1.2892019185528625e-07,5.3316533410452394e-08,6.564132348785279e-08,6.498918025954481e-08,9.886182539275978e-08,1.2872949639586295e-07,1.4629846134539548e-07,6.609705849314196e-08,-5.758454335591523e-08,3.2418437712067316e-08,8.23516632664223e-09,8.440922272257012e-08,1.0,-1.4588226804335136e-07
3.841548945615614e-08,6.059926249690761e-08,-8.482010116495076e-08,1.4219278909877175e-07,-1.682017902737698e-08,-8.743892010443233e-08,-8.058383116349432e-08,8.16985590290642e-08,6.789592532641109e-08,1.5989724033715902e-07,1.0000020265579224,5.0147164643021824e-08,6.469964120014993e-08,-2.3255772418906417e-07,1.403399951804829e-09,7.436808857619326e-08
-1.679577898983098e-08,-1.2729874754313641e-07,6.541016972505531e-08,-7.533490986588731e-08,-5.136596925581216e-08,0.9999998807907104,7.404234025898404e-08,-9.110588905514305e-08,1.9366399328646366e-07,-3.4857291097978305e-07,2.417134794541198e-07,2.584776268577116e-07,1.249307928219423e-07,6.015137188342123e-08,9.570527481628233e-08,3.959538474873625e-08
-5.1242185605815394e-08,7.133465373954095e-08,1.461890235532337e-07,7.839593507696918e-08,1.804655767045915e-07,-6.368370009113278e-08,7.165995441482664e-08,2.1961510388024408e-09,1.0056013621806414e-07,1.0000016689300537,1.690896880290893e-07,1.7220212100710341e-07,2.8528125994853326e-07,-1.999179346512392e-07,-1.0980829046047802e-07,5.850813877827932e-08
3.506017520749083e-08,-8.611390711621425e-09,6.858940082565823e-08,2.1718847165175248e-08,1.0423357110767029e-07,4.012803174191504e-07,-1.9774562076690927e-07,7.564491966149944e-08,-5.712566064630664e-08,-1.608904369732045e-07,1.0754447998806427e-07,0.9999976754188538,-1.974777674718098e-08,-1.5218822113638453e-07,2.790939213070942e-08,-6.752555492539614e-08
-5.619950371738014e-08,0.9999995231628418,-1.6290155713249987e-07,1.6340139552539767e-07,-1.4790069258197036e-07,-3.428841566233132e-08,6.340650315905805e-08,1.2882898658972408e-07,9.224920916039991e-08,-4.477287429693888e-09,4.499258565715536e-08,-7.239813726300781e-08,-8.329850942345729e-08,-1.4471589793174644e-07,6.5798069215361465e-09,-1.0705119279919018e-07
2.1525568172364729e-07,-4.8827811127694076e-08,7.027485704469427e-09,-2.111859664921667e-08,1.4627720190674154e-07,-3.612841936728728e-08,1.4375829948676255e-07,9.393382782718618e-08,-4.0865817396706916e-08,6.991901813080403e-08,1.5416821952385362e-07,-1.8307427795960507e-09,7.235733789912047e-08,5.321406604252843e-08,5.81671564248154e-08,0.999998152256012
0.999997615814209,8.053991251699699e-08,6.227657678437026e-08,1.0288153617921125e-07,8.256213135382495e-08,-9.850701587765798e-08,1.0424327001601341e-07,-1.4555702421148453e-07,-1.0506931857889867e-07,2.094758322357393e-08,4.070092529673275e-07,3.422404049047145e-08,2.524750897237027e-08,1.519385222081837e-07,-8.439975118790244e-08,-8.021585529149888e-08
-2.0661816790834564e-07,-1.4617906174407835e-07,-1.1794085708061175e-07,3.50515392710804e-07,-9.980116288943464e-08,-3.1069709027775616e-09,-1.9755171365432034e-07,0.9999978542327881,6.263070417844574e-08,5.963428861832654e-08,-2.567519175045163e-07,7.119774991792838e-09,-5.3416222556279536e-08,-7.224259235272257e-08,-2.7472013996998612e-08,-9.07172008624002e-08
1.933187609992615e-09,3.5969168976635046e-08,6.451936940266023e-08,1.0000003576278687,-5.044025996880919e-08,7.860992923269805e-08,-8.260137462912098e-08,-7.639757626520804e-08,1.0512457748745874e-07,-3.985099894521227e-08,-1.1329102278523351e-07,-7.332527474090966e-08,-1.1141784739265859e-07,-1.5924577212445e-08,3.736401055220995e-08,1.4885554833199421e-07
