-0.38189104199409485,0.014203468337655067,-0.7680562734603882,0.025330452248454094,0.14897069334983826,-0.12167978286743164,-0.15070776641368866,0.45099878311157227,-0.01416241005063057,0.009587169624865055
-0.2589969336986542,0.5597765445709229,0.15369737148284912,-0.36565712094306946,0.603412389755249,-0.06782824546098709,0.07159099727869034,-0.1516699492931366,-0.20727619528770447,-0.14981016516685486
0.09597482532262802,-0.1554831862449646,-0.05298873782157898,-0.19128724932670593,0.2989169955253601,0.3596842288970947,-0.30662599205970764,-0.06817231327295303,0.7020167112350464,-0.34204620122909546
-0.03655000030994415,-0.1885562688112259,-0.14258117973804474,-0.12208399176597595,0.012081307359039783,0.6239992380142212,-0.3988370895385742,-0.2494748830795288,-0.5533643960952759,0.10408160090446472
0.0865870788693428,-0.3029974699020386,-0.13403788208961487,0.1438145637512207,0.045812297612428665,-0.20475932955741882,0.1478283554315567,-0.16695334017276764,-0.31471243500709534,-0.8180773258209229
-0.26216208934783936,0.46018287539482117,0.15117698907852173,0.557259202003479,-0.20347340404987335,0.45936262607574463,0.034865327179431915,0.20013877749443054,0.04013361036777496,-0.3013489246368408
-0.35715195536613464,0.14213435351848602,0.02241768129169941,0.112274669110775,-0.2894391417503357,-0.4026699960231781,-0.5890120267868042,-0.4802948534488678,0.11714444309473038,-0.04328665882349014
0.24100066721439362,0.24245217442512512,-0.5153623223304749,0.2892906367778778,0.10084298253059387,0.09603928029537201,0.33178579807281494,-0.5933184623718262,0.14289316534996033,0.1786823570728302
0.45190781354904175,0.05292298644781113,0.10645333677530289,0.5104907751083374,0.4829513430595398,-0.19095531105995178,-0.43911871314048767,0.16932183504104614,-0.13148871064186096,0.11204812675714493
-0.5571778416633606,-0.4912797808647156,0.2123081237077713,0.3550213873386383,0.39181652665138245,0.03276814892888069,0.21484607458114624,-0.16553834080696106,0.07556003332138062,0.20789135992527008
