-3.152398520001043e-08,1.7413941577615333e-07,-6.443162448022122e-08,7.726153938847347e-08,-8.232779435957127e-08,9.420761415412926e-08,0.9999982118606567,-7.344183927671111e-08
-6.3319333776235e-08,-3.428990851261915e-07,4.5689154148931266e-07,-1.5976689837771119e-07,9.904680098316021e-08,-7.931441103892212e-08,1.6914945888402144e-07,1.0000011920928955
3.4679235483281445e-08,2.5141551063256884e-08,-9.405444956200881e-08,1.4469507902958867e-07,0.9999975562095642,-7.720564099145122e-08,1.6937917735049268e-07,-1.099008084537445e-08
-6.379750772111947e-08,-1.1997595095181168e-07,0.9999991655349731,2.560265954798524e-07,-9.17533782285318e-08,-6.510504846346521e-08,-7.846135474665061e-08,7.626486109302277e-08
0.9999995827674866,-2.612687808323244e-07,-7.047246697311493e-08,-7.278858049630799e-08,1.5827390598133206e-07,5.025833260674517e-08,-1.0532953353958874e-07,-2.3581780794756924e-07
-7.145424518739674e-08,-3.035794193806396e-08,-6.498948579292119e-08,0.9999982714653015,-1.502193569535848e-08,-9.813304302497272e-08,1.5307519163343386e-07,-3.274244022577477e-07
-3.927378315893293e-07,1.0000016689300537,-1.561847184916587e-08,-5.413856030145325e-09,-3.032527828850107e-08,2.442243669520394e-07,-2.3734403953312722e-07,-6.771377059067163e-08
7.776306887308237e-08,8.725538691578549e-08,4.081551452372878e-08,-8.53570192305142e-09,4.0095653019989186e-08,0.9999983310699463,6.341694103184636e-08,-1.104203803947712e-07
