0.21837422251701355,0.21696534752845764,-0.4858687222003937,0.7393879890441895,-0.010648608207702637,0.26157864928245544,-0.17516539990901947,-0.1524919718503952
0.34264472126960754,-0.6015675067901611,-0.0988294929265976,-0.07351183146238327,0.13623417913913727,0.3362310528755188,-0.31604084372520447,0.5234969258308411
0.12184782326221466,0.12712036073207855,0.12337356805801392,0.26407867670059204,0.7689260840415955,-0.2849839925765991,0.33698368072509766,0.3130742609500885
0.17812737822532654,-0.22467604279518127,0.2026396244764328,-0.003932666499167681,0.09800881147384644,0.6009942889213562,0.5953871607780457,-0.3891381621360779
0.5210744738578796,0.15142500400543213,0.0792844370007515,0.09493070095777512,-0.5685163140296936,-0.1961159110069275,0.4208252727985382,0.38921594619750977
0.13124780356884003,0.15712375938892365,0.823184609413147,0.3044413626194,-0.041869815438985825,0.1360054761171341,-0.40818527340888977,-0.03007456287741661
0.7059231996536255,0.15249161422252655,-0.0896012932062149,-0.38244786858558655,0.21228522062301636,-0.20055365562438965,-0.23738649487495422,-0.4271799921989441
0.035487011075019836,-0.673448383808136,0.0770280733704567,0.36081019043922424,-0.10221051424741745,-0.5281434655189514,0.036485351622104645,-0.34405797719955444
