-0.2931972146034241,0.23314490914344788,0.18037766218185425,-0.37182050943374634,0.004882595501840115,-0.006191390100866556,0.3636065721511841,0.14802412688732147,0.2869957983493805,-0.4142897129058838,-0.0864744484424591,-0.44774308800697327,0.04810168594121933,0.23406584560871124,-0.09766153246164322,0.07821057736873627
0.12956242263317108,-0.15383681654930115,0.15429270267486572,0.06585514545440674,0.22459737956523895,0.23316015303134918,0.4805990755558014,0.28775084018707275,0.2620703876018524,0.040261946618556976,0.28722313046455383,0.320320725440979,-0.3772752583026886,0.03105272725224495,0.3284081518650055,0.07914477586746216
-0.0729105994105339,0.13970054686069489,0.29237309098243713,-0.26563307642936707,0.1011609360575676,-0.08801169693470001,-0.29654836654663086,0.05494232103228569,0.15769803524017334,0.08876563608646393,0.18497999012470245,0.37596020102500916,0.5429884791374207,0.1748565435409546,0.24991446733474731,0.33764562010765076
-0.4332500696182251,0.02275768853724003,0.03684237226843834,0.376975417137146,0.4349502623081207,-0.031119445338845253,-0.11209873110055923,-0.15486636757850647,0.17721840739250183,-0.15789850056171417,-0.29194679856300354,0.3507937788963318,-0.11266303062438965,0.31037095189094543,-0.22145716845989227,-0.13753263652324677
-0.08848229050636292,-0.26373669505119324,0.51255863904953,0.021575020626187325,-0.13572418689727783,-0.4531274437904358,0.32909998297691345,-0.07088861614465714,-0.31638190150260925,0.19662794470787048,0.19671455025672913,0.07622141391038895,0.01957511343061924,0.15392841398715973,-0.3302690386772156,-0.07702590525150299
0.37997913360595703,0.06066295877099037,0.06797076761722565,0.21616728603839874,-0.08552707731723785,-0.053026046603918076,-0.12982550263404846,0.7085485458374023,-0.20639850199222565,-0.2437385469675064,-0.24916082620620728,0.08572705835103989,0.0636177733540535,0.2615906894207001,-0.16261006891727448,0.03474828600883484
-0.3393229842185974,-0.43529272079467773,0.14364506304264069,0.30213284492492676,-0.38346385955810547,0.294401615858078,0.1416718065738678,0.04407152161002159,-0.03929760307073593,-0.13932204246520996,-0.27734240889549255,-0.009502379223704338,0.34338894486427307,-0.12580980360507965,0.3082975149154663,0.03126247972249985
-0.41232624650001526,0.0526001937687397,0.06034044548869133,-0.42020654678344727,-0.06556493043899536,0.3195284903049469,-0.12262008339166641,0.28582772612571716,-0.29129189252853394,0.0482836477458477,-0.05122227594256401,0.30801406502723694,-0.24033191800117493,-0.33730340003967285,-0.2931314706802368,0.041681017726659775
0.030483173206448555,0.10787370800971985,-0.1454601287841797,-0.06692469120025635,0.24418477714061737,0.4850696325302124,0.23017321527004242,-0.06129986420273781,-0.432684987783432,0.07871130853891373,0.18909482657909393,-0.025675693526864052,0.36259186267852783,0.35415977239608765,-0.011273245327174664,-0.3511170744895935
-0.21201512217521667,-0.23074644804000854,-0.2112983763217926,-0.27707356214523315,-0.2908232510089874,-0.17436596751213074,-0.26064127683639526,0.08799630403518677,-0.05216720327734947,0.01064385287463665,0.07182911038398743,0.030156588181853294,-0.3087104260921478,0.517489492893219,0.3703252077102661,-0.2838788628578186
-0.1676218956708908,0.016838915646076202,-0.16690035164356232,0.30382564663887024,-0.353800505399704,0.25235897302627563,-0.12278711795806885,0.11377263069152832,0.31198614835739136,0.1777154803276062,0.4907724857330322,-0.09016066044569016,0.022151101380586624,0.21732115745544434,-0.41762521862983704,0.18584424257278442
-0.13898488879203796,0.712832510471344,-0.02900155447423458,0.20026685297489166,-0.3862244188785553,-0.12600086629390717,0.27834680676460266,0.004526201169937849,-0.03809887543320656,0.24381428956985474,-0.14630381762981415,0.21469496190547943,-0.03516349196434021,-0.003457654733210802,0.21234215795993805,-0.11971434205770493
-0.1931104212999344,0.21981187164783478,0.28839391469955444,0.3010641932487488,0.10764598846435547,-0.05169929936528206,-0.28416740894317627,0.07411161810159683,-0.23757684230804443,-0.3864435851573944,0.4896033704280853,-0.20041757822036743,-0.10550187528133392,-0.2246694713830948,0.24515977501869202,-0.18084470927715302
-0.26938632130622864,-0.10117055475711823,-0.23971006274223328,0.03300384804606438,0.2850644290447235,-0.30538246035575867,0.056912053376436234,0.49240338802337646,0.18433500826358795,0.36305302381515503,0.038219623267650604,-0.17394866049289703,0.27332890033721924,-0.2518872320652008,0.0313493050634861,-0.31903165578842163
-0.24219511449337006,-0.022186636924743652,-0.4453500211238861,0.1159001886844635,0.16429680585861206,-0.23025700449943542,0.197193443775177,0.03279102221131325,-0.414762407541275,-0.07832525670528412,0.08163530379533768,-0.038756243884563446,-0.033356718719005585,0.07746817916631699,0.11334259808063507,0.6346795558929443
0.07106604427099228,-0.06420478969812393,-0.36295104026794434,-0.10421667993068695,-0.18613776564598083,-0.21394136548042297,0.19924096763134003,-0.06392235308885574,0.11139872670173645,-0.538054347038269,0.24339069426059723,0.44348350167274475,0.22860346734523773,-0.18769186735153198,-0.15464439988136292,-0.23409466445446014
