-0.044325001537799835,-0.028825482353568077,-0.518731415271759,-0.4875076711177826,-0.13471652567386627,0.12752418220043182,0.0017917775548994541,0.24887503683567047,-0.030911242589354515,-0.2033710926771164,-0.15052662789821625,0.22220012545585632,0.1422940045595169,-0.1553172618150711,-0.06611236184835434,-0.4806428551673889
0.6194483041763306,0.0956246554851532,0.14518435299396515,-0.12259325385093689,-0.03796770051121712,-0.0787506252527237,-0.04062941297888756,-0.1927092969417572,-0.041626133024692535,0.3064780533313751,-0.26834291219711304,-0.42303746938705444,0.13058379292488098,-0.22198539972305298,0.004148153122514486,-0.33410435914993286
-0.21766255795955658,0.22069239616394043,-0.21828684210777283,-0.18566183745861053,0.19952571392059326,-0.026451366022229195,-0.07194928824901581,0.2178962528705597,-0.2403588443994522,0.18014466762542725,0.1894015371799469,-0.3495425879955292,0.10657429695129395,-0.37869295477867126,0.4945791959762573,0.2845699191093445
0.21100425720214844,0.18544818460941315,-0.4540807604789734,0.5640032887458801,-0.12148226052522659,0.11868775635957718,0.04586891829967499,-0.05105605348944664,0.17102612555027008,-0.16321371495723724,-0.008184012025594711,-0.05638664588332176,-0.13488620519638062,0.1568305790424347,0.47278961539268494,-0.19438707828521729
0.3234036862850189,0.04463469609618187,-0.19747750461101532,-0.1726939082145691,-0.2486717402935028,0.2292456030845642,0.4010058343410492,-0.1375635266304016,0.13353168964385986,0.16563095152378082,0.5431322455406189,0.06352575123310089,0.29781797528266907,0.0768638476729393,-0.12140296399593353,0.2772033214569092
-0.0065972767770290375,-0.05609210953116417,-0.1252620667219162,-0.030373115092515945,0.02190331555902958,-0.4479353129863739,-0.28805506229400635,-0.3590557873249054,-0.05131601542234421,-0.028984101489186287,-0.10288622975349426,0.2579016387462616,0.6114925742149353,0.22457008063793182,0.22762414813041687,0.10215765237808228
0.10236404091119766,0.33180442452430725,0.21951739490032196,-0.1677345186471939,-0.25868502259254456,-0.2882997691631317,0.043058350682258606,0.5647811889648438,0.27428507804870605,0.2574377954006195,-0.11060233414173126,0.1852302849292755,-0.042992979288101196,0.30965569615364075,0.2109091579914093,0.0443924218416214
0.12349832057952881,0.18590690195560455,-0.03384941443800926,-0.13380184769630432,0.019121112301945686,-0.3792478144168854,0.20437480509281158,-0.32169318199157715,0.1960410624742508,-0.12955117225646973,-0.026036793366074562,0.3835236132144928,-0.39245176315307617,-0.5069226026535034,0.08844660967588425,0.1410389095544815
-0.3195868730545044,-0.0046946643851697445,0.21533994376659393,-0.39875689148902893,0.0004498315684031695,0.3185226619243622,0.11415470391511917,-0.41355961561203003,0.39434897899627686,0.01272839866578579,-0.10666117817163467,-0.14370478689670563,-0.060117047280073166,0.20669905841350555,0.3949013948440552,-0.13021714985370636
0.3366765081882477,0.05913720652461052,0.1409245878458023,-0.12790422141551971,0.19445466995239258,0.21985605359077454,-0.6069665551185608,0.13344645500183105,0.3745417892932892,-0.3858368396759033,0.24128885567188263,0.022472931072115898,0.03169400617480278,-0.097281813621521,0.014074742794036865,0.12658315896987915
-0.20131029188632965,0.04438243806362152,-0.10776034742593765,-0.020356176421046257,-0.7545833587646484,-0.12750640511512756,-0.2738337814807892,-0.11029282957315445,0.0908861830830574,-0.15660612285137177,-0.07917145639657974,-0.36686238646507263,-0.07209722697734833,-0.10481037199497223,-0.17928250133991241,0.22518518567085266
0.045752156525850296,0.3725033700466156,-0.23557788133621216,-0.21199247241020203,0.06804636120796204,0.07386396825313568,-0.36944708228111267,-0.26487767696380615,-0.32064735889434814,0.28538766503334045,0.1219215840101242,0.11032140254974365,-0.4199584126472473,0.3644501268863678,-0.14651717245578766,-0.004556713625788689
0.18862135708332062,-0.5199059844017029,-0.2739809453487396,-0.25076374411582947,0.1873350888490677,-0.39493662118911743,0.09305823594331741,0.08488839864730835,0.10961799323558807,-0.10937047749757767,0.07800112664699554,-0.33878517150878906,-0.3053635060787201,0.31103256344795227,0.0425623282790184,0.11224471032619476
-0.09374464303255081,-0.48088085651397705,-0.05040884390473366,0.1315412074327469,-0.16155743598937988,0.010655992664396763,-0.31786274909973145,0.010730395093560219,0.21378891170024872,0.5764802694320679,0.24908143281936646,0.22106966376304626,-0.11369309574365616,-0.23436737060546875,0.12910030782222748,-0.1982104778289795
-0.29115113615989685,0.32402467727661133,-0.0399165041744709,0.09974303841590881,0.20529401302337646,-0.36731210350990295,0.02557726949453354,-0.04063662886619568,0.33091333508491516,0.013381964527070522,0.41272294521331787,-0.2475062906742096,0.1173572838306427,-0.0005066758603788912,-0.2936781942844391,-0.4219318628311157
-0.06939151138067245,0.07965930551290512,-0.37341541051864624,0.08424995094537735,0.284713476896286,0.14173953235149384,-0.019899459555745125,0.01984455995261669,0.44951993227005005,0.3079220950603485,-0.4708597958087921,-0.03916528820991516,0.09239813685417175,-0.041586052626371384,-0.30681753158569336,0.34033703804016113
