0.23617702722549438,-0.12228284031152725,0.073160320520401,-0.2684805691242218,-0.38214850425720215,-0.10169292241334915,0.1708369255065918,0.01542326807975769,-0.3141278326511383,-0.3277682363986969,-0.5486669540405273,0.13074128329753876,0.16162090003490448,0.2711293697357178,0.14493893086910248,0.1454487442970276
-0.4877959191799164,0.420414537191391,-0.17901061475276947,-0.11164485663175583,-0.25505128502845764,0.3302101790904999,-0.026228606700897217,-0.44774094223976135,0.05141204223036766,-0.3193250298500061,-0.06826828420162201,0.12593530118465424,-0.03568144515156746,-0.17846697568893433,-0.021223075687885284,0.08271749317646027
-0.3771938383579254,-0.06519143283367157,-0.06609249860048294,0.019646769389510155,0.33246397972106934,0.2786164879798889,0.2421651929616928,0.19697223603725433,-0.27190616726875305,-0.1254449188709259,0.12447426468133926,-0.0755239725112915,-0.18162782490253448,0.6168951392173767,-0.07328502088785172,0.18257936835289001
0.07976032048463821,-0.22994741797447205,0.23519669473171234,0.28093209862709045,0.015514623373746872,0.05333572253584862,0.29173755645751953,-0.16164030134677887,-0.44126278162002563,-0.21153698861598969,0.04303188621997833,-0.20424896478652954,-0.37870103120803833,-0.4891558587551117,-0.0688641145825386,0.14744341373443604
0.27274569869041443,-0.3075454533100128,0.1287805438041687,-0.09585137665271759,-0.21263989806175232,0.4728054702281952,0.03445916622877121,-0.08905747532844543,0.14176073670387268,0.12264843285083771,0.3749505281448364,0.48927944898605347,0.009342021308839321,0.03786734119057655,-0.05456807464361191,0.32825925946235657
0.1448112428188324,0.5426858067512512,0.06432415544986725,0.04545116797089577,-0.3881893455982208,0.04821518436074257,0.1438579112291336,0.09104225784540176,-0.36476850509643555,0.4582325518131256,0.18134169280529022,-0.2200242280960083,0.1079830452799797,0.09401609748601913,-0.18819840252399445,0.12677745521068573
-0.3537490963935852,-0.2520838677883148,0.296787828207016,-0.01959318481385708,0.02946164645254612,0.02184256725013256,-0.5295054912567139,-0.16721054911613464,-0.5029742121696472,0.25178831815719604,-0.0281361136585474,0.13533800840377808,0.25258228182792664,-0.012310625053942204,0.020441614091396332,-0.11538327485322952
0.34996992349624634,0.3534497022628784,-0.028543701395392418,-0.073125459253788,0.47265854477882385,0.29662904143333435,0.011675297282636166,-0.1267416626214981,-0.2339923232793808,0.11774633079767227,-0.1240832731127739,0.20957228541374207,-0.08971775323152542,-0.05326617881655693,0.5083817839622498,-0.1468452662229538
0.1210470125079155,0.029437262564897537,-0.3928322196006775,0.48705390095710754,-0.2764323651790619,-0.12112225592136383,-0.24591967463493347,0.13318607211112976,-0.24745531380176544,-0.3049156069755554,0.30775201320648193,0.2621806263923645,-0.09158778935670853,0.13597439229488373,0.16726839542388916,-0.22612003982067108
-0.15359210968017578,-0.10518576204776764,-0.002999873599037528,-0.3415766656398773,-0.1489810049533844,0.27354949712753296,0.2972746789455414,0.43360692262649536,-0.11050736159086227,-0.08274741470813751,0.1730571836233139,0.008384952321648598,0.16042718291282654,-0.2702147960662842,0.052231792360544205,-0.5698155164718628
-0.05592139810323715,0.3807603418827057,0.6270902156829834,0.15765540301799774,0.10980574786663055,-0.12740081548690796,-0.0211383868008852,0.3090009391307831,0.0908244326710701,-0.26425138115882874,-0.03007959946990013,0.4250714182853699,-0.04764433205127716,-0.010451110079884529,-0.21606405079364777,-0.029166163876652718
0.176964670419693,0.10614240914583206,-0.18603192269802094,-0.21810609102249146,0.2662551999092102,0.048655856400728226,-0.3081050217151642,0.2608429491519928,-0.16413702070713043,-0.3720299005508423,0.1859496533870697,-0.17071440815925598,0.3913150429725647,-0.2526361644268036,-0.1533895879983902,0.41166019439697266
0.19375155866146088,0.0071843285113573074,0.23533426225185394,0.019733337685465813,-0.1975713074207306,0.47035637497901917,-0.4761730134487152,0.14148744940757751,0.15602970123291016,-0.14612077176570892,-0.1504749357700348,-0.44271591305732727,-0.3019964396953583,0.14992175996303558,0.004555676132440567,-0.14687521755695343
-0.07933342456817627,0.05994308739900589,0.3373911678791046,-0.2885688245296478,-0.11444248259067535,-0.3033788204193115,-0.0019186664139851928,-0.13850827515125275,0.05529605969786644,-0.17533589899539948,0.5060893297195435,-0.2183055728673935,-0.06136440858244896,0.12476188689470291,0.5495937466621399,0.0985715463757515
0.08920267969369888,0.04138832166790962,-0.17108145356178284,-0.5552250146865845,0.017161255702376366,-0.253738671541214,-0.20351092517375946,-0.006571609992533922,-0.1767803430557251,0.057378754019737244,0.07500921189785004,0.18691331148147583,-0.5983375906944275,-0.004120480734854937,-0.3271785080432892,-0.08043617755174637
-0.3003059923648834,-0.008636304177343845,-0.1124192625284195,0.030040143057703972,-0.15482935309410095,-0.007605012506246567,-0.10766804218292236,0.5153663158416748,0.04310626536607742,0.25375667214393616,-0.20678555965423584,0.11115609854459763,-0.26478150486946106,-0.2608569264411926,0.40140265226364136,0.417530357837677
