2.9394799483384304e-08,1.2637033819373755e-07,-1.1488871365372688e-07,-5.458545260239589e-08,0.9999986290931702,-8.858292233071552e-08,-4.571499623295949e-09,-5.373413358711332e-08,-1.1344122441414584e-07,-2.7492610854551458e-08,2.2021960432994092e-07,-7.080827657546251e-08
1.304854606587469e-07,2.6453529144987442e-08,2.702516610497696e-07,1.0708455278063411e-07,-1.979329766754745e-08,1.96573193278482e-08,-1.3926543829256843e-07,3.9119797179409943e-07,0.9999988675117493,-2.3352153988298596e-08,8.826085462487754e-08,-1.0693816676621282e-07
-1.4404609771645482e-07,0.999998152256012,-1.898951218493039e-08,4.6748375837069034e-08,-8.097383386029833e-08,-8.213270774604098e-08,8.528943595820238e-08,1.8966957782140526e-07,-5.507596156917316e-09,-8.15461902448078e-08,3.304688789285137e-08,-2.714054971875157e-07
-2.458696144458372e-07,3.326181570173503e-07,6.760676285466616e-08,7.459042450363995e-08,4.3701117391492517e-08,1.0000026226043701,-1.8616587738051749e-07,2.521559565593634e-07,-2.8052897960151313e-07,-1.4635966749665386e-07,-1.7723412781833758e-07,-5.390301893726246e-08
-3.8927146306377836e-07,-1.644096983000054e-07,1.0092774260783699e-07,-9.533592759680687e-08,-3.852858654340707e-08,-4.142283316355133e-08,0.999997615814209,-5.8456404161688624e-08,-6.574159527872325e-08,1.141275731697533e-07,7.870071527804612e-08,8.325294942324035e-08
1.0000022649765015,-6.553292308808523e-08,1.6470368180421247e-08,3.833054051938234e-08,6.537308649967599e-08,-7.637324728193562e-08,3.9290064535180136e-08,-9.151219160230539e-08,-6.009690878272522e-08,-3.362806921813899e-07,3.912714774401138e-08,6.32381045306829e-08
1.4676562898330303e-07,-5.873271646805733e-09,-1.5491824001401255e-07,-9.370137377118226e-08,-9.567036585167443e-08,1.9937526474222977e-07,1.8050364758437354e-07,3.145656251035689e-07,1.205688278105299e-07,0.999997615814209,-3.0347322876878025e-08,-9.467894557246836e-08
-1.5249054285959573e-07,-6.460857804313491e-08,6.351931602921468e-08,0.9999982118606567,-3.172201843426592e-07,-1.0371627467975486e-07,-6.685991849053607e-08,8.369875814651095e-08,-4.668492437076566e-08,1.671462079855246e-08,1.3831036937972385e-07,-1.9526434869021614e-07
-6.264920671128493e-08,5.281590276240422e-09,1.341497011253523e-07,2.528261973111512e-07,2.683796935798455e-07,-1.2914902924876515e-07,1.3863352421594755e-07,3.569498474575994e-08,-7.122244127799604e-09,-1.1451874115664396e-07,1.0000003576278687,-1.5866726243984886e-07
-9.30976256086069e-08,-1.0834961017280875e-07,0.9999998807907104,-5.90689808177558e-09,-5.558557347740134e-08,-6.599412216701239e-08,-7.050986994272535e-08,3.078646315657352e-08,-2.076535139394764e-07,-2.0920252197242917e-09,1.0397575067599973e-07,-1.91883515299196e-07
8.484170876954522e-08,-6.31691605690321e-08,1.0779015013895332e-07,5.236514510897905e-08,8.0329591867212e-08,2.120704465369272e-07,-6.823496079277902e-08,-6.607336899833172e-08,2.5577892870387586e-07,-3.904127687803793e-09,5.7869247171993266e-09,0.9999994039535522
1.9123838512768998e-08,-6.818743258918403e-08,-1.8213352603879684e-08,-9.239133902383401e-08,-1.1109291619959549e-07,3.350020705283896e-08,-6.44304378738525e-08,0.9999982714653015,-1.623348140356029e-07,-4.169737906067894e-07,1.721579501179349e-08,3.472756304745417e-08
