-1.721346194472062e-07,3.408591453535337e-08,0.9999983310699463,1.5750227788657867e-08,6.351398074144754e-09,-2.05030357136593e-08,-3.1538158395960636e-07,2.4443507218308014e-09
1.5681693810165598e-07,-1.8520002242894407e-07,2.062491688548107e-07,0.9999976754188538,-5.365167510262836e-08,-2.9112393917785084e-07,-1.1072453531824067e-07,2.1722732057583016e-08
1.142444148172217e-07,2.0963439339993784e-07,-7.367299215133016e-09,1.0484664869636617e-07,-1.652279308927973e-07,-2.6256651963763034e-08,1.439637316025255e-07,1.0000019073486328
-1.0911242753763872e-07,-1.2434001916972193e-07,-6.529753449058262e-08,1.6952279224824451e-07,0.9999988079071045,1.3594923586879304e-07,-8.054669109469614e-08,6.232137650385994e-08
5.672588443417226e-08,6.347816849938681e-08,-1.0003603279074014e-07,-1.7283595354911085e-07,2.533787437641877e-07,-1.6181308737373e-08,0.9999976754188538,-8.026039921560368e-08
2.0769828523725664e-08,-1.36380805315639e-07,1.2127709680953558e-07,2.0729215677306456e-08,2.47747237835938e-07,1.0000020265579224,-6.383898920603315e-08,-9.481011886691704e-08
-1.1441954228530449e-07,0.9999980926513672,1.1523060550189257e-07,7.293941450825514e-08,-4.383172935717994e-08,1.324711540462431e-08,1.0243203973914206e-07,2.854144156572147e-07
0.9999976754188538,2.077565284253069e-07,-4.161188282836292e-09,-1.837286731642962e-07,3.4567474926916475e-07,8.138863449858036e-08,4.283380405922799e-08,-3.337187024499144e-07
