0.15903981029987335,0.1554800570011139,-0.1086728572845459,0.15072940289974213,-0.1125548705458641,-0.6405898928642273,0.010788902640342712,0.45509886741638184,-0.024772651493549347,0.1519484668970108,0.3040410876274109,-0.09629099816083908,0.08120875060558319,0.2604130208492279,-0.23343433439731598,-0.17728430032730103
0.2776784598827362,0.35196834802627563,-0.5037906765937805,-0.3543873131275177,-0.021074596792459488,0.01976972259581089,-0.18635378777980804,-0.046323083341121674,-0.10593993216753006,0.327337384223938,-0.4523847997188568,-0.14175772666931152,-0.0549820177257061,0.02023862674832344,0.10286655277013779,-0.15739880502223969
0.12678858637809753,0.09237868338823318,-0.12787461280822754,0.21628257632255554,0.09187087416648865,0.43696537613868713,-0.5143693089485168,0.2233395278453827,-0.09419230371713638,-0.011478566564619541,0.428445965051651,0.11320484429597855,-0.07212064415216446,0.254238098859787,0.343290239572525,-0.07317505776882172
0.16564100980758667,0.17081321775913239,0.2971469461917877,-0.31671348214149475,-0.05119181051850319,0.4029735326766968,0.1831347793340683,0.10075079649686813,-0.08112958818674088,-0.08097034692764282,-0.026304470375180244,0.06722288578748703,-0.10004962235689163,0.4993511438369751,-0.5108188390731812,-0.08623490482568741
0.05882282555103302,-0.21395277976989746,0.0859593078494072,0.11866697669029236,0.022319132462143898,0.2987881898880005,0.04141445830464363,0.3090876042842865,-0.45629164576530457,0.2757381796836853,0.005807104986160994,-0.5117919445037842,0.22462822496891022,-0.3294120728969574,-0.18220829963684082,0.0624665692448616
0.2846997082233429,-0.17239932715892792,0.12626482546329498,0.1252591609954834,-0.22029836475849152,-0.07441067695617676,-0.47583892941474915,0.3159237802028656,0.06362861394882202,-0.378068208694458,-0.42928603291511536,0.15031848847866058,-0.15036480128765106,-0.21844382584095,-0.2189553678035736,0.07183051109313965
0.14306187629699707,0.2729508578777313,-0.40118128061294556,0.5387033820152283,0.06753633171319962,0.17923536896705627,0.3952474296092987,-0.0716019868850708,-0.08493805676698685,-0.36595192551612854,-0.034539274871349335,0.006597490981221199,-0.14551973342895508,-0.1497957557439804,-0.17836345732212067,-0.19505761563777924
0.3164573609828949,-0.18761321902275085,0.10740514099597931,0.31913891434669495,0.32150158286094666,-0.027540339156985283,0.06414254754781723,-0.11117975413799286,-0.011394134722650051,0.5879008173942566,-0.09994258731603622,0.4134393036365509,-0.25837722420692444,0.01206543855369091,-0.14011897146701813,0.13213202357292175
0.3037903308868408,-0.022519240155816078,0.41182854771614075,-0.05210001766681671,-0.2769290804862976,-0.08648804575204849,0.1715586930513382,-0.09561069309711456,-0.20154757797718048,0.004455889109522104,0.07624501734972,-0.09101051092147827,-0.38051488995552063,-0.15005731582641602,0.3905419707298279,-0.4874153137207031
0.40964022278785706,0.2797386646270752,0.27149078249931335,-0.04124663770198822,0.5323572158813477,-0.09712249040603638,-0.1342284232378006,-0.16513150930404663,0.3028203547000885,-0.1651332676410675,0.12173286825418472,-0.41754835844039917,0.04141094535589218,-0.11580196022987366,-0.02687263861298561,0.12817735970020294
-0.14597822725772858,0.4323497414588928,0.23664602637290955,0.36690932512283325,-0.4972860515117645,0.1643371433019638,-0.08422625064849854,-0.081158846616745,0.38497233390808105,0.3306605815887451,-0.08064565062522888,-0.17612330615520477,0.004925381857901812,-0.021397244185209274,-0.035374995321035385,0.127923384308815
0.11832606047391891,-0.4593755006790161,-0.18048571050167084,-0.02410588040947914,-0.008752027526497841,0.2101045399904251,0.05147058144211769,0.06366707384586334,0.6239717602729797,0.1128627210855484,0.025303585454821587,-0.12394756823778152,0.1429080069065094,-0.0033537268172949553,-0.09009219706058502,-0.49422723054885864
-0.05496916547417641,0.30838459730148315,0.26855790615081787,0.030663372948765755,0.18261229991912842,0.024711987003684044,-0.04705825448036194,0.08258962631225586,-0.07584535330533981,0.03511754795908928,-0.1342630237340927,0.4181936979293823,0.6032748222351074,-0.22207558155059814,0.026305587962269783,-0.41469746828079224
-0.579822838306427,0.04614576697349548,0.10751383006572723,0.11173401772975922,0.3622699975967407,-0.0721123069524765,-0.26495224237442017,0.027233324944972992,-0.05198951065540314,0.05198691040277481,-0.18202422559261322,-0.20085309445858002,-0.40875598788261414,0.057060521095991135,-0.1781008392572403,-0.3864091634750366
-0.04394955188035965,0.14222127199172974,-0.1334245204925537,-0.3077276349067688,-0.11966104805469513,0.04088546708226204,-0.17503510415554047,-0.11655807495117188,0.02837216667830944,0.09634321928024292,0.4906295835971832,0.20420747995376587,-0.2165011614561081,-0.5503396987915039,-0.4008616507053375,-0.04679165035486221
-0.11139872670173645,0.18672122061252594,0.02347544953227043,-0.1871926188468933,0.1802903562784195,0.11262786388397217,0.34398460388183594,0.670581579208374,0.2720036804676056,0.04447953402996063,-0.0591326467692852,0.10888567566871643,-0.26329073309898376,-0.21708731353282928,0.2604585886001587,0.16832506656646729
