-0.32389363646507263,-0.1549803614616394,0.49892839789390564,-0.5917937755584717,0.15462477505207062,-0.36281123757362366,-0.32778775691986084,-0.09453766793012619
-0.5421991944313049,-0.005185186862945557,-0.279946893453598,0.3066652715206146,0.5428451895713806,0.22536075115203857,-0.3693574368953705,-0.22735030949115753
0.022014088928699493,0.8071978092193604,0.3523302376270294,0.27572107315063477,-0.15739890933036804,-0.11516223847866058,-0.2485044300556183,-0.2190888524055481
-0.0701877698302269,0.011376624926924706,-0.5254185199737549,-0.2296622395515442,-0.590937614440918,-0.028603699058294296,-0.5617948770523071,-0.022317755967378616
-0.30454182624816895,-0.2279762625694275,-0.04993794858455658,0.23399868607521057,-0.3222995698451996,-0.38444840908050537,0.368522971868515,-0.6407362222671509
0.004066104535013437,0.18060439825057983,-0.369575172662735,0.10333464294672012,0.268232524394989,-0.7830833196640015,0.04981759563088417,0.3639368414878845
-0.10163679718971252,0.47160017490386963,-0.34529048204421997,-0.5988845229148865,0.17104215919971466,0.1583414375782013,0.41216927766799927,-0.2552729845046997
-0.7018613815307617,0.13137999176979065,0.11914060264825821,0.053602129220962524,-0.3199208378791809,0.1319313496351242,0.2656838893890381,0.5317133069038391
