-0.0607401467859745,0.17440031468868256,0.14906617999076843,0.02690757066011429,-0.4011228084564209,-0.4518480598926544,-0.5076770186424255,0.3341067135334015,0.031161628663539886,-0.27987319231033325,-0.3016488552093506,0.19552084803581238
0.210323303937912,-0.08790535479784012,0.13863489031791687,-0.36081939935684204,0.11569148302078247,0.14419879019260406,0.13476674258708954,0.672691285610199,0.3274991810321808,0.3487487733364105,-0.24450284242630005,-0.07147788256406784
-0.477665513753891,-0.26273542642593384,-0.2254267781972885,0.043263230472803116,-0.06485414505004883,-0.4057055115699768,0.1785958707332611,0.16447748243808746,-0.3885858654975891,0.5112999081611633,-0.04437941312789917,0.08926139771938324
-0.36575236916542053,0.028092769905924797,-0.5317806005477905,0.014109820127487183,0.28554144501686096,0.15415941178798676,-0.1215280219912529,0.040144238620996475,0.4597424268722534,-0.11525558680295944,-0.06687585264444351,0.4812977612018585
0.23959751427173615,0.3477724492549896,-0.4921534061431885,-0.319712370634079,-0.537186861038208,-0.12225383520126343,0.17765085399150848,-0.23195184767246246,0.18786682188510895,0.2158607393503189,-0.009867976419627666,-0.07969597727060318
0.2101329267024994,-0.46331340074539185,-0.17521098256111145,0.2740904986858368,-0.03811882808804512,0.04279979690909386,-0.5402316451072693,-0.22838082909584045,0.21861059963703156,0.34575045108795166,-0.2080610990524292,-0.27828267216682434
0.347718209028244,-0.38323596119880676,0.11354424804449081,-0.46013739705085754,0.11076850444078445,-0.293587327003479,-0.12472130358219147,-0.19837796688079834,-0.020843908190727234,0.027542557567358017,0.3078365921974182,0.5082079172134399
0.009442895650863647,-0.2798166275024414,-0.19925256073474884,0.05135000869631767,-0.48165443539619446,0.4852513074874878,-0.13055071234703064,0.3674450218677521,-0.21178272366523743,-0.11695332825183868,0.43647655844688416,0.10350576788187027
0.09009759873151779,-0.37021568417549133,-0.25609996914863586,-0.25867554545402527,-0.01057395152747631,0.11734026670455933,0.19563360512256622,-0.07075273990631104,-0.31732359528541565,-0.4366817772388458,-0.6095278263092041,-0.04746592417359352
-0.24729596078395844,-0.15870006382465363,0.467014342546463,0.06218918040394783,-0.42939886450767517,0.27640995383262634,0.2275802195072174,-0.30345627665519714,0.2424689680337906,0.16976682841777802,-0.2694351375102997,0.3561122417449951
0.46005719900131226,-0.12478907406330109,-0.11878584325313568,0.626461386680603,-0.04096691682934761,-0.243623748421669,0.4314369857311249,0.1712167114019394,0.1338985562324524,-0.08839383721351624,-0.025720946490764618,0.2516365349292755
-0.2943636476993561,-0.3917250335216522,0.04053640365600586,-0.10988356173038483,-0.13970327377319336,-0.3141861855983734,0.21265436708927155,0.021416686475276947,0.47289180755615234,-0.34268197417259216,0.263324111700058,-0.41457945108413696
