0.020173383876681328,0.02512611635029316,-0.1521352380514145,-0.45583751797676086,0.510886549949646,-0.2737026512622833,0.5807603597640991,0.3079397976398468
0.2613127529621124,-0.6452733278274536,0.15390215814113617,-0.23105235397815704,0.24213749170303345,-0.3717615008354187,-0.4898197650909424,-0.03882468864321709
0.2010904848575592,0.3528904914855957,-0.3633900582790375,0.30516716837882996,-0.13305042684078217,-0.7620470523834229,-0.10016312450170517,-0.037444476038217545
-0.5694918036460876,-0.21972058713436127,-0.31700658798217773,-0.045987844467163086,0.1210293248295784,-0.12136051058769226,0.11470778286457062,-0.6944500803947449
0.35358041524887085,0.24670223891735077,0.5041248798370361,0.25639843940734863,0.4567992389202118,-0.007814401760697365,0.17290541529655457,-0.5055816173553467
0.6326842904090881,-0.09729580581188202,-0.33969783782958984,-0.34657618403434753,-0.3588336110115051,0.1962881237268448,0.22538913786411285,-0.36965125799179077
0.20280024409294128,-0.29097825288772583,-0.5170767903327942,0.5649939179420471,0.41241511702537537,0.3098592460155487,0.01971261203289032,0.14536035060882568
-0.0106084318831563,-0.5051609873771667,0.2893387973308563,0.37217268347740173,-0.3748326003551483,-0.23839959502220154,0.564373791217804,0.08136257529258728
