0.14062410593032837,0.010131526738405228,-0.25071918964385986,-0.17022083699703217,-0.5846253037452698,0.1005316749215126,0.4840008020401001,0.18709395825862885,0.05716174095869064,-0.40229254961013794,0.21497422456741333,-0.23624193668365479
-0.5021777749061584,0.24255529046058655,-0.3536149263381958,-0.41405728459358215,0.2609877586364746,-0.3956689238548279,0.2653577923774719,0.11239435523748398,0.03722328692674637,0.08129682391881943,-0.2377917468547821,-0.14228352904319763
0.16526807844638824,0.4853822886943817,-0.5327156186103821,-0.011962754651904106,0.06061059609055519,0.42748644948005676,-0.45491164922714233,-0.023007411509752274,0.049450844526290894,-0.03244303539395332,-0.07320190966129303,-0.22452889382839203
0.002019855659455061,0.054654382169246674,-0.004706548526883125,-0.054477740079164505,0.08298784494400024,0.5092260837554932,0.35154813528060913,0.27908679842948914,-0.5180397629737854,0.12249715626239777,-0.3345147967338562,0.362042099237442
-0.08904191106557846,-0.5494270920753479,-0.22748695313930511,0.1091751679778099,0.041305482387542725,-0.011653468944132328,-0.28936874866485596,0.6835514307022095,-0.056835491210222244,0.10041579604148865,0.01297730952501297,-0.24542197585105896
-0.2834084928035736,0.2660903036594391,-0.08416663110256195,0.544008195400238,0.1161249652504921,-0.2083231657743454,-0.05552162602543831,0.17414246499538422,-0.233527272939682,-0.5604682564735413,0.1700129210948944,0.24081569910049438
-0.22372473776340485,-0.19431926310062408,-0.478768914937973,0.2868093252182007,-0.11449459195137024,0.14957424998283386,0.1720321774482727,-0.1456013172864914,0.44148334860801697,0.28504785895347595,0.118675597012043,0.4734872877597809
-0.28839296102523804,0.018031150102615356,0.36106282472610474,0.07631997764110565,0.3009335696697235,0.46717849373817444,0.16483312845230103,0.15033726394176483,0.5422921776771545,-0.2598062753677368,-0.10607989877462387,-0.2211189717054367
0.4657963514328003,-0.05837460607290268,-0.21481546759605408,0.32836470007896423,0.539858341217041,-0.09309698641300201,0.45367276668548584,-0.0782395750284195,-0.04165057837963104,0.09234625846147537,0.12374023348093033,-0.29669269919395447
0.38250139355659485,-0.2645419239997864,-0.16804705560207367,-0.22230656445026398,0.16869354248046875,-0.1496909260749817,-0.09705102443695068,-0.008201021701097488,0.23680830001831055,-0.4992791414260864,-0.4638865888118744,0.35376477241516113
0.13272778689861298,0.25497403740882874,0.10512269288301468,0.4545186161994934,-0.3604186177253723,-0.23675410449504852,0.07730638980865479,0.1803010106086731,0.18686708807945251,0.21803535521030426,-0.6111613512039185,-0.1389888972043991
0.3136291205883026,0.39156123995780945,0.1563078612089157,-0.1915561705827713,0.10425429791212082,-0.14140741527080536,-0.0008527530590072274,0.5421071648597717,0.2916375994682312,0.19283705949783325,0.34864145517349243,0.34446579217910767
