0.9999983906745911,1.8137763291292686e-08,-2.8777259686307843e-08,-8.872544476901112e-09,-5.0548663921290427e-08,-1.3887940042422997e-07,-1.4455636687671358e-07,1.6425884652448985e-08
1.7760645221187588e-07,2.370604050838665e-07,1.0,-1.0042086273642781e-07,4.44207799432661e-08,-7.415182778913731e-08,3.5898509054277383e-07,-1.9088339797690423e-07
-7.97709489575027e-08,1.8888938768668595e-07,1.0343043044258593e-07,0.999998927116394,-1.0090861479739033e-07,1.7130109597474075e-07,-1.9664318173795436e-08,7.397580503720746e-08
1.8804955459472694e-07,-7.364307919033308e-08,6.978287103720504e-08,-1.4977394324766635e-10,1.000001311302185,3.413879881009052e-07,-1.255502724006874e-07,1.9354051516984327e-07
-4.8768075799898725e-08,0.9999993443489075,2.3008732341622817e-07,-3.8111434008669676e-08,9.119071364693809e-08,-6.746996206175027e-08,1.5132924602312414e-07,-6.030571597648304e-08
-3.3010081779139e-08,-2.022017469016646e-07,-1.7602755519874336e-07,-2.2647595798730435e-08,8.86444624370597e-08,-1.1745208894353709e-07,0.9999975562095642,1.100802826670133e-08
-1.7908197946781002e-07,-1.345192401913664e-07,-2.2103623109615e-07,1.6652164447350515e-07,-9.502952025286504e-08,0.9999983310699463,1.066585539888365e-07,-4.807786169180872e-08
3.689767993364512e-07,1.3606982918190624e-07,-7.69106947018372e-08,6.035203625742724e-08,6.741231572959805e-08,-8.444264665286028e-08,-4.974440770411093e-08,1.0000019073486328
