7.127214729507614e-08,-5.194918344386679e-07,9.495400377090846e-08,2.8092484782860083e-08,2.0246736198714643e-07,5.8336446784323925e-08,8.023869213502621e-08,-9.658459809713804e-09,6.374194327918303e-08,6.869487378935446e-08,0.9999975562095642,9.078474505486156e-08,1.459436305140116e-07,-6.694970267062672e-08,1.7713573186028952e-07,1.0412795070635639e-08
1.6937715940912312e-07,-2.181805847101259e-08,-3.0976192988418916e-07,-1.7606855351459672e-07,-1.2439780050499394e-07,1.1035830027594784e-08,-1.556113460310371e-07,-1.5550874365999334e-08,-1.0247916293337767e-07,2.3716228270131978e-07,-1.265199500721792e-07,1.0000017881393433,-1.0485992874009753e-07,3.3183987113716285e-08,-1.700139193872019e-07,-3.380394630880801e-08
1.9162206044143204e-08,4.827544142216311e-09,-6.781994077442732e-09,2.2175445479888367e-08,7.564437254359291e-08,7.226017828543263e-08,-2.2239947838897933e-07,1.658083625954987e-08,1.9860129896187573e-07,-8.7438337459389e-08,-1.7496971338459844e-07,-3.959437933076515e-08,0.9999988079071045,2.4982207946777635e-07,2.156686740306668e-08,2.1786856763128526e-08
8.86485693740724e-08,-3.735956966011145e-08,-1.6392219137628672e-08,1.3646190666349867e-07,6.634142835082457e-08,3.0238729209486337e-07,5.241822087498349e-09,1.0000009536743164,-7.202276464113311e-08,1.3174302182505926e-07,6.853294109987473e-08,2.6557680499195158e-08,2.7909297273254197e-07,-7.385631306533469e-08,3.6924032542628993e-07,7.817251912456413e-08
6.242542838208465e-08,1.0000020265579224,1.023441669190106e-07,-3.4615254662639927e-07,-2.3288760075956816e-07,-1.0086154134114622e-08,6.876743441353028e-08,2.5920307678006793e-08,6.917215955581923e-08,8.411200980162903e-08,5.013106942897139e-07,6.762172688468127e-08,3.607859611065578e-08,-8.674050633317165e-08,1.0582866138975078e-07,-4.5216541622039585e-09
1.0441200259947436e-07,7.958159642384999e-08,-5.486738174909078e-08,1.0000020265579224,-2.536186514134897e-07,8.902692627543729e-08,1.7236182259239285e-08,-1.7442809507883794e-07,5.525165391873088e-08,-8.95913672138704e-08,-8.64007532186406e-08,-3.18646328878458e-07,-7.342809027477415e-08,-3.996698794139775e-08,1.1670508115457778e-07,-2.263496279297783e-09
7.778633914767852e-08,-3.122418092971202e-07,-1.2910089708384476e-07,-6.307508737535272e-09,1.984618904771196e-07,1.9040834331462975e-07,-2.592840386839157e-09,-1.47919621440451e-07,-3.259681591316621e-08,-9.333425055046973e-08,-8.464525080853491e-08,-1.6142745096203726e-07,-7.072264196494871e-08,1.3490102901414502e-07,3.19419299898982e-08,1.0000007152557373
7.505627053205899e-08,-6.444280842288208e-08,7.999836526551007e-08,-6.491895021554228e-08,-1.0326351684852852e-07,2.2423878931476793e-07,6.14174311408533e-08,-2.5109432755243688e-08,-2.2683828149183682e-09,0.9999975562095642,2.468780913034152e-08,1.0329696209510075e-07,-1.0523463345180062e-07,-7.790580269784186e-08,-1.2699288731710112e-07,-1.2945253047291772e-07
-5.101304267896012e-08,-1.9571072584767535e-07,-1.5996927515971038e-07,1.2020342410323792e-07,-5.537453517945323e-08,-6.655209006112273e-08,6.766844506955749e-08,-1.2069097010680707e-07,4.2445037706784206e-08,1.4053657082513382e-07,-8.807600693216955e-08,-1.724127258739827e-07,9.136289946809484e-08,0.9999998211860657,1.2494916745708906e-07,8.919441540911066e-08
9.384159227465716e-08,-8.647614890833211e-08,1.9284320273982303e-07,-8.551504038223356e-08,9.410215540128775e-08,1.0000019073486328,-1.0644948389426645e-07,-1.8497450793297787e-10,1.9017957697542442e-07,-1.0813111828156252e-07,8.068430901175816e-08,-1.0445594966768112e-07,1.7098444970997662e-07,-7.961548220691839e-08,-3.971215178921739e-08,2.2701303237226966e-07
1.0000011920928955,-5.684914938797192e-08,-1.509424691903405e-07,-6.576282629566776e-08,1.0560079743981987e-07,-3.064425015963934e-07,-5.42496309208218e-07,-5.855865836679186e-08,-8.305419640919354e-08,6.685753728419286e-09,-8.133532958254364e-08,-3.9553160746663707e-10,-7.232061705053638e-08,1.360974550834726e-07,6.861994705786856e-08,4.85612297040916e-08
-8.215730673555299e-08,-7.295002291130004e-08,3.2757128565208404e-08,-6.12624972973208e-08,2.4073673898783454e-07,1.691164186468086e-07,1.0000014305114746,2.547852488987701e-07,9.63593116409811e-09,-1.3681047050795314e-07,7.015758995976284e-08,-1.3864540449048945e-07,1.276990104770448e-07,-1.1393221654998342e-07,2.2880126948621182e-07,1.2262110260508052e-07
3.539808801633626e-08,-3.6770376965478135e-08,7.618584874080625e-08,1.2041580532695662e-07,-1.1897660101567453e-07,5.0481556712611564e-08,1.3686362043685563e-09,-8.896310532691132e-08,2.2247631292771075e-08,-6.633258919919172e-08,-1.2318240649733525e-08,1.8293173198458135e-08,-1.7057776346973696e-07,-1.019155533299454e-07,0.9999978542327881,-5.741287445459875e-09
-1.4460931652138242e-07,-1.4629253541897924e-07,-1.6988428797048982e-07,-2.731762149821293e-09,3.971217310549946e-08,7.969790516426656e-08,2.6193438529276136e-08,-6.984825517974969e-08,0.9999993443489075,1.5549389331681596e-07,-1.4281498295076744e-07,4.657038843447481e-08,-6.282246545197268e-08,-1.2123321369017503e-07,-6.540525276932385e-08,2.0666803379754128e-07
1.2802624382857175e-07,-1.2327828358138504e-07,2.3530287052153653e-08,-4.473470767152321e-07,0.9999979734420776,-9.469620465551998e-08,9.604617190461795e-08,5.6363511191648286e-08,9.524558208795497e-08,2.116749620029168e-08,-1.1491029283661192e-07,1.7591089829238626e-07,-1.0790670756932741e-07,7.268639734547833e-08,3.732938580469636e-08,4.9013809899634e-08
-3.9023092313072993e-08,-1.5951762577515183e-07,0.9999979138374329,1.7659723994256638e-07,4.6400145947700366e-08,6.226650839380454e-08,-8.418609809268673e-08,-2.669848342407022e-09,-1.325037146671093e-07,-8.319464939177124e-08,-7.531320278530984e-08,5.5766168571835806e-08,-2.076139615780903e-08,7.435761517626815e-08,5.6079475285741864e-08,1.0906687464284914e-07
