-6.876840785707827e-08,-6.237021210608873e-08,-1.7456643774949043e-07,9.194203443030347e-08,3.255037839267061e-08,-9.379415644161782e-08,0.9999976754188538,1.0004745476521748e-08
2.1195383226313425e-07,5.422624127504605e-08,-2.846549875812343e-07,0.9999975562095642,-6.188950152363759e-08,-1.5297210609332978e-07,2.0907968689698464e-07,-2.0093749242278136e-07
6.417445774786756e-08,6.615638881157793e-08,1.124504862559661e-07,1.3725072633974378e-08,-4.217323805733031e-07,-5.608386643984886e-08,2.1391890925315238e-08,0.9999988675117493
-4.2922014387158924e-08,0.9999976754188538,-7.256168998992507e-08,-1.364684862892318e-07,1.908674676087685e-07,-4.674931375348024e-08,-8.240434823392206e-08,-5.490710464073345e-08
-9.238630127583747e-08,-7.241728638973655e-08,7.256303291569566e-08,7.219711051220656e-08,5.425876992148915e-08,0.9999975562095642,7.656276324041755e-08,-1.43224767157335e-07
9.6004903582525e-08,7.967179271872737e-08,-5.911693179427857e-08,-5.6935032688443243e-08,0.9999986886978149,6.861326085072506e-08,4.0140704093971635e-09,6.135009300578531e-08
1.5117965546096457e-08,-6.398644813998544e-08,0.9999999403953552,-1.5768806349569786e-07,2.182022207364298e-08,1.9631374925666023e-07,2.907505347593542e-09,2.7800624025076104e-07
1.0000015497207642,4.7830422289507624e-08,-2.1162732366519776e-07,2.954417510636631e-08,-1.1979350844626424e-08,1.336434252152685e-07,-1.0900322422457975e-08,1.358144885443835e-07
