0.28989094495773315,-0.48228374123573303,0.2554101347923279,-0.17562514543533325,0.05299324914813042,-0.11689892411231995,-0.20154763758182526,-0.4753512144088745,0.4576687514781952,0.10786128789186478,-0.015920279547572136,0.16004179418087006,0.10068932175636292,0.04033144935965538,0.14550067484378815,0.15600639581680298
-0.4915773272514343,-0.25490057468414307,-0.17945672571659088,-0.0965152308344841,-0.0530606284737587,-0.03567720577120781,-0.5133983492851257,-0.059812042862176895,-0.17792533338069916,-0.11986862868070602,0.46870157122612,-0.1631447821855545,-0.03492547199130058,0.11287843436002731,0.27216994762420654,0.015922866761684418
0.242718905210495,0.050690218806266785,-0.17679357528686523,-0.07326652854681015,-0.04825814813375473,0.27679333090782166,0.010411609895527363,0.2559661269187927,-0.18939821422100067,0.048583999276161194,0.08507350832223892,0.5113633275032043,0.31033971905708313,-0.03601342812180519,0.5445625185966492,0.23707765340805054
0.10160789638757706,0.06222173571586609,-0.17816129326820374,0.5826977491378784,-0.057031724601984024,-0.353301465511322,-0.20910418033599854,0.19083093106746674,0.1579524576663971,0.46190786361694336,-0.01649809628725052,-0.13196498155593872,-0.1447668969631195,0.0057935453951358795,0.13658080995082855,0.3326680660247803
0.2106548696756363,0.055597808212041855,0.2748459577560425,0.37059342861175537,-0.23619544506072998,-0.15480422973632812,0.04049759730696678,0.0075289360247552395,-0.02578161656856537,-0.5557844638824463,0.3793402314186096,0.24511602520942688,-0.08876989036798477,0.29591310024261475,-0.15450505912303925,0.15920594334602356
0.09433440119028091,0.1878613382577896,-0.06310418248176575,-0.1930636763572693,-0.051763441413640976,-0.3761447072029114,0.23616646230220795,0.049687858670949936,0.27091944217681885,-0.36631640791893005,0.08296003937721252,-0.2645730972290039,-0.15848001837730408,-0.39694127440452576,0.4938310980796814,-0.03362690657377243
0.04627367854118347,-0.005714836530387402,0.03964943438768387,0.2774959206581116,-0.18262545764446259,0.4476608633995056,0.32307061553001404,-0.4767438471317291,-0.15426211059093475,0.12126762419939041,0.2713104784488678,-0.35782045125961304,0.05396881699562073,-0.24190790951251984,0.09647508710622787,0.20724442601203918
0.3099711835384369,-0.2841112017631531,-0.5093202590942383,-0.030436914414167404,-0.1350698322057724,-0.30252090096473694,0.16768017411231995,-0.1386570781469345,-0.30521491169929504,-0.13727493584156036,-0.1729339063167572,-0.25797340273857117,0.31056302785873413,0.3113097846508026,-0.03608136251568794,-0.05134445056319237
0.21223478019237518,-0.2997419834136963,-0.01716606505215168,0.06638164073228836,-0.007683421019464731,0.3835265338420868,0.1063942238688469,0.47182050347328186,0.3950778543949127,0.028296854346990585,0.221744105219841,-0.30731678009033203,-0.02647417224943638,0.26703161001205444,0.07707524299621582,-0.31761065125465393
-0.5488352179527283,-0.22490310668945312,0.0918731540441513,-0.05030006542801857,-0.32281050086021423,-0.11844821274280548,0.41061970591545105,0.20721562206745148,0.2451791763305664,0.021626390516757965,-0.09046170860528946,0.04356873407959938,0.33481207489967346,0.05335063487291336,-0.06504819542169571,0.3429369330406189
0.10351528227329254,-0.22525691986083984,-0.16515691578388214,-0.23298576474189758,-0.345008909702301,0.253852903842926,-0.09482620656490326,0.10928460955619812,-0.061606667935848236,-0.14382553100585938,-0.2948231101036072,-0.019389351829886436,-0.6083566546440125,-0.04664004221558571,-0.09398825466632843,0.39961686730384827
-0.0564567930996418,-0.23192936182022095,0.4972776472568512,0.045313507318496704,0.32160016894340515,-0.10791207104921341,0.2303667962551117,0.09619347006082535,-0.4203326106071472,0.053123898804187775,-0.1983805149793625,-0.15266244113445282,-0.22208082675933838,0.2688570022583008,0.38338547945022583,0.0744098648428917
0.13031862676143646,-0.16309987008571625,-0.14610345661640167,-0.27549076080322266,0.422470360994339,-0.1742112785577774,0.272060751914978,0.1499813050031662,-0.09649606794118881,0.17815804481506348,0.5235860347747803,0.06116799637675285,-0.13091343641281128,-0.1434628665447235,-0.3300228714942932,0.2970874011516571
0.272391676902771,0.1407223641872406,0.43219083547592163,-0.3384629189968109,-0.41138195991516113,-0.13016122579574585,-0.2576517164707184,0.23229475319385529,-0.2225821167230606,0.21755391359329224,0.12288538366556168,-0.3070215582847595,0.25408321619033813,-0.09738758206367493,-0.11937587708234787,0.060015227645635605
0.036001186817884445,-0.4971441924571991,0.08686265349388123,0.32964569330215454,0.07454273104667664,-0.017853688448667526,-0.14427369832992554,0.22250151634216309,-0.1772075742483139,-0.22717323899269104,-0.12136909365653992,0.04272082448005676,0.16721156239509583,-0.6318517923355103,-0.12782302498817444,-0.12665565311908722
-0.030660361051559448,-0.195803701877594,-0.009002864360809326,0.0002623950713314116,-0.4457944333553314,-0.20356546342372894,0.24260510504245758,-0.08234046399593353,-0.14182938635349274,0.35523170232772827,0.17509043216705322,0.35262319445610046,-0.3116758167743683,-0.07632439583539963,0.07553048431873322,-0.49482664465904236
