-0.2748475670814514,0.06469379365444183,-0.2578636407852173,-0.13144062459468842,-0.4021591246128082,0.05368417873978615,0.11417479813098907,-0.1525178998708725,0.4911866784095764,0.20472925901412964,-0.2351876050233841,0.5450680255889893
-0.2386123090982437,-0.4450308382511139,-0.28557705879211426,-0.4261607527732849,0.1434212177991867,-0.37321341037750244,-0.017092423513531685,0.4204113781452179,-0.16687430441379547,-0.14072546362876892,-0.3107048571109772,0.027598289772868156
0.2503242492675781,-0.3080001473426819,-0.5110353231430054,-0.05875971168279648,0.10870235413312912,-0.04335186257958412,-0.5209193825721741,-0.49328523874282837,0.06526558846235275,0.10526035726070404,0.17455148696899414,-0.06062567979097366
-0.18267832696437836,-0.07502347975969315,0.04327201098203659,-0.4349319338798523,0.1248924732208252,0.28957441449165344,0.42634809017181396,-0.5164641737937927,-0.39058223366737366,0.21428854763507843,-0.10513436049222946,-0.11169195920228958
0.13657140731811523,-0.3020266592502594,-0.15896235406398773,0.10759535431861877,-0.5641788840293884,-0.28604355454444885,0.4816315472126007,-0.10411624610424042,-0.030633382499217987,-0.2257855087518692,0.3427789807319641,-0.20233659446239471
-0.4913342595100403,0.0869540125131607,0.3857104480266571,-0.005011717323213816,-0.27211111783981323,-0.4957774877548218,-0.38764989376068115,-0.2804500460624695,-0.18053923547267914,0.10650168359279633,0.058705683797597885,-0.0779990702867508
0.22329112887382507,0.3402033746242523,0.05238055810332298,-0.2729972004890442,0.24547898769378662,-0.3373073637485504,0.09550489485263824,-0.27056753635406494,-0.025191940367221832,-0.5502294301986694,0.11550421267747879,0.4289981424808502
-0.0968746468424797,0.20404766499996185,-0.1394924372434616,0.16349919140338898,0.28958508372306824,-0.3256426453590393,0.23463331162929535,-0.22405706346035004,0.44461536407470703,-0.030430234968662262,-0.376115620136261,-0.5172622799873352
0.2673904299736023,0.4380253255367279,-0.1362832486629486,-0.4343598783016205,-0.47574153542518616,0.12922324240207672,-0.23739710450172424,0.10155196487903595,-0.08901798725128174,-0.1291269212961197,-0.2614024877548218,-0.35604146122932434
-0.18358668684959412,-0.30594396591186523,0.3611431121826172,-0.35958045721054077,0.019780559465289116,0.30627429485321045,-0.12514887750148773,-0.03346460312604904,0.5215606093406677,-0.37538182735443115,0.21480388939380646,-0.20716404914855957
-0.4508013129234314,0.39407581090927124,-0.4308949410915375,-0.13110138475894928,0.14275571703910828,0.050994545221328735,0.048032160848379135,0.20121781527996063,0.007433742750436068,0.04845285043120384,0.594272255897522,-0.13148382306098938
-0.3791559040546417,-0.018775243312120438,-0.24085558950901031,0.4005967080593109,-0.08197779208421707,0.3340054750442505,-0.11315125226974487,-0.15844763815402985,-0.24943730235099792,-0.5961118936538696,-0.251492977142334,0.01984899304807186
