0.16397038102149963,-0.3117695748806,0.22550129890441895,-0.0247720405459404,-0.40896284580230713,-0.3519158661365509,0.18844446539878845,0.21558798849582672,0.07971642166376114,0.03398129343986511,0.29378458857536316,0.18355755507946014,-0.18424919247627258,-0.4215490520000458,0.14799578487873077,-0.3004963994026184
-0.1446058452129364,0.2787541151046753,-0.15506897866725922,-0.03900916129350662,0.15744656324386597,-0.3104628622531891,-0.20341455936431885,0.045304108411073685,-0.2633945643901825,-0.5980679988861084,0.19395816326141357,0.06006687134504318,-0.11201653629541397,0.11311051994562149,0.4070988595485687,-0.22770556807518005
0.32469379901885986,0.250110387802124,0.22195877134799957,0.32705268263816833,-0.058605168014764786,-0.2740973234176636,0.18459546566009521,0.10684839636087418,-0.15742066502571106,-0.04682660475373268,-0.47024908661842346,-0.2744479477405548,0.4352758228778839,-0.09897589683532715,0.15192203223705292,-0.077204629778862
-0.2334786355495453,0.3204280734062195,0.24005794525146484,-0.21020479500293732,-0.19243475794792175,-0.12532758712768555,-0.2297084778547287,0.13983231782913208,-0.44628170132637024,0.14868474006652832,0.056755345314741135,0.385806143283844,0.27016040682792664,-0.10145242512226105,-0.3918874263763428,0.07580994814634323
0.17484931647777557,0.020262232050299644,0.013001818209886551,0.24929307401180267,0.010692492127418518,0.3450809121131897,-0.21350139379501343,0.3057132065296173,0.166851207613945,-0.5258092880249023,0.14768098294734955,-0.006315656937658787,0.09400409460067749,-0.42422524094581604,-0.24138636887073517,0.27427783608436584
0.11664870381355286,-0.0631803646683693,-0.05784276872873306,0.425913006067276,0.060026925057172775,0.4139237403869629,-0.06042495369911194,-0.18065431714057922,-0.47125524282455444,0.10228996723890305,0.023148996755480766,0.07824563980102539,-0.16619747877120972,-0.09697597473859787,-0.11496920138597488,-0.5449607372283936
0.08941290527582169,-0.0786418467760086,0.5336952209472656,-0.2374829202890396,0.04108075052499771,0.07445292174816132,-0.2810269296169281,-0.316800057888031,-0.1496085375547409,-0.11859264969825745,-0.35846954584121704,-0.056176379323005676,-0.42434409260749817,-0.20890434086322784,0.16270630061626434,0.19934217631816864
0.08879409730434418,-0.10215425491333008,-0.11454156041145325,-0.05129273608326912,0.1393919736146927,-0.23098553717136383,-0.5190117359161377,-0.08643899112939835,-0.09707961976528168,0.30675196647644043,0.33684536814689636,-0.5618637800216675,0.15864165127277374,-0.24170611798763275,-0.005754613317549229,3.875377296935767e-05
-0.44389012455940247,-0.21797841787338257,0.12340329587459564,0.303447961807251,0.15846674144268036,0.021163297817111015,0.23416529595851898,-0.3399524390697479,-0.13778065145015717,0.01282475795596838,0.19836927950382233,0.13592278957366943,0.31409603357315063,-0.27337968349456787,0.327100932598114,0.30792081356048584
-0.31091171503067017,0.15705811977386475,0.1743619292974472,-0.016761373728513718,-0.07272703945636749,-0.03420061990618706,0.4628208875656128,0.006453081499785185,-0.1858033984899521,-0.1722358763217926,0.18414798378944397,-0.5644909143447876,-0.28089869022369385,-0.015909649431705475,-0.362091988325119,0.016194503754377365
-0.5664570927619934,0.07389388978481293,-0.24695269763469696,0.16981905698776245,-0.07072840631008148,-0.025486372411251068,-0.17982637882232666,0.33007004857063293,0.1367252916097641,0.1838788241147995,-0.441226989030838,-0.07232712209224701,-0.23405398428440094,-0.3311721980571747,0.10702399164438248,-0.09262379258871078
-0.2314215749502182,0.0469416119158268,0.5996659994125366,0.3248222768306732,-0.03644706681370735,0.09473078697919846,-0.28253793716430664,0.1586519330739975,0.3231574296951294,0.06320217251777649,0.19702424108982086,-0.07260657101869583,0.050508879125118256,0.4053187966346741,0.084736667573452,-0.19314070045948029
-0.14843595027923584,-0.21250823140144348,-0.029162472113966942,-0.40864524245262146,-0.43478307127952576,0.46154525876045227,-0.019189821556210518,0.09375568479299545,-0.14642970263957977,-0.15161007642745972,-0.06018107384443283,-0.252922385931015,0.36206668615341187,0.0530732087790966,0.28118017315864563,-0.16958296298980713
-0.002445393241941929,-0.5694015026092529,0.08118431270122528,0.006897734012454748,0.3562089204788208,-0.09012199938297272,0.026081547141075134,0.547127902507782,-0.3800971508026123,-0.011513900943100452,-0.10412954539060593,-0.0099741006270051,-0.03701886907219887,0.23244750499725342,-0.03784486651420593,0.14736756682395935
-0.04615873843431473,-0.30052462220191956,-0.19577515125274658,0.3527931571006775,-0.5684157013893127,-0.25742074847221375,-0.2334989756345749,-0.25077444314956665,-0.10718024522066116,-0.19838900864124298,-0.11613030731678009,-0.024562494829297066,-0.06633462011814117,0.2847352921962738,-0.18799525499343872,0.22856281697750092
0.19975489377975464,0.31512823700904846,-0.069007009267807,0.16101519763469696,-0.2586689889431,0.202408105134964,0.04373662546277046,0.2565480172634125,-0.25408291816711426,0.30273741483688354,0.2295512557029724,-0.03493571653962135,-0.27857348322868347,0.10539448261260986,0.4063780903816223,0.43648603558540344
