0.9999982714653015,7.4008887906984455e-09,1.6373118683077337e-07,-1.8083250097333803e-07,-3.333232712066092e-07,1.3269570331431169e-07,8.419955577210203e-08,9.031142411686233e-08,-8.575661780696464e-08,-7.472159779808862e-08,-1.2691869244463305e-07,-3.116862101748552e-09
1.610804929441656e-07,-6.437441868456517e-08,-2.739284354902338e-07,-9.956197288829571e-08,-2.2772748309307644e-07,-1.356170713506799e-07,0.9999982118606567,4.8321638246306975e-08,-2.4538451270927908e-08,2.6731353841569216e-07,1.0839072217549983e-07,-4.037586620597722e-08
-2.629944901855197e-07,-6.3681618200917e-08,1.7118928496984154e-07,6.590236267811633e-08,1.6844057881826302e-07,1.2057326159720105e-07,1.1322021009618766e-07,-9.562800329376842e-08,-2.259608606891561e-07,0.9999992251396179,-8.373754134538558e-09,-8.500891368612429e-08
-1.7189056222832733e-07,0.9999976754188538,-1.4401851444745262e-07,1.4286901262039464e-07,-1.082921201600584e-07,-2.5902793243659517e-09,-8.378609805959059e-08,1.1284988232773685e-07,-2.313127822617389e-08,-1.610272164498383e-07,7.090390852226847e-08,-1.2888516209841328e-07
-8.587903010948139e-08,5.996890450887804e-08,6.561051435483023e-08,1.0000015497207642,3.844139939701563e-08,-1.5339338688136195e-07,-3.213962429526873e-08,-5.069144037861406e-08,-2.0540142031677533e-07,9.158469538306235e-08,-6.766954641079792e-08,-1.5379326612219302e-07
7.312618777177704e-08,3.781072450692591e-07,-5.792877288968157e-08,-6.035366340029213e-08,-1.8467268603217235e-07,-7.361371956449148e-08,1.560957656465689e-07,7.295778203797454e-08,1.000002145767212,5.199864716587399e-08,8.958207331488666e-08,7.178358174542154e-08
7.176073779646686e-08,-6.313947409353204e-08,1.3038216195582208e-07,1.362912485092238e-07,1.4182542251717223e-08,-1.6565452654049295e-07,-2.2665490462259186e-07,2.4290697453466237e-08,7.048352301808336e-08,9.749628304689395e-08,-1.0718022025457685e-07,1.0000011920928955
5.9595164358938746e-09,-5.612320208570054e-08,9.778696608009341e-08,-7.59376135306411e-08,1.0000003576278687,1.183293107942518e-07,-1.3159771938831e-08,2.7047894946008455e-07,-1.1607411032343862e-08,-1.6145972381309548e-07,-9.581899007571337e-08,6.100611216197649e-08
6.716730638345325e-08,-1.9905664316866023e-07,-1.4495586242446734e-07,-8.653674399283773e-08,3.74152158144625e-08,6.86736001398458e-08,8.221211267311901e-09,1.0000007152557373,-3.028221158274391e-07,-3.5479729376675095e-08,1.0328460575692588e-07,-2.28035275995353e-07
-2.0533535405320436e-07,-8.233094206389069e-08,9.150580382311091e-08,-2.662005158526881e-07,-2.1425431384614058e-07,2.97744350064022e-07,-5.106626943529591e-08,-3.461150015482417e-07,-5.715031647923752e-08,2.4858161751240004e-08,0.9999992251396179,-1.1241289854524439e-07
3.3502098517601553e-07,-2.998566372980349e-08,1.0000015497207642,-1.1876210237460327e-08,-3.5332849535052446e-08,-2.3156001560664663e-09,2.2353147244302818e-07,1.4008479354288284e-07,6.768122062794646e-08,7.132283741384526e-08,-1.0598891719837411e-07,-2.2270178590133582e-07
3.461100561708008e-08,6.478965985934337e-08,-4.8366505467356546e-08,-8.69835119488016e-08,7.758229259025029e-08,1.0000004768371582,-1.2996331122394622e-07,-6.333907265343441e-08,-9.004968859471774e-08,1.4858250096949632e-07,-2.169527419937367e-07,-6.884263825668313e-08
