0.5401241183280945,0.03181448206305504,-0.19799043238162994,-0.03579038754105568,-0.04380851238965988,0.22187025845050812,-0.3192988932132721,-0.08149326592683792,-0.17665310204029083,-0.26410722732543945,0.07482842355966568,0.33031338453292847,-0.4170023202896118,-0.24155119061470032,-0.035711538046598434,0.24052846431732178
-0.08880995959043503,0.18585200607776642,0.24849751591682434,0.21829666197299957,0.41840481758117676,-0.09916804730892181,-0.1217929869890213,-0.4654296338558197,0.001010618289001286,0.2618333697319031,0.28966593742370605,-0.16593582928180695,-0.20480310916900635,-0.13125711679458618,0.3589308559894562,0.2526048719882965
-0.09622196853160858,-0.004552933387458324,-0.3397407531738281,0.2976240813732147,0.20727130770683289,0.1526874452829361,0.18593795597553253,-0.12282541394233704,0.07947627454996109,-0.2102527916431427,0.3966425359249115,0.09119023382663727,-0.24186113476753235,0.5681663751602173,-0.16901829838752747,-0.21151992678642273
-0.25420063734054565,-0.2708021402359009,0.3048625886440277,-0.010194249451160431,0.10275378823280334,0.4672698676586151,-0.3543594777584076,0.2132747620344162,-0.0007197543745860457,-0.3513757288455963,0.14832666516304016,-0.3684307932853699,0.06031503900885582,0.05189512297511101,-0.12340299040079117,0.2574440538883209
-0.5067822933197021,-0.12874917685985565,-0.16211149096488953,0.03410783410072327,-0.10050929337739944,-0.09772790968418121,-0.5345664024353027,-0.20725370943546295,-0.3810889720916748,0.08837541192770004,-0.047555502504110336,0.4029129147529602,0.13261103630065918,0.06540147215127945,0.008151656948029995,-0.10589626431465149
0.21765576303005219,-0.1994800567626953,0.2813655734062195,0.03659772500395775,0.23254211246967316,-0.3514918088912964,0.024166779592633247,0.2731999158859253,0.0030954002868384123,-0.08940023928880692,0.4251110851764679,0.44464367628097534,0.39316263794898987,0.07408775389194489,-0.01396200992166996,0.18109078705310822
0.21667906641960144,-0.2107674926519394,-0.028875432908535004,0.20006075501441956,0.19974885880947113,0.0765201523900032,0.2746105492115021,-0.40152955055236816,-0.5336397886276245,-0.1421786993741989,-0.14274939894676208,-0.19147133827209473,0.36725369095802307,-0.14106963574886322,-0.2584109604358673,-0.04241236671805382
0.246022567152977,0.16255375742912292,0.00806181039661169,-0.12983614206314087,0.13770656287670135,0.4331309199333191,-0.06911898404359818,-0.04388083890080452,-0.023024046793580055,0.036349132657051086,-0.24093948304653168,0.13715127110481262,0.35801249742507935,0.4281514585018158,0.540290892124176,-0.0272324588149786
-0.40151283144950867,0.022752873599529266,0.10141582787036896,-0.05879655480384827,0.09690744429826736,0.30769920349121094,0.4790217876434326,-0.12122198939323425,0.1311274617910385,-0.11857205629348755,-0.19537235796451569,0.49105361104011536,-0.06008868291974068,-0.19143635034561157,-0.048600707203149796,0.35088539123535156
0.08965074270963669,-0.6223961710929871,-0.3013690114021301,0.1658557951450348,-0.15100565552711487,0.09690898656845093,0.0766565203666687,0.04618237167596817,0.07528194040060043,0.5022867321968079,-0.014817089773714542,-0.0526590421795845,-0.03953228145837784,0.113007090985775,0.09819412231445312,0.401400089263916
-0.059259720146656036,0.3884722888469696,-0.4352855980396271,-0.4004512131214142,0.28294363617897034,0.015479843132197857,-0.06588079780340195,0.09757883846759796,-0.06647421419620514,0.2333139330148697,0.13526995480060577,-0.12969933450222015,0.22893492877483368,0.030210241675376892,-0.3471442759037018,0.365754634141922
0.09754109382629395,0.31544849276542664,0.08399423211812973,0.5840603113174438,-0.186590775847435,0.31276947259902954,-0.17868787050247192,0.021431220695376396,0.26506462693214417,0.2769107520580292,0.040851857513189316,0.12894006073474884,0.2916792333126068,-0.16184823215007782,-0.3139894902706146,-0.05167176201939583
0.006575166247785091,0.1669948548078537,0.16805443167686462,0.3466203808784485,0.26107877492904663,-0.1807529181241989,-0.03230796754360199,0.39168086647987366,-0.3097030818462372,0.07862629741430283,-0.4841700792312622,0.01869281753897667,-0.2911407947540283,0.2917609214782715,-0.13328500092029572,0.2094508707523346
-0.06036759540438652,-0.19138380885124207,-0.35537558794021606,0.14220967888832092,0.5845236778259277,0.05058750882744789,-0.10527762025594711,0.2834436595439911,0.20700699090957642,-0.047445062547922134,-0.15582218766212463,0.029060250148177147,0.039917707443237305,-0.4213506877422333,0.17131169140338898,-0.3144138753414154
-0.12155512720346451,0.15137715637683868,-0.023289388045668602,0.06679728627204895,-0.1537637561559677,0.2645905613899231,0.2679152488708496,0.41537541151046753,-0.542202353477478,0.1818784773349762,0.3900238573551178,-0.013132444582879543,-0.07454249262809753,-0.20845970511436462,0.2711436152458191,-0.13210706412792206
-0.11866655945777893,0.1952725052833557,-0.36279985308647156,0.3545564115047455,-0.25674623250961304,-0.2556445300579071,0.03201235085725784,0.048147011548280716,0.04053083434700966,-0.4665822684764862,-0.02409982681274414,-0.15830928087234497,0.22856666147708893,-0.057396143674850464,0.33972275257110596,0.3740352690219879
