2.8052237865949792e-08,-8.004099072422832e-08,9.852192306425422e-08,-1.641054154788435e-07,8.54552908435835e-08,-4.568704525809153e-08,1.0000014305114746,-6.886117009941017e-09,1.801581284155418e-08,-9.226786090721362e-08,1.3649676589011506e-07,2.458288292928046e-07
-8.165634568513269e-08,6.90771457811934e-08,7.440592497687248e-08,-4.752270399421832e-07,-6.782122596860063e-08,4.1928970517801645e-07,1.1635214036687103e-07,7.214390418397443e-09,1.000002384185791,1.5849195733608212e-07,7.88856482358824e-08,-1.5477735360036604e-07
1.1833825652729502e-07,-1.1345282047159344e-07,-3.977973150881553e-08,0.9999977350234985,-4.7231014832505025e-07,-4.374690387720648e-09,-2.0987811488737407e-09,-2.7301507543597836e-07,8.441997323416217e-08,-1.82726481057216e-07,-2.3259502768269158e-07,-1.0727614352390447e-07
-1.9282447638602207e-08,1.5436275191405002e-07,2.2297216162314726e-07,-2.0346872631193946e-08,-1.2785106662249746e-07,-1.412645644904842e-07,-2.1446763298627047e-07,2.7574731120694196e-07,6.952319608899415e-08,4.6283066268415496e-08,0.9999992847442627,6.878480718341962e-08
9.787593846510845e-09,-3.636997547573628e-08,6.905305127702377e-08,-1.575706818357503e-07,-1.201439516762548e-07,-2.54336569582847e-08,8.591629807597201e-08,2.500978979469437e-08,-1.834816174550724e-07,1.0000019073486328,1.2959946005253187e-08,-1.6967427995950857e-07
2.9584024119344576e-08,-1.4165595985105028e-07,1.0000016689300537,3.0949074414365896e-08,-6.336717461863373e-08,1.649854510787918e-07,1.2475396715672105e-07,-2.8216811998049707e-08,-9.231930775399633e-09,8.2519690636218e-08,-3.698234607441009e-08,2.2198321403266164e-08
-3.557905969842068e-08,-1.080866454117313e-07,2.736333044595085e-07,-5.0838540488484796e-08,0.9999998807907104,4.6553573440633045e-08,3.453014940646426e-08,6.775677263703983e-08,-1.135525238282753e-07,3.450636043567101e-08,-9.084523355795682e-08,3.27653744136569e-08
1.3433556489417242e-07,6.943372454770724e-08,6.777753469577874e-08,-6.208668246188154e-09,4.205595516282301e-08,-8.359402059454624e-09,3.4710719631902975e-08,1.0000004768371582,-4.283982946162723e-08,1.8243748911572766e-07,-6.878071445726164e-08,-2.858175207620661e-07
-6.733446156204081e-08,1.3345984939405753e-07,-2.4666862330491313e-08,5.04574515503009e-08,2.1170323805108637e-07,1.4323349262213014e-07,-5.958635895808584e-08,1.0193630828325695e-07,1.1166881819235641e-07,9.07840345121258e-08,-5.39586375580825e-09,1.000000238418579
-7.669561341572262e-08,0.9999974966049194,5.309890482863011e-08,-2.150609645923396e-08,7.091023945804409e-08,-7.786355382677357e-08,1.2962567552676774e-07,-9.203842665783668e-08,6.741665004028619e-08,-4.081498516939064e-08,-1.267986107222896e-07,2.1886235046508773e-08
-8.599278089604923e-08,9.493772523683219e-08,2.0763975783211208e-07,2.330082367052455e-07,8.237698523316794e-09,0.999997615814209,1.445701371949326e-07,-1.800150961628333e-08,9.772981002242886e-08,-4.454022928257473e-08,6.93251536176831e-08,-3.049936836418965e-08
1.0000011920928955,-1.9951212948399188e-07,4.875916914670597e-08,2.8756386427630787e-07,-8.432440523620244e-09,8.493736203263325e-08,7.837812887601103e-08,-3.1457027205306076e-08,6.11805504036056e-08,-9.680298518333075e-08,-4.182520640938492e-08,-2.48921338652508e-07
