-0.08785425126552582,0.1437896192073822,-0.029079914093017578,0.010989674367010593,0.20548847317695618,-0.27512893080711365,0.07087933272123337,0.24759580194950104,-0.5406331419944763,-0.14974401891231537,-0.32869386672973633,-0.26394975185394287,0.12469267845153809,-0.3491078019142151,-0.39219754934310913,0.05226529762148857
-0.2872649133205414,0.17538364231586456,0.2904718220233917,0.13647273182868958,-0.0418211854994297,0.10304952412843704,-0.10658244788646698,0.6285287141799927,-0.0808330699801445,-0.006826682481914759,-0.03365764394402504,0.366609126329422,-0.0892334133386612,-0.1863376945257187,0.4234763979911804,-0.02848147414624691
-0.28337526321411133,-0.15557168424129486,-0.23074139654636383,0.11945326626300812,0.1859971135854721,0.0713893249630928,-0.1696654111146927,-0.011738534085452557,-0.3407731056213379,0.5540964603424072,-0.1007317304611206,0.2566249668598175,-0.1878824532032013,0.36881253123283386,-0.21012021601200104,-0.2115335464477539
0.20154796540737152,0.31549352407455444,0.0594063438475132,0.09162617474794388,0.10526091605424881,0.144428089261055,0.25181514024734497,-0.08593335747718811,-0.2271098494529724,0.3299282193183899,0.22201214730739594,0.23936744034290314,0.36319953203201294,0.042884744703769684,0.00920864101499319,0.5867949724197388
-0.013266227208077908,0.2060871571302414,0.31511425971984863,0.14832530915737152,0.02897423505783081,-0.3900895118713379,-0.086183562874794,-0.013250949792563915,0.040786098688840866,0.18601928651332855,0.14090430736541748,-0.33494189381599426,-0.6126167178153992,0.15843376517295837,0.01199871115386486,0.3264814019203186
-0.3369544446468353,0.7240442633628845,-0.008221393451094627,-0.10162124037742615,0.2844114601612091,0.07832438498735428,-0.13854679465293884,-0.2682521939277649,0.19806349277496338,-0.18682129681110382,-0.16313061118125916,0.020403368398547173,0.09433361887931824,0.20583008229732513,-0.012894879095256329,-0.14511118829250336
-0.3040418028831482,0.11435215920209885,-0.20145657658576965,-0.24486202001571655,-0.2557535469532013,0.18013252317905426,-0.04468090832233429,-0.29805654287338257,-0.08251110464334488,0.08735064417123795,0.25120270252227783,0.1501341611146927,-0.34100252389907837,-0.6021298170089722,-0.12900450825691223,0.0984053835272789
0.12828008830547333,0.18600095808506012,0.21179407835006714,-0.6584452986717224,-0.11356451362371445,-0.12936539947986603,0.3967844545841217,0.21181198954582214,-0.037195902317762375,0.2603527307510376,0.1348235160112381,0.0112554170191288,-0.03116583079099655,0.12465506047010422,-0.09482410550117493,-0.35445064306259155
0.3971458971500397,0.22265665233135223,-0.36918357014656067,0.11400502175092697,0.18541502952575684,-0.07500705122947693,-0.20476588606834412,0.3955148756504059,0.35675644874572754,0.014490215107798576,0.2296207994222641,0.20955535769462585,-0.12199453264474869,-0.11940817534923553,-0.3852851986885071,-0.05769898742437363
-0.05341852083802223,-0.04313420504331589,0.3792223632335663,0.36771371960639954,-0.02112608402967453,-0.2594207227230072,0.26332569122314453,-0.24867109954357147,-0.06099705398082733,-0.27961036562919617,0.23666377365589142,0.4590336084365845,-0.026174630969762802,-0.0008161263540387154,-0.3185519576072693,-0.2579778730869293
-0.4138578474521637,-0.22207005321979523,0.10594069957733154,-0.27539655566215515,-0.0771811455488205,0.11329640448093414,-0.1324480026960373,0.2659367620944977,0.10574553161859512,-0.2752264440059662,0.23092684149742126,0.00935803260654211,0.11455393582582474,0.3212619721889496,-0.4180399179458618,0.3922313451766968
0.2757640480995178,-0.0015010687056928873,0.2805286943912506,-0.17972418665885925,0.16227106750011444,0.08623375743627548,-0.6298098564147949,-0.11458352953195572,-0.39346373081207275,-0.10072923451662064,0.39117470383644104,-0.06040818244218826,0.10732649266719818,-0.017070749774575233,0.06967825442552567,-0.176369771361351
0.19152997434139252,0.08941244333982468,0.4542180895805359,0.10897903889417648,-0.3469681441783905,0.3848150670528412,-0.2054392546415329,-0.02488180622458458,0.1596963107585907,0.2331189513206482,-0.4198592007160187,-0.0344957672059536,0.01745731197297573,-0.08499318361282349,-0.40076276659965515,-0.019461974501609802
-0.2525085210800171,0.14591307938098907,-0.056358303874731064,0.39505133032798767,-0.2100840061903,0.16248244047164917,0.10647347569465637,0.14196784794330597,0.016347302123904228,0.1812019944190979,0.4548954665660858,-0.5035240054130554,0.2610902488231659,-0.021845601499080658,-0.060987673699855804,-0.2962232530117035
-0.21189753711223602,-0.2750771641731262,0.29187536239624023,-0.08105722814798355,0.5611878633499146,-0.11049006134271622,-0.021380895748734474,-0.061252620071172714,0.3903302252292633,0.3459845781326294,0.03974908962845802,-0.05317138880491257,0.21225684881210327,-0.3662206530570984,-0.023912515491247177,-0.010528544895350933
0.11392331123352051,-0.06880621612071991,0.0921747088432312,0.04347575828433037,0.4513852596282959,0.6327331066131592,0.3548123240470886,0.06034107506275177,-0.0963030532002449,-0.21345970034599304,0.061424620449543,-0.14693456888198853,-0.3925396203994751,0.019912609830498695,-0.04726962745189667,-0.03669082000851631
