0.9999983310699463,-9.37674968781721e-08,-1.3149221267383382e-08,2.464915382915933e-07,7.482353225896077e-08,1.803267508648787e-07,-1.8703216753124252e-08,-9.528517352919152e-08,-6.275119091014858e-08,6.104067296064386e-08
-2.3513337055192096e-07,1.0221129542742347e-07,6.166845167854262e-08,4.208749260214972e-08,-1.7305905597453375e-09,7.083148290121244e-08,0.9999980330467224,2.5200112219181392e-08,-1.815199368593312e-07,-7.440584681717155e-08
5.254789670061655e-08,-7.173205140986738e-09,0.9999979138374329,-6.755913517508816e-08,1.1620509354770547e-07,-7.08529412918324e-08,-8.81105037819907e-08,-1.9077102564324377e-08,2.2101934504803467e-08,1.3527933617751842e-07
1.8198402074176556e-07,2.0347191309610935e-07,-1.0688247442658394e-07,-2.3561833017993195e-07,2.5691505811664683e-08,0.9999983906745911,-1.9692129171744455e-07,3.874362874967119e-08,-1.0214622037096888e-08,-2.2641316377303156e-07
-2.8327596268695743e-08,7.418113767698742e-08,-1.1219082551860993e-07,3.716955987442816e-08,9.772519860007378e-08,1.33495802856487e-07,8.801034567795796e-08,7.177801020219476e-09,-4.682805965217085e-08,1.000000238418579
9.22503673450592e-08,1.000000238418579,-4.283422949669102e-09,-6.51078480018441e-08,-1.3852161373506533e-07,-5.3172076519558686e-08,-5.1868784822772795e-09,3.9923838812683243e-07,-1.1375270503322099e-07,-1.8537480173108634e-07
2.517307251537204e-08,2.48221766696588e-07,-2.2472021043995483e-07,1.0000011920928955,1.387733306046357e-08,3.566063639937056e-07,-2.544607013987843e-07,9.315713356272681e-08,2.6964134036688847e-08,-1.1134591915151759e-07
3.584482897167618e-07,5.125329849420268e-08,-2.280109612229353e-07,-3.0312838816826115e-07,0.9999976754188538,4.347257487324896e-08,1.1184313031264992e-08,-4.8277890130066226e-08,1.2908395241595372e-08,-5.846289496957979e-08
-3.7102193317650745e-08,-4.704406464384192e-08,6.985027312111924e-08,2.605464430871507e-07,1.1938384147924808e-07,-3.408564808182746e-08,-9.067561990150352e-08,1.0000020265579224,-5.088381271889375e-08,-4.1043836063181516e-07
1.264136670897642e-07,1.6103670930078806e-07,2.7245127398600744e-07,9.82463674858991e-08,-1.6645881828480924e-07,6.466286350814698e-08,-1.108665088622729e-07,-8.539996798617722e-08,1.0000028610229492,-2.5127440039796056e-07
