0.034493688493967056,-0.1448041796684265,0.07734730839729309,0.3263479769229889,-0.23501282930374146,-0.1905650794506073,-0.47173041105270386,0.37893033027648926,0.5327870845794678,0.35189294815063477
-0.4750235974788666,-0.2392479032278061,0.5807302594184875,-0.19560854136943817,0.17363792657852173,-0.07288114726543427,0.005981537513434887,-0.366403728723526,0.045506369322538376,0.4120463728904724
0.023214666172862053,-0.2795073091983795,-0.2853664755821228,0.015536423772573471,0.40719500184059143,-0.7409160137176514,0.14781245589256287,-0.14297933876514435,0.22209987044334412,-0.1824234575033188
-0.1985487937927246,0.4086620509624481,-0.3119777739048004,-0.09069637954235077,-0.35440775752067566,-0.43717241287231445,0.10131029039621353,-0.007784869521856308,-0.3260083496570587,0.5046642422676086
-0.4735279977321625,0.5684481263160706,0.06265195459127426,0.4439697861671448,0.4304358661174774,0.037565506994724274,0.06161678954958916,0.17612718045711517,0.11967147886753082,-0.12561602890491486
0.6612379550933838,0.2513650357723236,0.23991738259792328,-0.009757655672729015,0.4682960510253906,-0.03076424077153206,0.11462248861789703,0.08607392013072968,-0.06096969544887543,0.44430920481681824
-0.0026814930606633425,0.034614432603120804,0.5365545749664307,-0.19508258998394012,-0.11776451766490936,-0.402283638715744,-0.027010278776288033,0.5259597301483154,-0.3108683228492737,-0.3509187698364258
-0.2530499994754791,-0.14546990394592285,-0.3373599052429199,-0.5557131171226501,0.3586580157279968,0.20904947817325592,-0.07651680707931519,0.5270392298698425,0.032790444791316986,0.18745368719100952
-0.08621493726968765,-0.5153936743736267,-0.0755438581109047,0.5496605634689331,0.10173521190881729,0.0766044557094574,0.19570879638195038,0.2360951453447342,-0.5170753598213196,0.20364707708358765
-0.01618533954024315,-0.04854196682572365,0.09543968737125397,-0.023696767166256905,-0.25646886229515076,0.06736873835325241,0.8267419338226318,0.23039494454860687,0.4187328815460205,0.07401678711175919
