-3.2571111319157353e-07,6.495125148830994e-08,0.9999986886978149,-5.7269829767392366e-08,2.2332362448196363e-07,-1.5160766508870438e-07,5.5446765401256926e-08,6.010853326188226e-08
-3.813097393390308e-08,-2.2141793465380033e-07,-2.0529327571239264e-08,-8.937041684475844e-08,3.555431931090425e-07,-7.220320696887939e-08,-3.599438613832717e-08,1.0000015497207642
7.100419452399365e-08,0.9999977350234985,1.2391706150083337e-07,1.8126615941582713e-07,-1.0798506089315651e-08,-3.9704013943264727e-07,2.5209385512425797e-07,-2.7684993852972184e-08
1.7226214765742043e-07,-3.2914928560501266e-09,1.7566281940162298e-07,-1.9103848103441123e-07,-4.644846285373205e-08,1.3751241567661054e-07,1.0000011920928955,-1.1747229855529895e-08
0.999997615814209,1.1145117895239309e-07,-4.593702129795929e-08,-1.1011543676886504e-07,-1.3567878909270803e-07,-1.1392986465352806e-07,3.307879694602889e-07,-7.756755593391063e-08
3.5985401325433486e-08,6.761911208741367e-08,1.8298115378456714e-07,0.9999990463256836,-1.9730599376543978e-08,1.057752143651669e-07,4.226327732226309e-08,1.6974243521872268e-07
2.8778558203157445e-07,-7.808464630443268e-08,-6.8799943520048146e-09,-9.705100012524781e-08,1.003465310844831e-08,1.000002145767212,-7.773422083801051e-08,1.1294422819219108e-07
6.873025171216796e-08,6.24373015511992e-08,1.54736838453573e-07,-1.0512081161095921e-07,1.000000238418579,-2.911098704316828e-07,-3.2997007792801014e-07,6.61436914128899e-08
