1.682369656919036e-07,-6.087745418881241e-08,1.0000019073486328,-2.062456516682687e-08,-1.4961732119900262e-07,-2.657128277405718e-07,2.3612753352608706e-07,-3.519925826367398e-07,-8.210740531922056e-09,-2.3670251891871885e-07
-1.1586843129407498e-07,2.043320677103111e-07,-7.129185775056612e-08,-2.6846456080420467e-07,-7.446003280620062e-08,1.4596770370189915e-07,6.697542431766124e-08,1.0000003576278687,1.3622894812215236e-07,-4.729264801994759e-08
1.0000007152557373,7.763027554119617e-08,3.0681320595249417e-07,3.520850455629443e-08,-3.517536484309858e-08,-1.4630350619881938e-07,1.873627830661917e-08,-1.797195920971717e-07,-2.1589074972183653e-09,1.1676867472942831e-07
-1.1756638684801146e-07,4.989606594563156e-08,4.0246444399372194e-08,-1.069112727236643e-07,1.0194390398510222e-07,1.0000011920928955,6.795073659304762e-08,4.4370935370352527e-08,-8.541233142977944e-08,-2.7347854825165996e-07
-2.138696686415642e-07,-1.3021751499309175e-07,-8.906491189009103e-08,1.427455913471931e-07,0.9999991655349731,-7.395507850560534e-08,1.6704562710856408e-07,-2.8204020452449186e-08,1.1683707157317258e-07,-9.965158653812978e-08
1.6066258012870094e-07,-5.7929550933977225e-08,-2.8455447775854736e-08,7.945478586179888e-08,-6.159334020594542e-08,1.7590173229109496e-07,1.0000026226043701,5.314857531857342e-08,3.7467149383019205e-08,7.622962527875643e-08
-1.8348467278883618e-07,1.000001311302185,9.875906670231416e-08,-1.1247547604398278e-07,-8.094834669236661e-08,2.0668659317379934e-07,8.878753732233235e-08,-1.4432340833536728e-07,-9.354181429443997e-08,-7.133228763223087e-08
5.398064928385793e-08,4.1040937048819615e-07,1.0926913596165377e-08,0.9999983906745911,-5.7510867179644265e-08,1.0829825924929537e-07,5.942510838963244e-08,1.2578015962105837e-08,-2.0262969258055818e-07,7.818762810529734e-07
1.3003145227230561e-07,4.6352937488336465e-08,8.495274528286245e-08,5.140137204762141e-08,-6.641278194052802e-09,3.674146142884638e-08,-9.849154736230048e-08,2.5593934083190106e-08,0.9999986886978149,1.081638671962537e-07
1.193477885408356e-07,1.2471370780531288e-07,6.767140092733825e-08,5.7541459597132416e-08,9.736422157402558e-08,-6.28559959636732e-08,1.3393796072236341e-09,6.770245164489097e-08,9.151387558858914e-08,1.0000001192092896
