-9.598818451195257e-08,3.0716158505583735e-08,-3.753288879693173e-08,5.3800079058419215e-08,-3.355795996640154e-08,0.9999991059303284,-1.2300345986204775e-07,-1.234941304772974e-08
-6.748759773245183e-08,6.841500521659327e-08,-6.135476837698661e-08,-3.1187710192170925e-08,1.0000016689300537,2.8643350447055127e-07,8.044804644669057e-08,-1.6683150860785645e-08
-1.0969969110874445e-07,1.6868814611825655e-07,-5.6443806073502856e-08,2.833936285639993e-08,1.4802181169670803e-07,-9.528126554414484e-08,0.999998927116394,-3.306597591290483e-07
7.990485784148404e-08,-3.680295606045547e-07,0.9999999403953552,-1.5906579164948198e-07,5.7964356869888434e-08,-1.4652203006448872e-08,-1.1370430286206101e-07,4.0265902612190985e-08
7.2707969422936e-08,-1.580427522185346e-07,-1.7907332505728846e-07,1.0000003576278687,1.7560438436703407e-08,6.110553130156404e-08,-1.9849180077358142e-08,5.80724375254249e-08
5.9473254765407546e-08,1.000002145767212,-1.0421415908012932e-07,8.205130086480494e-08,-6.546621733605207e-08,8.99662708775395e-08,3.587736685517484e-08,2.6872362113294912e-08
0.9999976754188538,-1.3166405210540688e-07,-1.033863270549773e-07,-8.689132613426409e-08,4.347796789261338e-09,-2.1900591562484806e-08,9.911478571211774e-08,1.0932335214874911e-07
-1.720802700333479e-08,1.6225257581936603e-07,-1.3830259604219464e-07,7.286963210617614e-08,1.9617381497027964e-07,-1.83236139150722e-07,2.4094774175864586e-08,0.999997615814209
