-0.5015242695808411,0.4256996810436249,0.024733124300837517,0.6205877065658569,-0.019139636307954788,-0.40950921177864075,0.06811368465423584,0.09386232495307922
-0.43082195520401,0.14411547780036926,-0.09063872694969177,-0.36452704668045044,0.1390874981880188,-0.03995155543088913,0.15443912148475647,-0.7795725464820862
-0.09351187944412231,0.2543483376502991,0.31428104639053345,-0.47115546464920044,-0.7032541036605835,-0.209970623254776,0.164382204413414,0.20032371580600739
0.29754453897476196,0.28227341175079346,0.3762921690940857,-0.2685525417327881,0.5040847659111023,-0.522578239440918,-0.30027392506599426,0.026803134009242058
0.4370958209037781,0.744343101978302,-0.08093409985303879,0.14816026389598846,-0.11261095106601715,0.41119804978370667,-0.024486156180500984,-0.20983825623989105
-0.45456239581108093,0.09170014411211014,0.5455337762832642,-0.062403079122304916,0.1920575350522995,0.5752992630004883,-0.28734728693962097,0.18176932632923126
0.26059338450431824,-0.2617737352848053,0.6682397127151489,0.3716326653957367,-0.1102067306637764,-0.018833259120583534,0.32948869466781616,-0.3972993791103363
-0.0004469712439458817,0.1505204737186432,0.010123767890036106,-0.15468724071979523,0.4122017025947571,0.11455436050891876,0.8139983415603638,0.3281584084033966
