-0.20317472517490387,0.08926807343959808,0.24635733664035797,-0.12697415053844452,-0.12781549990177155,-0.16363653540611267,0.2470971792936325,-0.35494905710220337,0.046814195811748505,-0.20055317878723145,-0.25873976945877075,-0.017849626019597054,0.5859072208404541,0.01208534836769104,0.4256516396999359,0.09740868955850601
0.22866183519363403,0.08201420307159424,0.05654723942279816,-0.3553159534931183,-0.4186033606529236,-0.3669796288013458,-0.14542338252067566,0.10563800483942032,-0.46859559416770935,0.08531572669744492,-0.3300738036632538,-0.2823088765144348,-0.045416951179504395,-0.12387517839670181,-0.18639740347862244,-0.04088875651359558
0.3414734899997711,0.3661109507083893,-0.5052181482315063,0.19244617223739624,0.021019786596298218,-0.2120891809463501,0.20361147820949554,-0.02458423748612404,-0.07385028153657913,-0.0562787763774395,-0.1670418381690979,0.16428425908088684,-0.24698735773563385,0.1170768141746521,0.46957138180732727,-0.10425566881895065
-0.07115032523870468,-0.3124484419822693,-0.25242742896080017,0.366900235414505,-0.0713801234960556,0.1826619952917099,-0.08048830181360245,-0.1079864650964737,0.022897569462656975,0.15795384347438812,-0.13957586884498596,-0.7177579998970032,0.050492748618125916,-0.0681784525513649,0.21948812901973724,-0.16393974423408508
0.01815756969153881,0.21025089919567108,0.33214545249938965,0.11599927395582199,0.07275611907243729,-0.10542690753936768,0.1063014343380928,-0.6414896249771118,-0.128125861287117,-0.10571271926164627,0.27465248107910156,-0.1903267204761505,-0.43853187561035156,-0.22736571729183197,-0.057443276047706604,-0.07691407203674316
0.10534290969371796,0.010405004024505615,-0.2958572208881378,-0.13340625166893005,-0.6244259476661682,-0.008112139999866486,-0.10187108814716339,-0.3191937506198883,0.41138604283332825,0.13663111627101898,0.32299110293388367,0.13461820781230927,0.12693867087364197,0.01045018620789051,-0.1271340250968933,-0.1961950808763504
-0.3161957859992981,0.01513903308659792,-0.15684878826141357,0.07538510113954544,-0.1433960348367691,0.17885521054267883,-0.07731570303440094,-0.006120443809777498,-0.714421272277832,0.04857431352138519,0.4335865378379822,0.17817780375480652,0.1763920933008194,0.05732370913028717,0.17810605466365814,-0.1109786406159401
0.24294504523277283,0.044969577342271805,0.10232051461935043,-0.10939884930849075,-0.13186636567115784,0.7184617519378662,-0.05182739347219467,-0.23006722331047058,-0.13431331515312195,-0.22299964725971222,-0.35725346207618713,0.08560726046562195,-0.0902336835861206,0.31226450204849243,-0.07219492644071579,-0.11718522757291794
0.08690100163221359,-0.5242870450019836,0.31330764293670654,0.11786478012800217,-0.15074333548545837,-0.24530212581157684,-0.26276350021362305,-0.1137518510222435,-0.02211487852036953,0.19425933063030243,-0.03881455957889557,0.2472928762435913,-0.2700973153114319,0.3738425374031067,0.3435678780078888,0.0948767215013504
0.4735485017299652,0.18294112384319305,0.3757351040840149,0.27629050612449646,0.016615424305200577,-0.08604023605585098,0.03144388273358345,0.23486129939556122,0.0025302106514573097,-0.04019000381231308,0.3190629780292511,-0.19625329971313477,0.3370186686515808,0.32544851303100586,-0.032710008323192596,-0.3137477934360504
-0.20250508189201355,-0.11763039231300354,-0.05118277296423912,-0.05550551414489746,-0.028147755190730095,-0.1747564822435379,-0.34512752294540405,0.14135470986366272,0.09663426876068115,-0.7629774212837219,0.022868677973747253,-0.023695437237620354,-0.11980590224266052,-0.02503378316760063,0.08210142701864243,-0.3933789134025574
-0.24904167652130127,0.18004800379276276,0.20915673673152924,0.5767620801925659,-0.5427996516227722,0.051165543496608734,0.17865662276744843,0.2633701264858246,0.048781443387269974,-0.1121310219168663,-0.16658303141593933,0.11300750821828842,-0.15499992668628693,-0.11085379123687744,-0.10886250436306,0.16428884863853455
-0.1416565626859665,0.2573355734348297,-0.2165965884923935,0.14157401025295258,0.051875241100788116,-0.17216411232948303,-0.3307718336582184,-0.19492189586162567,-0.015853358432650566,-0.15353287756443024,0.025261806324124336,-0.20974060893058777,0.06718182563781738,0.5287892818450928,-0.26031044125556946,0.49666136503219604
0.3321121633052826,-0.426772803068161,-0.14399249851703644,-0.07402731478214264,-0.14538854360580444,0.03264668583869934,0.42526280879974365,0.05201062187552452,-0.10959137231111526,-0.4182630777359009,0.2816251218318939,-0.1213260069489479,-0.01683802157640457,-0.038612086325883865,-0.02034817636013031,0.43865758180618286
0.13906419277191162,-0.3017542064189911,-0.16729560494422913,0.39880090951919556,0.16506148874759674,-0.2148534655570984,0.03961196541786194,-0.29262593388557434,-0.18348845839500427,-0.06644821912050247,-0.26018133759498596,0.31691208481788635,0.2821507751941681,-0.12193764746189117,-0.4509207010269165,-0.19481606781482697
0.36028268933296204,0.11431051790714264,0.053671374917030334,0.16292710602283478,0.01575889252126217,0.15244996547698975,-0.5715108513832092,-0.02120191790163517,0.003720622742548585,-0.073880635201931,0.04593735933303833,0.11068475246429443,0.18466418981552124,-0.5089070200920105,0.2231668084859848,0.3382525146007538
