-1.4037890139206866e-07,1.0881331746759315e-07,-4.4580517055692326e-08,6.345627667769804e-08,-9.499804320967087e-08,9.080645924086639e-08,1.0000019073486328,-1.0014161944127409e-07,-1.5234199679525773e-07,2.0348394969005312e-08,1.0718826359834566e-07,-2.7801602797694613e-08,-1.7441878696899948e-07,2.2411049371839908e-07,-5.5495551265494214e-08,-1.369286763974742e-07
7.429904513855945e-08,5.552109527684479e-08,2.27175632971921e-07,4.401289288580301e-08,-5.0427651387963124e-08,4.8318792522650256e-08,-1.203227668611362e-07,8.98966234785803e-08,2.8277478136828904e-08,2.473149463000368e-09,0.9999998807907104,2.411310049410531e-07,5.498499788814115e-08,9.987646620857049e-08,4.653694318790258e-08,7.240797827989809e-08
7.169528970507599e-08,1.2024578666114394e-08,-1.0347422119139082e-07,2.5526610158976837e-08,-8.772547488433702e-08,-6.744186720197831e-08,2.2547274625139835e-07,1.2648365554923657e-07,1.2153391626412713e-09,1.0000019073486328,-1.5536608088950743e-07,-2.050842873302372e-08,-4.652603635690866e-08,2.2956098177928652e-07,-6.252140849483112e-08,-2.5084904109462514e-07
0.9999998807907104,-1.6859262075286097e-07,-4.260806818479068e-08,1.1410302036551911e-08,-2.275684209962492e-07,5.2049575316459595e-08,-1.6324494822583802e-07,-8.34079401101917e-08,-8.868988032872949e-08,1.098292088386188e-07,2.736076680776023e-07,-8.882074808980178e-08,8.099161341590388e-09,7.399087564863294e-08,-8.804434514786408e-08,-3.106229371496738e-07
2.9131976475582633e-07,4.00208577389094e-08,-1.2853853093020007e-07,7.154436332257319e-08,3.9765147619164054e-08,0.9999980926513672,9.835874692498692e-08,-1.6262252700016688e-07,8.64060325511673e-08,-3.325554942534836e-08,3.212748822534195e-07,-3.5209140492042934e-07,1.609295985360859e-08,-1.9092153991095984e-07,3.4413353944273695e-08,-6.68400730319263e-08
-3.122313501080498e-07,-2.3064146148499276e-08,1.0000019073486328,-3.933900316610561e-08,2.7950221692663035e-08,-3.848037977149943e-08,-4.86095785845464e-08,-2.1296500563039444e-07,-7.491371434298344e-08,-8.818287255962787e-08,-2.3147605077156186e-07,1.0495967472934353e-07,3.437102122916258e-07,6.765714033463155e-08,-6.874657287880837e-08,-1.3270534005016543e-08
1.6243058098552865e-07,-9.655703792077475e-08,6.350541870148163e-09,-6.735523783163444e-08,3.259926728560458e-08,-1.3450070923681778e-07,-8.448106569858282e-08,-1.4841629081274732e-07,-2.191641925719523e-07,2.4846980295478716e-07,8.336925105822957e-08,0.999997615814209,-1.2456019327089507e-08,-4.483657534137819e-08,3.167881175158982e-07,-1.1015796275160028e-07
4.592137514691785e-08,1.1815076916832368e-08,2.1634720326346724e-07,6.728861734472957e-08,-1.2618717448731331e-07,2.4987095059714193e-08,-2.068420030809648e-07,0.9999980330467224,-4.044858226137649e-09,9.572067227736625e-08,-5.444640294172132e-08,-3.4725616160358186e-07,2.31467112143946e-08,-5.579443129732908e-09,6.193304358248497e-08,1.5429701960556486e-08
-6.76517188935577e-08,1.000002145767212,2.391102214005514e-07,-1.74652683426757e-07,-6.761504778296512e-08,-7.44491757131982e-08,-5.482247900090442e-08,-7.161913373465723e-08,2.5056865027295316e-08,9.841259185350282e-08,2.112978947366173e-08,1.5718509871476272e-07,-3.82082099292802e-08,2.16791008256223e-07,2.608069982201755e-09,6.751125170012529e-08
1.1343988859380261e-07,-1.324988545547967e-07,-5.6256354241668305e-08,1.0000016689300537,-1.2058427500960534e-07,5.874560571328402e-08,-2.878772242809191e-08,2.5198527708880647e-08,-1.360166805852714e-07,-1.379239762400175e-07,4.690983956834316e-08,1.0608808764800415e-07,1.1180456738202338e-07,6.519362472090506e-08,1.5431213284955447e-07,-8.204600554506669e-09
5.8357656484986364e-09,-7.043646377269397e-08,-8.694240705153788e-08,2.8309310451390957e-08,-2.7006619163216783e-08,6.219109138783097e-08,6.548498276970349e-08,1.0328089494748838e-08,3.2404461336454915e-08,5.205297526345021e-08,-8.648341065509157e-08,-1.2914136426900313e-08,-7.023233905556481e-08,-8.342242807657385e-08,0.9999988079071045,-7.907510735094547e-08
-3.607261334082068e-08,1.5664816999105824e-08,1.820201447344516e-07,3.347286678945238e-07,6.728625123741949e-08,-1.7532606477743684e-07,1.6071383868165867e-07,2.999648529566912e-08,-9.387148480755059e-08,-1.508305018660394e-07,3.15104990988857e-08,-3.1964427193997835e-07,0.999998152256012,1.4979569584738783e-07,1.5015885423963482e-07,5.6183431240697246e-08
1.667914659719827e-07,-1.0880740575203163e-07,2.785838759677972e-08,1.4444592011386703e-07,0.9999982118606567,4.5794926961661986e-08,-1.8918216326824222e-08,9.285250257562438e-08,-2.602264359552464e-08,1.7123288387210778e-07,6.199545765639414e-08,1.922210479676778e-08,6.899685267569566e-09,1.4150539584534272e-07,-3.1772824371500974e-08,9.735202866067993e-08
-3.2274172667712264e-08,-4.206984627330712e-08,-2.3559272221973515e-07,-1.7302059518442547e-07,2.0063066585862543e-07,4.954539534196556e-08,1.471597101954103e-07,-4.45673329352303e-08,1.0170804642939402e-07,1.9747869828279363e-07,1.574738490717209e-07,-1.1215799844421781e-07,2.8187145062474883e-07,-3.4688181216324665e-08,-8.389797301333601e-08,1.0000003576278687
-1.197677050868151e-07,8.34094819879283e-08,-1.6112922196498403e-07,3.0082699709055305e-07,-4.1839168574142604e-08,4.328295943878402e-08,6.74583588988753e-08,-9.450334914617997e-08,0.9999988079071045,-1.5721866475360002e-07,-1.3228628858996672e-07,-1.8352569952639897e-07,-3.4306371077263975e-08,9.36954336339113e-09,-2.6534996422356016e-08,-4.889440319288951e-08
7.019767878091443e-08,6.790435946868456e-08,8.552293451202786e-08,1.630285311193802e-07,-2.968195822461439e-08,2.1959037255214753e-08,-6.36467447634459e-08,-7.821657277418126e-08,-1.6846579242724147e-08,-6.403715957503664e-08,-1.2963182882685942e-07,1.1223305307339615e-07,9.219068886068271e-08,0.999997615814209,1.0982012810245578e-07,7.29356344209009e-08
