-0.30203890800476074,-0.3530017137527466,-0.5852155685424805,0.05624016746878624,0.1830408275127411,0.2780264616012573,-0.2575528025627136,-0.11847719550132751,-0.3805038332939148,-0.24403615295886993,-0.1742260903120041,0.11250672489404678
0.10077498108148575,0.3356326222419739,-0.09063447266817093,0.05357099324464798,-0.24703195691108704,-0.2955890893936157,-0.7903871536254883,-0.007754310499876738,-0.06529952585697174,0.1605800986289978,-0.2329017072916031,-0.09297911822795868
-0.028774593025445938,0.13409723341464996,0.10680996626615524,-0.18161901831626892,0.16944782435894012,0.10654614120721817,0.1826978325843811,-0.3727465569972992,-0.4484538435935974,0.3617810308933258,-0.21504010260105133,-0.5883657932281494
0.36656635999679565,0.029475146904587746,0.15071223676204681,0.1970262974500656,-0.19901518523693085,0.30438926815986633,-0.0792241171002388,0.0992807000875473,-0.6020662188529968,0.15409152209758759,0.4516412317752838,0.25421640276908875
0.2162739336490631,-0.5233619809150696,0.34914594888687134,-0.03721529245376587,-0.37508919835090637,0.13081799447536469,-0.10738340020179749,-0.5043947696685791,0.12282850593328476,-0.03537716343998909,-0.3084421753883362,0.14423972368240356
0.026494018733501434,0.14820978045463562,-0.05901346728205681,0.25161463022232056,0.3005678653717041,-0.163008451461792,-0.12609611451625824,-0.694862961769104,0.15857809782028198,-0.13573779165744781,0.5011029243469238,0.01472530234605074
-0.15041178464889526,-0.41842952370643616,0.4710761606693268,0.00804244913160801,0.3472558856010437,-0.49045565724372864,-0.20419687032699585,0.20355196297168732,-0.3006787598133087,-0.16380664706230164,0.09973762184381485,-0.09414300322532654
0.6152213215827942,0.037165310233831406,0.00031324676820077,-0.3354018032550812,0.6077031493186951,0.18736334145069122,-0.17200535535812378,0.06676791608333588,0.10924877226352692,-0.04720465838909149,-0.18106679618358612,0.14909084141254425
-0.4728637635707855,0.0786794051527977,0.24473044276237488,-0.04436395317316055,0.25377339124679565,0.16709333658218384,-0.13316617906093597,-0.06630664318799973,0.08646739274263382,0.5693372488021851,-0.058581024408340454,0.5087667107582092
0.13913539052009583,-0.5112516283988953,-0.32532814145088196,-0.055905781686306,-0.00789389293640852,-0.04928817227482796,-0.12234113365411758,0.12501460313796997,0.2612612843513489,0.5637043118476868,0.3428749442100525,-0.2713468372821808
0.24340476095676422,-0.04252968356013298,-0.30259495973587036,0.14210732281208038,0.021281404420733452,-0.5880898833274841,0.3710649907588959,-0.12095893174409866,-0.22429843246936798,0.24565106630325317,-0.2595868706703186,0.3879747688770294
0.11232667416334152,-0.04664147272706032,0.10291311889886856,0.8483066558837891,0.22652602195739746,0.18917302787303925,0.013935637660324574,0.13895970582962036,0.1368849128484726,0.0950770154595375,-0.29635852575302124,-0.18106704950332642
