-0.1731335073709488,-0.18084006011486053,0.1577693670988083,0.4172852337360382,0.1759691834449768,-0.02055910788476467,0.5280889272689819,-0.2096761167049408,0.0977516770362854,0.6119788289070129
-0.016586221754550934,-0.4309804141521454,-0.21215379238128662,-0.23785899579524994,-0.31857970356941223,-0.13256163895130157,-0.27749505639076233,0.2696305811405182,0.5157656073570251,0.42143717408180237
-0.35703474283218384,-0.10829199850559235,0.10796451568603516,0.22672007977962494,0.5808801651000977,0.3556559085845947,-0.25018224120140076,0.41515135765075684,0.2730371057987213,-0.15599775314331055
0.11321264505386353,0.5333642363548279,-0.6789722442626953,0.25351682305336,0.015732018277049065,-0.01768144592642784,0.21591517329216003,0.2935202121734619,0.19824139773845673,0.06928075104951859
0.6954820156097412,-0.3631497323513031,0.03364458307623863,0.48842793703079224,0.09969078004360199,-0.17788298428058624,-0.1197674497961998,0.24261857569217682,-0.1556648463010788,-0.07556823641061783
0.3240755796432495,-0.17262010276317596,-0.3962330222129822,-0.3763338029384613,0.4809175133705139,0.38888150453567505,-0.0627562403678894,-0.32752782106399536,-0.12940442562103271,0.2368166744709015
0.005354790482670069,0.3106549382209778,0.2290320247411728,-0.20588572323322296,0.1188180148601532,-0.10560908168554306,-0.19160540401935577,0.4689595103263855,-0.4845007061958313,0.5403445959091187
-0.19016681611537933,0.16350895166397095,-0.1586499810218811,0.4211408197879791,-0.019319742918014526,-0.13585248589515686,-0.6826856732368469,-0.4533669948577881,-0.077302485704422,0.1953662931919098
0.4519312083721161,0.44040027260780334,0.46962279081344604,-0.026526112109422684,-0.017292989417910576,0.24109995365142822,-0.1160537376999855,-0.14663946628570557,0.5185443758964539,0.13515806198120117
-0.017416078597307205,-0.0804789736866951,-0.03374717757105827,0.23018144071102142,-0.5233197212219238,0.7645867466926575,-0.01965860091149807,0.10827849805355072,-0.24494311213493347,0.0923880785703659
