-0.3926405906677246,0.26406532526016235,0.024885054677724838,0.22887733578681946,-0.06149149313569069,0.2336122840642929,0.2554260194301605,-0.17358072102069855,0.3797934353351593,0.12769897282123566,0.5460601449012756,0.04018223285675049,-0.009394635446369648,-0.2257331758737564,-0.07836221903562546,-0.22768424451351166
0.4356837272644043,0.08273185044527054,-0.08279495686292648,0.2950483560562134,0.46666663885116577,0.43366843461990356,0.033779535442590714,-0.22881686687469482,0.20225846767425537,0.05605395510792732,-0.09671769291162491,-0.08464125543832779,0.19274762272834778,-0.114050954580307,0.06806372851133347,0.3670457601547241
0.0012005626922473311,0.15149256587028503,0.12984971702098846,-0.6559963822364807,0.022850681096315384,0.030087566003203392,-0.24473629891872406,-0.4794752895832062,0.04650682210922241,0.19781236350536346,0.09223191440105438,-0.006839826237410307,-0.1971825659275055,-0.11404089629650116,-0.2599913775920868,0.263267457485199
-0.004062635358422995,0.5721880793571472,-0.03509722277522087,-0.13680675625801086,-0.20727524161338806,0.4596025347709656,-0.13086669147014618,0.34520941972732544,0.0986257791519165,-0.34669435024261475,-0.11509227007627487,-0.052059561014175415,-0.16860878467559814,0.28690117597579956,-0.03420811519026756,0.06596287339925766
0.05920674651861191,-0.5111710429191589,0.3069894015789032,-0.044441916048526764,-0.26767176389694214,0.12088017165660858,-0.12221100926399231,0.14667321741580963,0.4647831916809082,-0.24986276030540466,0.14425356686115265,0.04138972610235214,0.27605125308036804,0.09903665632009506,-0.28558486700057983,0.21845979988574982
-0.01778755895793438,0.35793522000312805,0.5678773522377014,0.26833251118659973,-0.1807725578546524,-0.22929805517196655,0.030523214489221573,-0.16962561011314392,0.15582625567913055,0.1525242179632187,-0.497950941324234,0.19689059257507324,0.13850368559360504,-0.021591274067759514,-0.08966795355081558,-0.012750270776450634
0.07959527522325516,-0.14627747237682343,0.09983731806278229,0.1543952375650406,0.05957133322954178,0.06751923263072968,0.4592665433883667,-0.030557869002223015,-0.11140508204698563,0.024424079805612564,-0.11431100219488144,-0.3328889310359955,-0.4569004774093628,0.18895405530929565,-0.5801876783370972,-0.02292296104133129
0.47234442830085754,-0.04922933131456375,0.2781805098056793,0.047391653060913086,-0.08480818569660187,-0.006154957693070173,-0.09628231078386307,0.14044176042079926,0.06997860968112946,-0.163069486618042,0.13422304391860962,0.12056268751621246,-0.5298606157302856,-0.496471107006073,0.19124241173267365,-0.17538419365882874
0.13287696242332458,0.24145720899105072,0.002566159935668111,0.04635816812515259,0.27137690782546997,-0.2832599878311157,-0.38677850365638733,0.16199584305286407,0.03316750377416611,-0.12581783533096313,0.11983033269643784,-0.42746269702911377,0.28002527356147766,-0.18280811607837677,-0.4072134792804718,-0.31701022386550903
-0.3151993155479431,-0.055843304842710495,-0.20797933638095856,0.3993285596370697,0.21496939659118652,-0.1805628389120102,-0.4711230993270874,-0.036302801221609116,0.13748201727867126,-0.11279173940420151,-0.03229515627026558,0.29089298844337463,-0.41575106978416443,0.07735053449869156,-0.17780901491641998,0.25492945313453674
0.037925947457551956,0.2688587009906769,-0.04790157452225685,-0.015384877100586891,-0.04195517301559448,-0.4897051155567169,0.37977635860443115,0.11523599922657013,-0.004884857684373856,-0.3034197986125946,0.2383708357810974,-0.05247707664966583,0.046001456677913666,-0.1451222449541092,0.02280760556459427,0.5910202860832214
-0.3574402332305908,-0.13518641889095306,-0.01128234714269638,-0.10731839388608932,0.046191636472940445,-0.04708324745297432,0.01604771614074707,-0.027836771681904793,0.39672067761421204,-0.10483899712562561,-0.37470144033432007,-0.576636791229248,-0.161995068192482,-0.2182859480381012,0.347159743309021,0.035102494060993195
-0.36107805371284485,-0.07814428210258484,0.19440512359142303,-0.17144379019737244,0.37847769260406494,0.24470002949237823,0.15851812064647675,0.13285890221595764,-0.2817855775356293,-0.35690486431121826,-0.19592487812042236,0.2869476079940796,0.13169902563095093,-0.41523319482803345,-0.18151675164699554,-0.014397026970982552
0.03888056427240372,0.013815401121973991,-0.3590295910835266,-0.11121910065412521,-0.13062214851379395,0.012194799259305,0.07361912727355957,0.48715347051620483,0.21497640013694763,0.5196064710617065,-0.23144502937793732,0.1516125500202179,0.013273022137582302,-0.3515026271343231,-0.25919923186302185,0.11576948314905167
-0.08124277740716934,0.023241590708494186,0.4376111924648285,-0.14697116613388062,0.5124098062515259,-0.07519926130771637,0.026318132877349854,0.4287112057209015,0.12096545100212097,0.3380613625049591,0.20764027535915375,0.010816214606165886,-0.11250029504299164,0.3157709836959839,0.1938401162624359,0.07042908668518066
-0.1950128674507141,-0.03199690580368042,0.2578233480453491,0.2733575105667114,-0.2706792950630188,0.22996844351291656,-0.2706455588340759,0.13085384666919708,-0.4771609902381897,0.25510209798812866,0.15222576260566711,-0.33850231766700745,0.02744884416460991,-0.21086034178733826,0.0385378897190094,0.3549789488315582
