-0.040481481701135635,-0.2070431113243103,-0.00046479416778311133,0.20877039432525635,0.05249170586466789,0.48876136541366577,-0.16965599358081818,0.046406690031290054,0.429597407579422,0.1804838478565216,0.45493748784065247,0.03340664505958557,0.34705549478530884,-0.013618462719023228,0.30211859941482544,0.046995725482702255
0.1110096201300621,-0.17980991303920746,-0.2660894989967346,0.4108593463897705,-0.19782771170139313,-0.077004075050354,0.1952858865261078,-0.4950658082962036,0.36340558528900146,0.2144497185945511,-0.2329334318637848,-0.022691993042826653,-0.15341655910015106,0.08906424790620804,-0.10738545656204224,-0.3340928554534912
-0.23284664750099182,0.14073193073272705,0.5423659086227417,0.07279498875141144,0.024319510906934738,-0.09920601546764374,-0.11485543102025986,0.07997889071702957,0.4776013195514679,-0.30437058210372925,-0.09778641164302826,0.058467019349336624,-0.37145349383354187,0.27703753113746643,0.1938517540693283,-0.10228431224822998
-0.21507528424263,0.02107929065823555,-0.5550180673599243,-0.1733316332101822,-0.25934550166130066,0.33063119649887085,-0.09812784194946289,0.3555121123790741,0.0755305141210556,-0.03873046860098839,-0.04505826532840729,0.2618609368801117,-0.35897010564804077,0.28810015320777893,-0.11317557096481323,-0.011779350228607655
0.4202529191970825,0.06250248104333878,-0.052589140832424164,0.052382539957761765,0.35099101066589355,0.036087483167648315,-0.06081417575478554,-0.07952427864074707,0.10692941397428513,0.007415870204567909,0.29732006788253784,0.26618361473083496,-0.5737448930740356,-0.3769126534461975,-0.09610023349523544,0.16801515221595764
-0.1678907871246338,-0.5467141270637512,-0.07406265288591385,-0.007487543858587742,-0.29364708065986633,-0.1571265161037445,0.006226939614862204,0.14057035744190216,0.02271382510662079,-0.13215819001197815,-0.008045212365686893,-0.38863831758499146,-0.2912459373474121,-0.4035602807998657,0.2818492650985718,0.2011174112558365
-0.27305206656455994,0.16922999918460846,0.11083052307367325,0.27641984820365906,-0.05738023295998573,0.42597246170043945,0.25509798526763916,-0.26370808482170105,-0.5106357932090759,-0.055926643311977386,0.040014319121837616,0.0945955440402031,-0.240821972489357,-0.07632569223642349,0.3721702992916107,-0.10951333492994308
0.12693174183368683,0.2077566683292389,0.09276650846004486,0.3707242012023926,-0.31108158826828003,-0.08037104457616806,-0.46935969591140747,0.2975788116455078,-0.08063419163227081,0.2552579343318939,-0.3286799192428589,0.2581186890602112,0.06843338161706924,-0.3329622745513916,0.1243734285235405,-0.07259964197874069
0.03280274569988251,0.13928812742233276,0.10010581463575363,0.21118099987506866,-0.23797643184661865,-0.09132836759090424,-0.32069578766822815,-0.07481173425912857,-0.20984302461147308,0.29658031463623047,0.4020426869392395,-0.425534188747406,-0.24394892156124115,0.3797587752342224,-0.19442318379878998,0.1877414584159851
0.26012933254241943,0.0688793808221817,-0.1276039034128189,0.02700202167034149,-0.0279176477342844,0.27634450793266296,-0.32233694195747375,-0.3635641634464264,0.03069045953452587,-0.4052472710609436,-0.3746740221977234,-0.1318628340959549,0.08751299232244492,0.1239549070596695,0.10173584520816803,0.4909627437591553
-0.23692463338375092,0.15273912250995636,-0.10005950182676315,0.2309609055519104,0.3483245074748993,0.2698204815387726,-0.17837440967559814,0.1503949761390686,0.04895373061299324,-0.19535329937934875,-0.11165495216846466,-0.4844346344470978,-0.01168466079980135,-0.2809614837169647,-0.3912259638309479,-0.29795223474502563
0.1766776740550995,0.4391108453273773,-0.39189061522483826,0.10541524738073349,0.20166322588920593,-0.23745359480381012,0.2013959139585495,0.23245081305503845,0.1082206442952156,0.040908318012952805,0.0024728651624172926,-0.31092920899391174,-0.008630725555121899,0.10752025246620178,0.5457874536514282,-0.00671294005587697
-0.3531287610530853,0.207083061337471,-0.07640005648136139,0.4284634292125702,-0.08653779327869415,-0.18262261152267456,0.33123913407325745,0.06347998976707458,0.14934642612934113,-0.1216522827744484,0.09658365696668625,0.17953060567378998,0.1424258053302765,-0.11330211907625198,-0.27397871017456055,0.5491458177566528
0.2319847047328949,-0.11050089448690414,-0.1392267942428589,0.28045207262039185,-0.1781117171049118,-0.20421908795833588,-0.10402070730924606,0.06475681066513062,-0.16814064979553223,-0.6513670682907104,0.3754797875881195,0.14177054166793823,0.1450081765651703,0.09008181095123291,-0.010769753716886044,-0.32341787219047546
0.35016101598739624,0.3288501501083374,0.203793466091156,-0.20370349287986755,-0.5406156182289124,0.2976143956184387,0.3529219627380371,0.0957222580909729,0.19969412684440613,-0.0938425287604332,0.08468744158744812,-0.21085679531097412,0.020127246156334877,-0.21352232992649078,-0.14549635350704193,-0.06463579833507538
0.36451610922813416,-0.355553537607193,0.2029859870672226,0.3494430482387543,0.17286346852779388,0.21117651462554932,0.31133702397346497,0.4516397714614868,-0.14435362815856934,0.03979954496026039,-0.2389729917049408,-0.04795355349779129,-0.058267608284950256,0.30641812086105347,-0.09333144128322601,0.11909180879592896
