0.18171240389347076,0.6039462685585022,0.29130229353904724,0.14899948239326477,-0.04824578016996384,-0.4509589374065399,-0.1038571149110794,0.051272038370370865,0.3133496940135956,0.05715635046362877,0.14019130170345306,0.1212233155965805,-0.2369079440832138,0.002005116082727909,0.1533830612897873,-0.24618133902549744
-0.100303515791893,0.21942663192749023,-0.2779787480831146,0.14301227033138275,-0.4065086841583252,-0.10970504581928253,0.3613171875476837,0.3795742392539978,-0.08426078408956528,0.21215391159057617,-0.03815549612045288,-0.28010430932044983,0.1074162945151329,-0.3298625349998474,0.26077184081077576,0.2679198384284973
-0.4231102168560028,0.08090843260288239,-0.13309401273727417,-0.6328408122062683,0.16055555641651154,-0.2907947599887848,0.010551029816269875,-0.05949415639042854,0.09857679158449173,-0.05729125067591667,-0.34321966767311096,-0.23311805725097656,-0.20790407061576843,0.10073252022266388,0.20541226863861084,-0.03914793208241463
0.042382728308439255,0.05275268852710724,-0.07984660565853119,0.07460130751132965,0.3681912422180176,0.25559037923812866,0.3135356903076172,-0.11753912270069122,-0.13174262642860413,-0.1646602302789688,0.12903980910778046,-0.030831387266516685,0.11292718350887299,-0.1743154674768448,0.5735743045806885,-0.486078143119812
-0.0716247633099556,-0.3371065557003021,0.10640472173690796,0.05734231323003769,0.24196095764636993,-0.1555810272693634,-0.057622529566287994,0.5583798885345459,0.15391787886619568,-0.13678866624832153,-0.02334551326930523,-0.13547499477863312,-0.1291060596704483,-0.4623942971229553,-0.28201866149902344,-0.3121667802333832
0.2918744385242462,0.14753080904483795,-0.08165892213582993,-0.0971248522400856,0.008358999155461788,0.35875561833381653,-0.21595200896263123,0.5460622310638428,-0.17713028192520142,0.106439009308815,-0.41942504048347473,0.19579429924488068,-0.17857439815998077,0.28036585450172424,0.16010130941867828,-0.10132069140672684
0.504009485244751,-0.09924525022506714,0.12158723920583725,-0.3380904495716095,-0.12988804280757904,0.16738304495811462,-0.12406442314386368,-0.23472453653812408,0.3726557791233063,0.07748527824878693,-0.23205478489398956,-0.04860921576619148,0.09852217137813568,-0.4911513030529022,0.15546008944511414,0.12437107414007187
-0.3295120894908905,-0.025830773636698723,0.621292769908905,-0.06572981923818588,-0.006439258810132742,0.22131241858005524,-0.0003462680906523019,0.26834961771965027,0.16244003176689148,-0.25087809562683105,0.12069480866193771,0.11843311041593552,0.1593460887670517,0.05474039539694786,0.31919175386428833,0.36222273111343384
-0.13297781348228455,0.14613483846187592,0.45814353227615356,0.07380837947130203,-0.14845915138721466,0.3531779944896698,0.2700657248497009,-0.2089543491601944,-0.1973438560962677,0.1729019433259964,-0.21597108244895935,-0.30438655614852905,-0.4277496337890625,-0.10256046801805496,-0.24041391909122467,-0.1510787457227707
0.2762155532836914,-0.022921722382307053,-0.142314150929451,0.08242148905992508,0.011799410916864872,0.13473562896251678,-0.1232353076338768,0.05484867841005325,0.16317147016525269,-0.3895586133003235,0.2771342396736145,-0.626463770866394,-0.3305540680885315,0.24595826864242554,0.08872383087873459,0.18539458513259888
-0.38633909821510315,0.06665322929620743,-0.32440680265426636,0.18928523361682892,-0.11712133139371872,0.4218628406524658,-0.06984803825616837,-0.03418922424316406,0.6667369604110718,0.13036860525608063,-0.0055856830440461636,0.10378426313400269,-0.05788299813866615,0.03715606778860092,-0.05041699856519699,-0.1669914871454239
-0.12950405478477478,0.5653831958770752,-0.11583055555820465,-0.2630467414855957,0.05305984616279602,0.2599557042121887,-0.3357429504394531,0.030945565551519394,-0.23181302845478058,-0.2301548570394516,0.22091545164585114,-0.06472855061292648,0.22575265169143677,-0.3108358383178711,-0.2993084192276001,-0.004163525532931089
-0.10457707941532135,0.02361307665705681,-0.07206863909959793,0.1916821151971817,0.5345526337623596,0.03552665933966637,-0.2609795033931732,-0.07597711682319641,-0.09585808217525482,0.40811049938201904,0.09182515740394592,0.05432349070906639,-0.34928402304649353,-0.25377702713012695,0.17039906978607178,0.4279205799102783
0.18037578463554382,0.2885281443595886,-0.016731588169932365,0.0836896076798439,0.4950185716152191,0.015422594733536243,0.4835945665836334,0.053470462560653687,0.2526737451553345,-0.11138078570365906,-0.29049867391586304,-0.0200430229306221,0.21415399014949799,0.11573982983827591,-0.31845030188560486,0.2705861032009125
-0.1149991899728775,0.03205817565321922,0.13502854108810425,0.40968841314315796,0.0690934881567955,-0.09777647256851196,-0.4310515820980072,-0.10613413900136948,-0.026477737352252007,0.04561859369277954,-0.43451520800590515,-0.4189285337924957,0.4394698441028595,0.06803853809833527,0.11540484428405762,-0.10048328340053558
0.08044476062059402,-0.03216495364904404,0.1499631255865097,-0.30181607604026794,0.1458645462989807,0.07287859916687012,0.03733988478779793,0.1736915111541748,0.098661869764328,0.6242486834526062,0.3816467523574829,-0.315519243478775,0.29181987047195435,0.2501482665538788,-0.06715621054172516,-0.15456995368003845
