7.754469955045806e-09,-1.3933821207956498e-07,0.9999975562095642,9.628427477537116e-08,-1.2135511440192204e-07,-5.51634506962273e-08,-1.89740944733785e-07,-1.617037241885555e-07
8.697227826814924e-08,0.9999975562095642,-1.175489003912844e-07,-5.649894774251152e-08,-1.3841102486367163e-07,1.0623673318832516e-07,1.0703865882533137e-07,1.106867557609803e-07
-6.67597817027854e-08,-7.133170498718755e-08,2.761904625003808e-07,-8.077358870650642e-08,5.833901894902738e-08,0.9999997615814209,2.4907845386223926e-07,3.509266122136978e-08
0.9999983310699463,5.638109712435835e-08,1.3423597522432829e-07,8.561078601587724e-08,-5.83107606644262e-08,4.9817924008266345e-08,-1.293670663926605e-07,-1.4121125957444747e-07
-5.248524104217722e-08,-2.3647118041481008e-08,8.42563210312619e-08,8.656844840970734e-08,1.1312444314626191e-07,-9.382468846297343e-08,-1.319531151011688e-07,0.9999991059303284
-7.273696311926869e-09,1.5796908314769098e-07,-4.2088075247193046e-08,6.656109974301216e-08,-3.3340873528686643e-07,2.3177948449415453e-08,0.999997615814209,2.0476865358887153e-07
1.0917604242877132e-07,-1.9015274688172212e-08,1.4037318862847314e-07,1.5233180761242693e-07,0.9999997019767761,9.539026279981044e-08,-6.561149490380558e-08,2.003713319709277e-07
-1.370173947634612e-07,-7.890572817359498e-08,8.450659549907868e-08,1.0000020265579224,-7.997199702458602e-08,-2.1507186431790615e-07,-2.2378375774678716e-07,-1.2460479581477557e-07
