-0.1247720867395401,-0.662391722202301,0.03470754250884056,0.013129611499607563,-0.4025370478630066,0.10098208487033844,0.462466835975647,0.39771768450737
0.43659988045692444,0.0685938224196434,0.25970369577407837,-0.42280933260917664,-0.45379069447517395,0.19300369918346405,0.21684853732585907,-0.5179396867752075
0.23495306074619293,-0.19652122259140015,0.773638904094696,-0.10941284149885178,0.2509121298789978,0.09530386328697205,-0.34946754574775696,0.31862443685531616
0.2779543697834015,0.04364416375756264,-0.059204623103141785,-0.31247422099113464,0.6145226359367371,-0.19079066812992096,0.6258783340454102,0.11801083385944366
-0.49311479926109314,0.5556449294090271,0.21951520442962646,-0.4299969971179962,-0.2362060844898224,-0.02997777797281742,0.13880395889282227,0.3728978931903839
0.14862070977687836,-0.15917977690696716,-0.5096937417984009,-0.5907805562019348,0.04982365295290947,0.3537251055240631,-0.387580007314682,0.2567901611328125
0.6133357882499695,0.3945291042327881,-0.13385625183582306,0.34142738580703735,-0.28221383690834045,0.02658148482441902,0.04864288493990898,0.500959575176239
0.14114437997341156,-0.16208679974079132,-0.05861108377575874,-0.24689128994941711,-0.23134377598762512,-0.8833717107772827,-0.23107972741127014,0.04643522575497627
