0.05413593351840973,-0.09000205993652344,0.16493627429008484,0.5385258793830872,0.10691367834806442,0.16562549769878387,-0.5873561501502991,0.5365675091743469
-0.3037436008453369,-0.12656712532043457,0.6748424768447876,0.12202377617359161,0.519244372844696,-0.2201211154460907,0.03310833498835564,-0.31976884603500366
-0.3654244840145111,0.13855625689029694,-0.23340578377246857,0.28348225355148315,-0.005665707401931286,-0.6772380471229553,0.3100953698158264,0.3969666361808777
-0.4669520854949951,0.1293751299381256,-0.39803916215896606,-0.293805330991745,0.6024335026741028,0.34970811009407043,-0.08107065409421921,0.16931506991386414
-0.11510526388883591,-0.6000570058822632,0.12834252417087555,-0.598760187625885,-0.1358266919851303,-0.26753783226013184,-0.2313334196805954,0.32887232303619385
0.5523689389228821,0.08313215523958206,-0.2911917567253113,-0.09875861555337906,0.45414236187934875,-0.4864296615123749,-0.347109317779541,-0.17346303164958954
-0.4650539755821228,0.28616219758987427,-0.086396224796772,-0.030856668949127197,-0.3614833354949951,-0.18112574517726898,-0.6137548685073853,-0.3914681077003479
0.13636897504329681,0.7007708549499512,0.4424237906932831,-0.39899662137031555,-0.025155287235975266,-0.04656348004937172,-0.022080885246396065,0.36345621943473816
