6.645508676683676e-08,4.6953509524882975e-08,6.493487347825067e-08,9.731601124940426e-08,1.696932940831175e-07,0.9999992847442627,2.8273316843296925e-07,1.2319665643190092e-07
-4.120603591672989e-08,1.0000001192092896,7.336057450402222e-08,-1.346964779713744e-07,4.1674876882780154e-08,-2.802593428441469e-07,7.387285450022318e-08,8.58154294292035e-08
6.699209365024217e-08,3.255482639019647e-08,3.695690864446988e-08,1.2263424764569208e-07,-6.82820555653052e-08,3.403135551138803e-10,-3.333807541139322e-08,0.9999983310699463
1.0000020265579224,-6.568438948306721e-08,9.030858194591929e-08,6.32573105008305e-08,7.351363962015967e-08,-1.8188629491433517e-09,-2.607999931569793e-07,3.75114765915896e-08
3.9697233944480104e-08,1.4474574072664836e-07,0.9999975562095642,1.3396173415003432e-07,-1.1112366848919919e-07,5.722046481082543e-08,-5.98666005657833e-08,-8.756875047311041e-08
1.076329425586664e-08,-1.7295532472871855e-07,7.784612421346537e-08,1.0000016689300537,3.0668857675664185e-08,-7.492499776162731e-08,5.139264569464785e-09,8.017290298312219e-08
-8.276994378775271e-08,1.477242363989717e-07,-1.0258412430630415e-07,-6.76474627425705e-08,6.864533474981727e-08,7.354197606446178e-08,0.999998927116394,1.5969939681781398e-07
9.88194415185717e-10,-5.1069125817093663e-08,-1.0384768245330633e-07,1.9094716208201135e-07,0.9999998807907104,-1.0651235982095386e-07,-1.0507029202244667e-07,1.1074646977249358e-07
