0.9999977350234985,-1.0268212946584754e-07,-1.810543892588612e-08,3.3976185420669935e-08,-6.576999567187158e-08,1.425363791440759e-07,-9.816227475312189e-08,-9.430270786481287e-09
7.497265586131618e-10,0.9999983310699463,5.613777531721098e-08,4.7160952476588136e-08,-1.979126977857959e-07,1.0808422956642971e-07,6.13708763808063e-08,1.5132334851841733e-07
7.326839579491207e-08,8.335861423347524e-08,1.643298617182154e-07,-8.134310292007285e-08,-7.977586591323416e-08,6.317427647672957e-08,1.049402413855205e-07,0.9999991655349731
-4.057673308466292e-08,1.3294122247486939e-08,0.9999984502792358,-1.0678755302251375e-07,-1.0142000661517159e-07,9.711556714364633e-08,5.793296864453623e-08,6.52847518267663e-08
-3.260967957885441e-07,1.0362915503492331e-07,-1.412312968795959e-07,-2.679234398783592e-07,-1.5299818301173218e-07,0.999997615814209,-2.833137102697947e-07,-5.782856149494364e-08
-2.14932256881184e-07,-6.589179690763558e-08,1.0100804104240524e-07,0.9999994039535522,-3.168534767894471e-09,5.121306045907659e-09,-6.983449196695801e-08,-1.2612889577212627e-07
-1.3535053255964158e-07,-9.35032815618797e-08,-2.0784069576507136e-08,-1.0781753445598952e-07,-1.1360200602439363e-07,-1.3295738199303742e-07,0.9999983906745911,2.6767436267505218e-08
-2.986879508171114e-07,5.202671715665019e-08,-2.167194139701678e-07,2.2276462630088645e-07,0.9999975562095642,-2.61253632061198e-07,9.827895297576106e-08,-5.879174835854428e-08
