-0.22636671364307404,0.0090407719835639,0.025155454874038696,-0.06664581596851349,0.2792351543903351,-0.35384243726730347,0.4267769753932953,-0.08335787057876587,0.06344673037528992,-0.04804109409451485,0.0573253408074379,0.36734718084335327,-0.3315826654434204,0.3445415794849396,0.30903682112693787,-0.28742778301239014
-0.4545660614967346,-0.14228437840938568,-0.41735100746154785,-0.24452100694179535,-0.35065165162086487,0.03464006632566452,0.2561491131782532,-0.30672433972358704,-0.3515954613685608,0.12223776429891586,-0.014931702055037022,-0.2754388451576233,-0.13927637040615082,-0.1417412906885147,0.024489711970090866,0.023733394220471382
-0.34691959619522095,-0.1629003882408142,0.08562171459197998,0.03262435272336006,0.002615072065964341,-0.3279596269130707,-0.14614327251911163,-0.26873740553855896,0.04941113665699959,-0.06995338946580887,0.07784391939640045,0.30547288060188293,0.5103661417961121,0.01734076254069805,0.10979242622852325,0.5138450264930725
0.38740870356559753,0.03521154448390007,0.21357308328151703,-0.5923025012016296,0.09356689453125,0.24407069385051727,0.037156715989112854,-0.34985652565956116,-0.29312047362327576,-0.18956300616264343,0.040908440947532654,0.09164062887430191,-0.05934727564454079,0.24816757440567017,-0.005734539590775967,0.2511346638202667
-0.037516795098781586,-0.0019278161926195025,0.013630200177431107,0.3454521596431732,-0.25193989276885986,0.26109227538108826,0.231174498796463,0.418762743473053,-0.3034563660621643,-0.2525918185710907,-0.17117172479629517,0.12561391294002533,-0.13636791706085205,0.24148651957511902,0.24925774335861206,0.4226239025592804
0.09153561294078827,0.11510845273733139,0.13676075637340546,0.08586001396179199,-0.20741599798202515,-0.2732812166213989,-0.22032172977924347,-0.17860405147075653,-0.21985112130641937,-0.1352144330739975,-0.3407958149909973,0.409542053937912,-0.3986707925796509,-0.484374463558197,-0.09943244606256485,-0.014924246817827225
0.14680853486061096,-0.16930298507213593,0.12005910277366638,0.37083277106285095,0.2459173947572708,0.054237816482782364,0.04609398543834686,-0.436733603477478,0.019780423492193222,-0.2878614068031311,-0.06851763278245926,-0.4216638207435608,-0.04333875700831413,-0.2081177681684494,0.480075865983963,-0.012585487216711044
0.2470342218875885,0.32650700211524963,-0.5010907053947449,0.1033182218670845,-0.32134929299354553,0.014466427266597748,-0.13748106360435486,-0.23347781598567963,0.38233938813209534,-0.11619281768798828,0.3492943346500397,0.1347440630197525,-0.17670370638370514,0.11259137094020844,0.16837432980537415,0.14702175557613373
0.05874958261847496,-0.2150559425354004,-0.10228707641363144,0.05294938385486603,-0.20313279330730438,0.20808181166648865,-0.29715996980667114,-0.017947059124708176,-0.3467647135257721,-0.0816827341914177,0.13588307797908783,0.3156206011772156,0.3332612216472626,0.08508066087961197,0.29787278175354004,-0.558406412601471
-0.019426334649324417,0.3780633509159088,0.4011651873588562,-0.12670183181762695,-0.523213803768158,-0.3416106402873993,0.0062135569751262665,0.010390742681920528,0.044734369963407516,-0.10702613741159439,-0.12775449454784393,-0.34213748574256897,0.17766313254833221,0.22069057822227478,0.17457331717014313,-0.1775631308555603
-0.08781708031892776,0.12008915096521378,-0.12827065587043762,0.04248206689953804,-0.027529224753379822,0.3597107231616974,0.15362374484539032,-0.2923068106174469,0.33064010739326477,-0.010942798107862473,-0.6878876090049744,0.1808863878250122,0.2264455109834671,0.16028524935245514,-0.11157087981700897,-0.12508992850780487
0.20884433388710022,-0.5002701282501221,0.051914360374212265,0.24887506663799286,-0.20104892551898956,-0.193292036652565,-0.19742423295974731,-0.2076714038848877,-0.005473338067531586,0.3430618941783905,-0.1296168714761734,-0.08799470216035843,-0.2372475117444992,0.4962472915649414,-0.1855301707983017,0.048560768365859985
-0.416095107793808,-0.01750965043902397,0.3102383613586426,0.18802998960018158,-0.08903630822896957,0.28124213218688965,-0.08702203631401062,-0.19242176413536072,0.08981157094240189,-0.4316360652446747,0.32700222730636597,-0.0016578404465690255,-0.1944812536239624,0.13003425300121307,-0.4365001320838928,-0.1294471174478531
-0.16644473373889923,-0.3349231481552124,0.28543680906295776,-0.32946738600730896,-0.2247461974620819,0.28373411297798157,-0.1495901495218277,0.13999606668949127,0.45513880252838135,0.16178159415721893,-0.00804114993661642,0.08795701712369919,-0.24956758320331573,-0.1854296177625656,0.39383286237716675,0.06488534808158875
-0.10688702762126923,-0.19952425360679626,-0.3441222310066223,-0.28043293952941895,0.1574968695640564,-0.21651147305965424,-0.3999001979827881,0.2450711727142334,0.08117479830980301,-0.5478531718254089,-0.27997246384620667,-0.19162915647029877,-0.10001032799482346,0.16704560816287994,-0.007014308590441942,-0.015686623752117157
0.33451709151268005,-0.4440828263759613,-0.03404932841658592,-0.06191893294453621,-0.283966600894928,-0.16502873599529266,0.5154735445976257,0.0784754529595375,0.20879176259040833,-0.338983416557312,0.08037835359573364,0.08012904226779938,0.18899892270565033,-0.20807291567325592,-0.22183085978031158,-0.0809042677283287
