0.2564542889595032,-0.3496630787849426,-0.06619153171777725,0.2607208490371704,0.32210853695869446,-0.24340467154979706,0.2300635427236557,0.10224299877882004,0.323699414730072,-0.26348772644996643,0.3304557800292969,-0.14170236885547638,0.2986412048339844,0.22406283020973206,-0.21042540669441223,-0.16146215796470642
-0.3627960979938507,0.06820404529571533,0.1851237267255783,-0.1582886278629303,-0.08057378232479095,-0.08362605422735214,0.3450183570384979,0.18653209507465363,0.2274349182844162,0.5920037031173706,-0.0164352860301733,-0.2527894973754883,0.04820059984922409,0.10629471391439438,-0.15367522835731506,-0.3653467297554016
-0.1370018720626831,0.15868623554706573,0.2513713240623474,0.2105998992919922,-0.0008899984532035887,-0.1555456519126892,-0.32567697763442993,0.3187089264392853,-0.10837749391794205,0.09632007032632828,-0.005508884321898222,0.5111671090126038,0.22954115271568298,0.5274377465248108,-0.04904145747423172,0.032301224768161774
-0.5834082365036011,-0.11832749098539352,-0.09938932955265045,-0.1599610596895218,-0.006584014743566513,-0.24193990230560303,0.13913600146770477,0.2598479390144348,-0.23634496331214905,-0.3768608272075653,0.2056279331445694,0.18876126408576965,0.162727490067482,-0.35867640376091003,0.12405136227607727,-0.1356315314769745
0.4510466158390045,0.47352272272109985,-0.052013639360666275,-0.18325120210647583,-0.17762668430805206,-0.17913395166397095,0.3283872902393341,0.30081313848495483,-0.25932157039642334,-0.018011286854743958,0.06577994674444199,-0.15756358206272125,0.33321669697761536,0.014627592638134956,0.23611825704574585,0.10176043957471848
0.23386721312999725,-0.11176222562789917,0.11713903397321701,-0.09466824680566788,-0.04478392377495766,-0.5413036346435547,0.1595071256160736,-0.3480750024318695,-0.36828354001045227,0.042140744626522064,-0.0158415324985981,0.22932960093021393,-0.3696810305118561,0.09621725976467133,-0.06699579209089279,-0.3575717806816101
0.034036725759506226,0.10740846395492554,0.009468227624893188,-0.007496777456253767,0.2537814676761627,-0.25066086649894714,0.2335183471441269,0.1442127525806427,0.35473576188087463,0.23690325021743774,0.22865746915340424,0.35153451561927795,-0.36717185378074646,-0.20999731123447418,0.10840527713298798,0.4859084188938141
-0.050153329968452454,0.38720816373825073,0.10096339136362076,-0.20390304923057556,0.26081934571266174,-0.19572634994983673,-0.5311592221260071,-0.01650468446314335,-0.006285080220550299,-0.05293496325612068,0.46124377846717834,-0.3735089898109436,-0.16918298602104187,-0.027772709727287292,-0.11676657199859619,-0.09444744139909744
0.10498078167438507,-0.39229583740234375,-0.47503772377967834,-0.03576292842626572,-0.08408451080322266,0.08969293534755707,-0.14310652017593384,0.46022123098373413,-0.3362344801425934,0.2939128875732422,0.21407866477966309,-0.10705240815877914,-0.28136494755744934,0.14490309357643127,-0.039270319044589996,0.04808725789189339
0.02739134058356285,-0.2439572960138321,-0.07817865908145905,-0.47321370244026184,-0.010700940154492855,-0.17491400241851807,-0.15099862217903137,-0.28959155082702637,-0.055219750851392746,0.2661515474319458,0.033813245594501495,0.09615818411111832,0.491326242685318,-0.08282193541526794,-0.3365180492401123,0.3557247817516327
0.04372039809823036,0.16122698783874512,-0.45419007539749146,0.10353963077068329,-0.5720679759979248,-0.3126370906829834,-0.23965078592300415,-0.0014262701151892543,0.4543604552745819,-0.04297201707959175,-0.045101094990968704,0.1111173927783966,0.0004842507769353688,-0.1081317663192749,-0.09735975414514542,-0.1697186976671219
0.12198548763990402,-0.22402411699295044,0.2972456216812134,0.43210992217063904,-0.16495509445667267,-0.0870300680398941,-0.21224531531333923,-0.07574928551912308,-0.08470837771892548,0.3565669059753418,0.2674558162689209,-0.058618802577257156,0.23030968010425568,-0.41040876507759094,0.37153202295303345,-0.07408794015645981
0.22737842798233032,-0.3551183342933655,0.42060792446136475,-0.4891388714313507,-0.1559346616268158,-0.04066484421491623,-0.20393219590187073,0.3308342695236206,0.30159157514572144,-0.19247497618198395,-0.1590990424156189,-0.013006365858018398,-0.10998046398162842,0.005360922310501337,0.2419540286064148,-0.06971722096204758
-0.11162541806697845,-0.07231021672487259,0.2648361027240753,0.296753853559494,-0.20333415269851685,-0.35206833481788635,0.0157658439129591,0.1910790652036667,-0.14728565514087677,-0.14006128907203674,-0.287420392036438,-0.39168694615364075,-0.1354994922876358,-0.09166831523180008,-0.3763406574726105,0.4199036955833435
-0.29795780777931213,-0.12141180783510208,-0.09174703061580658,-0.03492787480354309,-0.17721323668956757,-0.20489400625228882,0.05450597032904625,-0.3117585778236389,0.06738810986280441,-0.04539133235812187,0.13230806589126587,-0.2685803174972534,-0.022778676822781563,0.5032714009284973,0.5286312103271484,0.28948065638542175
-0.012737637385725975,-0.006934059783816338,-0.2822933495044708,0.04081350937485695,0.5147807002067566,-0.336527556180954,-0.2051810324192047,0.09153830260038376,0.014717086218297482,0.15114814043045044,-0.5767473578453064,-0.12797896564006805,0.11661932617425919,-0.08728455752134323,0.29454749822616577,-0.09822571277618408
