-1.557098698867776e-07,-3.299821003110992e-07,1.3605826687523859e-08,7.136515023375978e-08,2.8373321470098745e-09,1.0000019073486328,8.267241469184228e-08,-9.153500712955065e-08,-2.702967947243451e-07,2.171895232550014e-07,1.2633111445836676e-08,9.743408746487603e-09,1.735106103240014e-08,1.5690750032604228e-08,1.5567577804631583e-07,1.5034954969905812e-07
-1.5945386167004472e-07,8.41210479052279e-08,7.677465418964857e-08,7.24362152482172e-08,-9.139099432786679e-08,-1.4124159974926442e-07,-4.401348974170105e-07,0.9999976754188538,-2.4603479253926253e-09,-1.67407890216964e-07,-2.1295555541200883e-08,4.012741783299134e-08,-1.7776901062305228e-09,2.0696359115390806e-07,2.0623685870191366e-08,6.780935279948608e-08
8.406716744957521e-08,2.750533845130576e-08,-1.365168174061182e-07,-3.8885667663635104e-07,-2.2998642634775024e-07,3.708839528826502e-07,-1.0978988029819448e-07,7.548234037813017e-08,-5.274289804901855e-08,-1.5757520088754973e-07,-1.1396952714903819e-07,1.0094434088614435e-07,2.2965951984588173e-07,1.0000009536743164,9.036189396738337e-08,3.786076163692087e-08
-9.443742499115615e-08,-1.2622068368273176e-07,3.6401605285618643e-08,-1.5857163759847026e-07,-2.0666716693540366e-07,1.3954552002815035e-07,-8.483836211325979e-08,1.4775756085327885e-07,-1.573096675144825e-08,3.0424885721913597e-07,7.44957802112367e-08,1.7410641817150463e-07,-3.3196832305293356e-07,-1.1103733754680434e-07,-9.603260053836493e-08,0.9999983906745911
-9.747807006021958e-09,-6.840120647666481e-08,-1.3579295909948996e-07,1.374665714592993e-07,4.288474464431147e-09,3.22198019375719e-07,-1.8874617069286614e-07,-3.663355130356649e-08,-1.0925516136239821e-07,-2.2929684462269506e-07,-4.322279423263353e-08,1.0000020265579224,5.565089011838609e-08,4.6697724798150375e-08,5.759709509334243e-08,-6.541336006193887e-08
-1.5580086198951903e-07,1.5475659154162713e-07,-2.4420128852398193e-07,-1.1814778844154716e-07,1.0000019073486328,-8.983332833167879e-08,-9.503345665962115e-09,5.838547423309137e-08,4.978832279789458e-08,1.415801733628541e-07,4.2797434929298106e-08,-1.421423547753875e-07,2.441796098651139e-08,2.2657984288798616e-07,-1.1040610559120978e-07,4.48216930237777e-08
-1.1379873399164353e-07,0.999998152256012,-2.710681314965768e-07,5.8495380983458745e-08,-2.2648981712336536e-07,6.709696975804036e-08,-2.7976053473821594e-08,-9.647614263030846e-09,4.754959803676684e-08,-6.713148081871623e-08,8.055115330307672e-08,4.813522878066578e-07,-1.6356938203898608e-07,5.238072375846059e-08,1.0796012617220185e-07,5.772748323806809e-08
1.6044113593238762e-08,1.5110737550116937e-08,-4.587660740185129e-08,-7.692057835129162e-08,7.970483295594022e-08,4.4220965378372057e-07,-6.978137889745994e-08,-8.541943685713704e-08,1.3912530505422183e-07,-6.71502391469403e-08,-1.5962915256295673e-07,-1.9324634337181124e-08,1.0000015497207642,1.0220438895203188e-07,-6.40419415276483e-08,-1.225440513508147e-07
-7.302511040307991e-09,4.723247126747765e-09,1.694146192221524e-07,0.9999992251396179,-3.834040285255469e-08,-6.377326400297534e-08,2.669413277089916e-07,1.4571288886600087e-07,-1.8748802688151045e-07,1.079222116118217e-07,-1.6953407566688838e-07,1.6293839166792168e-07,-5.4405390415013244e-08,-4.647835538662548e-08,1.4886148846926517e-07,-5.107111178404011e-08
-5.869365882205102e-09,-1.7071415925329347e-07,7.284360492576525e-08,2.2095484553119604e-07,-1.0115368809238134e-07,2.622295980359013e-08,-4.987456847516114e-08,3.273034110407025e-08,1.0000015497207642,6.737976576687288e-08,-7.426000081522943e-08,-9.388823229983245e-08,-7.13284293851757e-08,-3.41524668101556e-07,1.2415597439030535e-07,-6.517986150811339e-08
3.0630417313659564e-08,7.208556951354694e-08,-5.2604619327212276e-08,-4.3415486317144314e-08,-3.0701318820547385e-08,-5.949396708615495e-08,5.3729941384972335e-08,3.5039100509948184e-08,1.255555162060773e-07,2.730719472765486e-07,0.999998152256012,-2.0067676587132155e-07,-5.7509211615069944e-08,-2.1535549876716686e-07,-1.970508094473189e-07,-3.583590668654324e-08
-3.4481445254641585e-08,-5.4521873238400076e-08,-3.6948588189034126e-08,5.095142796562868e-08,-1.7464411428136373e-07,-9.59035659775509e-08,-6.463171331461126e-08,-1.696741236401067e-08,-1.247456964392768e-07,0.9999985694885254,-8.00463411110286e-08,-8.442894738891482e-08,3.52354234678387e-08,-4.54969750762757e-09,5.955637760735044e-08,-2.7664546209393848e-08
-7.532253931685773e-08,4.873898262758303e-08,0.9999990463256836,-1.2597934073710348e-07,3.3084367601077247e-07,-3.4502239287803604e-08,-2.65420965206431e-08,-9.88249198030644e-08,-7.472473839698068e-08,1.980288004688191e-07,1.6126341506605968e-07,-9.253779609252888e-08,-7.142442370877689e-08,3.9944982432871257e-08,-2.1894163637625752e-07,-5.14715914334829e-08
0.999997615814209,-7.223673037515255e-08,-6.856347312123034e-08,-2.0552745638724446e-07,-3.039066598375939e-08,1.0486524359976102e-07,2.1883063539007708e-07,1.1218471485108239e-07,-3.4466044240843985e-08,1.2613337041500472e-08,-2.1340187572604918e-07,2.938409124908503e-07,5.1336190409756455e-08,-1.5080333071182395e-07,-1.0832507513214296e-07,4.937846398433976e-08
-5.8841525429897956e-08,1.4530631631259894e-07,-1.5851134094191366e-07,9.532949718504824e-08,1.1145051814764884e-07,6.523603701680258e-08,1.000001311302185,3.262567460637911e-08,-1.2696908413545316e-07,8.900912007447914e-08,8.534018491879181e-10,3.7707633282479947e-07,1.4570744610864494e-07,-4.573723515477468e-07,-2.636889746554516e-07,6.07507786298811e-08
-1.0350633772304718e-07,2.2775326158352982e-07,-1.80541746885865e-07,-1.5165015909701651e-09,1.5732308611404733e-07,1.78317293375585e-07,8.32650570714577e-08,-1.7839003163544476e-08,-1.2270753302345838e-07,-5.179149553669049e-08,-1.2583079467276548e-07,9.870360884178808e-08,-3.5113266960706824e-08,-2.130401099975643e-08,0.9999991655349731,8.370055581963243e-08
