-0.45338091254234314,0.6684373021125793,0.11616583168506622,-0.09868992865085602,0.4154660403728485,-0.35956016182899475,-0.10449738800525665,-0.1076454371213913
0.3298462927341461,0.12198098748922348,-0.28462788462638855,-0.6105595231056213,0.26405662298202515,0.3767419755458832,-0.22430267930030823,-0.4006945490837097
-0.21456123888492584,0.39654603600502014,-0.6996518969535828,0.023488909006118774,-0.3390573561191559,0.22888487577438354,0.2903464138507843,0.23452575504779816
0.30937322974205017,0.3747587203979492,0.22105516493320465,-0.218977153301239,-0.641982913017273,-0.22460155189037323,-0.42656341195106506,0.14994747936725616
0.20134255290031433,0.3612561821937561,0.4207424521446228,0.13971418142318726,-0.17853739857673645,0.26746711134910583,0.586292564868927,-0.43041494488716125
-0.5222436189651489,-0.2538912892341614,-0.09191690385341644,-0.040438588708639145,-0.43246111273765564,-0.08787979185581207,-0.16249534487724304,-0.6569364666938782
-0.2663123607635498,-0.20246289670467377,0.23643657565116882,-0.7389806509017944,-0.1055675819516182,-0.0927702859044075,0.43577778339385986,0.27647751569747925
-0.399625688791275,0.06826937198638916,0.35459592938423157,0.04158007726073265,-0.02280239388346672,0.7335395812988281,-0.3353586494922638,0.23896659910678864
