-0.049180082976818085,0.15472277998924255,-0.001913536456413567,0.23139667510986328,0.17928637564182281,0.23352141678333282,-0.06331958621740341,-0.019299110397696495,-0.10463041812181473,0.5129919648170471,-0.2790162265300751,0.006514723412692547,-0.1374623030424118,0.4826671779155731,0.33610019087791443,0.3349778950214386
-0.4308969974517822,-0.05661161243915558,-0.02304426208138466,-0.10420254617929459,0.1383383721113205,0.16425807774066925,-0.37715527415275574,0.19964087009429932,-0.2904609739780426,-0.45036736130714417,0.13587865233421326,0.004860379733145237,0.36103519797325134,0.10300616919994354,0.27343714237213135,0.22383826971054077
0.44308701157569885,0.14159232378005981,-0.3692067861557007,-0.4220493733882904,0.09695710986852646,-0.10298449546098709,-0.14385606348514557,0.23839658498764038,-0.013735792599618435,0.1235170066356659,0.2121681123971939,0.36852261424064636,-0.04684499651193619,-0.044627800583839417,0.40412670373916626,-0.08876141905784607
0.368696928024292,-0.5923923254013062,0.20023280382156372,0.1863621324300766,-0.08442660421133041,0.17517009377479553,-0.07983843237161636,-0.04419802874326706,-0.17769961059093475,-0.019810834899544716,0.2396063655614853,-0.25391459465026855,-0.02983854152262211,0.20800653100013733,0.29725295305252075,-0.3252655565738678
-0.34312984347343445,-0.23978033661842346,-0.14158770442008972,0.01171828992664814,0.397042840719223,-0.026857037097215652,-0.13521546125411987,0.19062282145023346,0.24965748190879822,-0.059774693101644516,0.13803859055042267,0.18294565379619598,-0.5071486830711365,0.2932491898536682,-0.2210744470357895,-0.28478673100471497
0.027306288480758667,-0.05135882645845413,0.5312281250953674,-0.44124022126197815,-0.11314425617456436,0.3161715865135193,-0.16573487222194672,0.02639716863632202,0.5914059281349182,0.019746234640479088,-0.057956844568252563,0.059531550854444504,0.024309217929840088,0.05139926075935364,0.07003184407949448,0.1166086494922638
0.08050690591335297,0.2282434105873108,-0.02857404761016369,0.28244125843048096,-0.2772994637489319,0.22007741034030914,-0.3320409059524536,-0.3991720974445343,0.014592865481972694,-0.0228094682097435,0.3542969524860382,0.4695747494697571,0.10295088589191437,0.20905862748622894,-0.2458195686340332,-0.06651557236909866
0.2596370279788971,0.08388801664113998,-0.11958453059196472,0.30954962968826294,0.0265181977301836,0.1646936982870102,-0.4427338242530823,0.3354335129261017,0.15512052178382874,0.009227664209902287,0.16436900198459625,-0.3438997268676758,-0.22744646668434143,-0.33431679010391235,-0.17926381528377533,0.33765044808387756
-0.09498173743486404,-0.011472489684820175,-0.5232507586479187,-0.2607124447822571,-0.5608364939689636,0.050639256834983826,-0.06559453159570694,-0.09370268881320953,0.13504654169082642,-0.12242342531681061,-0.11678432673215866,-0.3712272346019745,-0.14678123593330383,0.33552637696266174,0.0013321260921657085,0.010112827643752098
0.09600213170051575,-0.017728541046380997,-0.055596061050891876,-0.27763503789901733,0.1390562653541565,0.31990355253219604,0.4185597598552704,0.16950736939907074,-0.16994443535804749,0.1531783491373062,0.4497540295124054,-0.12829704582691193,0.16334815323352814,0.24248497188091278,-0.41779255867004395,0.23147933185100555
0.39776700735092163,0.13902734220027924,0.0953691378235817,-0.021286331117153168,0.3346405327320099,-0.4627942442893982,-0.14034295082092285,-0.1640978306531906,0.13713762164115906,-0.31873390078544617,-0.07498472929000854,-0.19779634475708008,0.15728722512722015,0.4539622962474823,-0.14846377074718475,0.1487019956111908
0.04951097071170807,-0.5033732652664185,0.05078507959842682,-0.2424459308385849,-0.12248917669057846,-0.2325853407382965,-0.19762036204338074,-0.18845506012439728,-0.31219419836997986,0.09324828535318375,-0.11636520177125931,0.26435697078704834,-0.2399875968694687,-0.08036503195762634,-0.22290131449699402,0.48560574650764465
-0.04125208035111427,0.3489159345626831,0.43559443950653076,0.003540092846378684,-0.3506005108356476,-0.2345144897699356,0.11564794182777405,0.30547037720680237,-0.27107882499694824,-0.17318977415561676,0.22689390182495117,0.012884914875030518,-0.449636310338974,0.18020346760749817,0.1009620651602745,0.047244954854249954
-0.16345582902431488,-0.08791565150022507,-0.09567523747682571,0.1317082643508911,0.06931059807538986,-0.17022155225276947,0.28604722023010254,-0.36725687980651855,0.33390334248542786,-0.07268945127725601,0.48975956439971924,-0.0473015122115612,-0.13108564913272858,-0.11438188701868057,0.39381471276283264,0.37992063164711
0.016529496759176254,-0.2816529870033264,-0.0776204764842987,0.3379928171634674,-0.3012721836566925,-0.2436990737915039,0.16453857719898224,0.5137490034103394,0.2968704104423523,0.0392034612596035,-0.04472550377249718,0.29278144240379333,0.34258583188056946,0.19371847808361053,-0.02038208581507206,0.16208133101463318
-0.28225478529930115,0.02559378184378147,0.11052246391773224,-0.12818989157676697,-0.0692390650510788,-0.42943596839904785,-0.33785566687583923,0.0036046484019607306,0.007425421383231878,0.5729200839996338,0.3128529489040375,-0.26920342445373535,0.24549847841262817,0.007343529257923365,-0.04767078161239624,-0.16255414485931396
