-8.172241194870367e-08,3.683268801069062e-07,-1.6194468344110646e-07,-6.42550759266669e-08,8.510521354310185e-08,1.000002145767212,3.123687264405817e-08,1.4616275301193582e-08
-9.653445154356177e-09,-5.40911422319823e-08,-2.318410281532124e-07,1.0000003576278687,5.3412076539416375e-08,-3.0912758575141197e-07,-8.163287645857054e-08,5.899187982549847e-08
5.9293299159435264e-09,1.910253644155091e-07,1.532359306111175e-08,9.492991637216619e-08,0.9999978542327881,1.8399822465653415e-07,6.072055214190186e-08,-4.92501044391247e-08
1.0000014305114746,2.7689642578820894e-08,1.6082635223568786e-09,5.3133931032789405e-08,-6.770933680400049e-08,-2.817690969436626e-08,8.52533332817984e-08,1.4395451053417219e-08
-1.0127585170494058e-07,1.360853048026911e-07,-2.1684620321593684e-07,3.71108477281723e-08,2.714716984542065e-08,1.1145665013145845e-07,1.0000019073486328,2.733032147261838e-07
2.9993938710504153e-07,0.999997615814209,1.0793019811217164e-07,-2.16944144426634e-07,1.8110652888481127e-07,-1.0116973925278216e-07,7.965947013133245e-09,-2.6200019931366114e-08
-2.7681960546033224e-07,4.982132395525696e-08,6.092912485655688e-08,-1.1201780125702498e-07,4.754894789016362e-08,1.552925681380657e-07,1.6553663328977564e-07,0.9999995231628418
-5.657426882521577e-08,-8.08196105595016e-08,0.9999988079071045,-2.3433079476831153e-08,-1.5381753826204658e-07,4.554867771844329e-08,1.8141892610401555e-07,-6.592424028895039e-08
