-6.790138940004908e-08,3.4656814307254535e-08,-1.0004222872339597e-07,-2.0468536376938573e-07,5.9019651388325656e-09,0.9999998807907104,-1.3922097252816457e-07,1.721295745937823e-07,-6.710114774932663e-08,7.928773015919433e-08
-1.2802794913113758e-07,4.1200387101980596e-08,9.931594746603878e-08,1.0000015497207642,-3.5556588784402265e-08,-2.713918263452797e-07,-1.1278177680651424e-07,-8.84579733906321e-08,-7.30714120322773e-08,1.6055240337209398e-07
-2.4196751269300876e-08,6.916873473983287e-08,-1.824012656470586e-07,-2.465524744366121e-07,0.9999995231628418,-9.504481823796596e-08,1.5705779787822394e-08,-8.429625353301162e-08,-2.499524498489336e-07,9.42418623139929e-08
1.4057514263754456e-08,1.562252265330244e-07,3.447092566943866e-08,3.989649144386931e-08,-2.094758322357393e-08,8.579699084521053e-08,2.833581191907797e-08,-1.0844382813957054e-07,-3.826623995450973e-08,0.9999985694885254
2.478537375338874e-08,1.0274884232330805e-07,-2.53745128020455e-07,-3.127142989001186e-08,5.981499384688505e-07,-1.3301921342190326e-08,1.0000011920928955,-9.406534218214802e-09,9.005705692288757e-08,2.8743718871737656e-07
1.5284214782695926e-07,1.979728097012412e-07,-2.222388388872787e-07,-2.024631129415866e-07,9.112023491297805e-08,-6.685987585797193e-08,1.847870549909203e-07,-1.7307245059328125e-07,1.0000020265579224,9.121052357841108e-08
0.9999985098838806,1.259213888715749e-07,-1.1536859290117718e-07,-3.921385172134251e-08,1.0422406937493633e-08,-6.2252489385628e-08,1.0958269314187419e-07,-8.389351080495544e-08,2.6478647896510665e-07,1.2484528610912093e-07
-1.925851123019129e-08,9.321625071834205e-08,-8.12261546911941e-08,8.433911347083267e-08,-1.1104710750942104e-07,8.1592510525752e-08,-1.1438012847975187e-07,0.9999992251396179,2.6649363604747123e-08,-6.727625390112735e-08
7.03425939718727e-09,7.805245871850275e-08,0.999999463558197,-8.101016391037774e-08,-1.7638632243688335e-07,-1.7652414641133873e-08,7.996607820359714e-08,9.844483628285161e-08,1.6386034928927984e-07,1.064458299282478e-08
1.0155367391462278e-07,0.999998152256012,1.8190132067275044e-08,1.5208244974473928e-07,1.753143408222968e-08,7.496417708807712e-08,2.3820723171752434e-08,-6.690827092370455e-08,4.2510743014645413e-07,-3.0287196750578005e-07
