4.427137412221782e-08,1.5896583249741525e-07,-1.8991319450378796e-07,3.5024555700147175e-08,-1.7141628916306217e-07,0.9999992251396179,1.3337940174551477e-07,6.286378351205713e-08
-3.85007297154516e-08,-5.3484136230963486e-08,-4.741023929000221e-08,2.549890965042323e-08,1.2713977426415113e-08,-1.1311993830531719e-07,0.9999986886978149,9.293003699895053e-08
4.7646963707848045e-08,0.9999999403953552,7.30046281205432e-08,-4.707063538944567e-08,-7.926270484404085e-08,-4.532422437364403e-08,-1.0404838945987649e-07,3.1107479259162574e-08
-7.060854301244035e-08,1.2902585666552113e-09,-1.9532809147904118e-08,0.9999991655349731,6.482896708348562e-08,4.572930478730086e-08,9.074558704469382e-08,1.1660208798502936e-08
-2.0035444947552605e-07,-1.6834289340295072e-07,8.571336707063892e-08,7.277562019680772e-08,0.9999989867210388,-8.42395806444074e-08,1.9464962974780065e-07,5.6248243396339603e-08
-6.531192298098176e-08,-5.07945152605771e-08,-7.023864867505836e-08,2.8025073106618947e-07,8.612870772140013e-08,-2.2325434656522702e-07,2.8538226004570788e-08,0.9999997019767761
-2.3415705641127715e-07,-4.6209855497636454e-08,0.999997615814209,3.0738939926777675e-07,-1.2594612996963406e-07,-6.81989504869307e-08,-6.575143629561353e-08,1.1965943258474e-07
0.9999991059303284,3.2182074960473983e-07,2.2031127144828133e-08,1.6243944855887094e-08,-2.5809328008108423e-07,-5.8787389178860394e-08,7.339542751338968e-09,6.349219461299072e-08
