-1.8136836388293887e-07,-9.221046326501892e-08,5.439065731138726e-08,-3.494863776154489e-08,8.566051867830993e-09,5.344817211039299e-08,1.0000009536743164,-5.261242108645092e-08,3.566737518667651e-07,-3.949847382500593e-08,8.615946001100383e-08,2.0032359770993935e-08,6.609734271023626e-08,8.104967719191336e-08,1.9082258972957789e-07,2.0566308478464634e-07
-6.91244537165403e-08,-8.127107520294885e-08,0.9999991655349731,-1.1474971017833013e-07,2.159485603669964e-07,1.2052838371801045e-07,2.4739898663028725e-07,6.278147424154668e-08,-1.1090945406522223e-07,1.9128282957581177e-08,1.3193991321713838e-07,9.334651451808895e-08,-1.8764014786398775e-09,8.136167650718562e-08,-9.616508833687476e-08,-4.29683559843852e-08
-2.8338212132439367e-07,7.799521029028256e-08,9.02614374354016e-08,9.126281241833567e-08,-4.220983029767922e-08,-2.4571062340328353e-07,1.8692554704102804e-07,2.7479501341076684e-08,-5.199400732180948e-08,2.3518788339060848e-07,-1.4099991396676614e-08,-1.6597300600551534e-07,1.8713700455919025e-07,1.0000015497207642,-8.243443261335415e-08,-4.103288020473883e-08
-2.5373518042215437e-07,-1.4610914433887956e-07,-6.704934918388972e-08,-4.173566026111075e-07,-3.6922500612490694e-07,0.9999975562095642,1.9688162922193442e-07,1.7982404187932843e-07,8.175215526762258e-08,2.30657928312894e-08,-3.558285399662964e-08,1.4918231272531557e-07,5.889639886902387e-09,6.673712960036937e-08,8.36356051081566e-09,-7.993723727395263e-08
5.21794696339839e-08,-7.887018682595226e-08,-4.761470151493086e-08,8.550544094987345e-08,-6.642557082159328e-08,5.1817341528703764e-08,-9.506590714636332e-08,1.0480929546474727e-07,0.9999983906745911,1.1486559259310525e-07,-5.312696416126528e-08,-6.530320462161399e-08,-1.7206586377938038e-08,-2.2025280088655563e-07,-6.442999023192897e-08,-2.9379611632407432e-08
5.183105855621761e-08,1.2926231818255474e-07,1.5226245864141674e-07,-1.8977942772835377e-07,5.3780613740173067e-08,-6.526719431576566e-08,1.3615918703635543e-07,1.390566666259474e-07,2.8445819921785187e-08,1.0000020265579224,6.350200720817156e-08,2.521454511850152e-08,-7.604084029111391e-10,2.2165494328874047e-07,1.4452922414420755e-08,-1.5224861371621046e-08
1.0000011920928955,1.8389341605029585e-08,-6.754733306024718e-08,8.326128408953082e-08,-4.697044175827614e-08,2.5940667569557263e-07,8.36525302361224e-08,-1.7293020349029575e-08,7.499822629597475e-08,-6.332200541692146e-08,5.792254498260263e-08,-6.62478285562429e-08,2.446742008999081e-08,-1.1331541571735215e-07,1.6254931267667416e-07,-2.5748361665023367e-08
2.980493363224923e-08,6.761022319778931e-08,-4.999943570282994e-08,2.2096218188494277e-09,2.9183027550061524e-08,2.2086156903355914e-08,1.346105591437663e-07,1.2484689193570375e-07,-1.977305004174923e-07,1.1215177408985255e-07,-5.603472885695737e-08,1.898470429750887e-07,3.9887176228603494e-08,6.547475095430855e-08,-9.071048623354727e-08,1.0000008344650269
3.591637209865439e-08,3.185550312423402e-08,-1.9068438916747255e-07,-4.039247514242561e-08,1.0399666905414051e-07,2.2252454101590047e-08,1.1120398113462215e-07,1.437300198858793e-07,2.0154583069142973e-07,-3.166660178521852e-08,0.9999977350234985,-1.0885005252703195e-07,2.5371129197537812e-08,-9.455341398734163e-08,3.574379903170666e-08,-1.1261371923865227e-07
-1.9735529122044682e-07,7.405942170635171e-08,-2.9918166433162696e-07,-2.7734355967368174e-07,0.9999975562095642,-1.625571321994812e-08,-1.5195778857446385e-08,1.4553179994436505e-07,-7.223056996963351e-08,5.071404416412406e-07,-3.027344348538463e-07,2.608315696761565e-07,-8.015233987634929e-08,8.960927289081155e-08,4.2084187157342967e-07,1.5339796277658024e-07
9.831816782934766e-08,1.3558280897996156e-07,2.3767330503687845e-07,-1.388438164440231e-07,-8.346123792080107e-08,-1.309341826072341e-07,3.636051246758143e-07,-2.2081213302271863e-08,8.388305161588505e-09,1.422195765599099e-07,-6.334524726980817e-08,1.0000007152557373,5.7110725038000965e-08,7.586798744796397e-08,1.8338798213335394e-07,-1.8912793109393533e-07
-1.549719286231266e-07,1.000001072883606,6.587720946527043e-08,-1.3459118974878947e-07,1.038900787619923e-08,-2.035489785612299e-07,1.5402360986627173e-07,5.6785896873634556e-08,-1.2827737094767144e-08,-6.536050989325304e-08,-5.586544205016253e-08,8.07205182695725e-08,5.9342703195852664e-08,6.766754978571043e-08,5.653743784250764e-08,-1.0706110487035403e-07
1.0089954827208203e-07,1.2344051469881379e-07,-1.0298597885594063e-07,1.0000011920928955,-9.345282592221338e-08,-1.5357522897829767e-07,1.6302091410125286e-07,5.638340283553589e-08,-1.052778060284254e-07,2.589062262359221e-07,2.515696317928473e-09,-1.2681564953709312e-07,-2.3475642763060023e-08,4.890317040207037e-09,-5.551227388878033e-08,3.633322620544277e-08
8.197597622938702e-08,-8.081732261189245e-08,1.3327289138942433e-07,-2.4543928134335147e-07,-2.8501952442638867e-07,-5.5365966034059966e-08,2.203481130891305e-07,-3.3110708841377345e-08,-4.806290476722097e-09,-1.2216409572829434e-07,1.4074750254167157e-07,-3.0832978836770053e-07,1.0000003576278687,-1.0154556306929408e-08,-1.630417223452696e-08,1.3092872563902347e-08
-6.233668869981557e-08,2.978513009566086e-07,6.591534429389867e-08,-5.128386959540876e-08,-7.148045488847288e-10,-1.1111725228829528e-07,1.0572356323734766e-08,1.0000007152557373,-2.716542155667412e-07,2.7567251592586217e-08,-1.194926682046571e-07,-6.718598655197638e-08,-8.09784310717987e-08,1.738098660553078e-07,-1.8092246989453997e-07,1.2501944013365573e-07
6.758020276720345e-08,5.494291954732944e-08,4.188757074530258e-08,7.000559687497798e-09,1.1011821499096186e-07,-1.98813850715851e-07,-1.063148218349852e-07,9.387306221242397e-08,3.0584024557356315e-07,-1.663538853335922e-07,3.6669348446594086e-08,1.611668309919878e-08,-1.9353836933078128e-07,-8.382737348711089e-08,1.0000017881393433,9.381337662262013e-08
