-2.2667501653472755e-08,-1.1017714030003845e-07,-1.250378467432256e-08,9.629732744542707e-08,-5.2130172178976864e-08,0.9999999403953552,1.1221622031598599e-07,-4.578845747005289e-08
8.353884339840079e-08,7.390798373307916e-08,2.1098905733651918e-08,-9.639011011586263e-08,6.69279529574851e-08,1.1495298046781954e-08,1.0000015497207642,1.022277484885592e-09
6.186937895336087e-08,-1.0784811621533663e-07,-6.355502790711398e-08,-9.394359068437552e-08,6.576448186024209e-08,-4.179478452215335e-08,3.673997994724232e-08,0.999997615814209
-2.1125653404396871e-07,1.0000019073486328,5.1420219193687444e-08,8.964361342123084e-08,4.650571483466592e-08,1.6580752060235682e-07,5.2494545599302e-08,9.899062547447102e-08
2.87750026473077e-07,-8.579147703358103e-08,0.9999985694885254,-4.554657451194544e-08,7.130482515549375e-08,2.0736430883516732e-07,-6.263386609361987e-08,2.6908963945970754e-08
6.422495602009803e-08,-2.145142019571722e-07,-3.5726181124573486e-08,-7.852580807821141e-08,1.0000017881393433,-4.542172860055871e-08,8.34506579394656e-08,2.2329935234211007e-07
0.9999986290931702,1.0120175630845551e-07,-8.227837611229916e-08,-1.4191680008934782e-07,1.496036645676213e-07,-3.677232882637327e-07,-1.0755586288269114e-07,1.1373660235847183e-08
-1.6024229410049884e-07,7.934017531852078e-08,4.964944366747659e-08,0.9999984502792358,7.765846277152377e-08,-4.759159111245026e-08,-8.192756695279968e-09,-1.3778984175871756e-08
