-2.1436527219975687e-07,1.6153462567558563e-08,3.6826826033120597e-08,1.5597663605149137e-07,-4.139459406360402e-07,8.901442782871527e-08,-2.0524140609268215e-08,-7.822355030384642e-08,-1.5417796817018825e-07,1.0000005960464478,5.007980519167177e-08,9.837584968863666e-08
1.0240582781761987e-07,-7.497533260902856e-08,-1.2598844634226225e-08,1.9770898518345348e-07,1.7898386772685626e-07,1.000000238418579,1.0657134907887666e-07,3.1489585694544076e-07,1.4919295665549726e-07,8.292489184213991e-08,4.4154560563391954e-10,1.9324180300372973e-07
7.497096987663099e-08,0.9999976754188538,4.9449056405137526e-08,-2.7777787181548774e-07,-2.558551557285682e-07,-2.0060589633885684e-07,1.0488096080507603e-07,1.0109074111142036e-07,-1.833921814409223e-08,-8.744177648623008e-08,-3.823372196620767e-08,5.126942426159076e-08
1.6078149656095775e-07,1.280254480207077e-07,5.834608529653451e-08,1.6248945655661373e-07,1.8980743732299743e-07,1.1106791930615145e-08,-6.327051949028828e-08,1.000000238418579,6.865609947226403e-08,8.178219701449052e-08,8.127352657538722e-08,1.6130930191593507e-07
-2.1199512900693662e-07,-1.199404380258784e-07,-9.270497258739852e-08,2.0957165247637022e-07,1.0000020265579224,-6.727071166778842e-08,-2.1151616635961545e-07,2.0143495760294172e-07,-1.6331226149191025e-08,1.624651133624866e-07,4.6035314227310664e-08,-1.8077274788197428e-08
-4.3241470848442987e-08,9.289916391708175e-08,-1.2687513617493096e-07,-1.1738881511291765e-07,-5.2182002718836884e-08,2.5809245585151075e-07,-1.3922354469286802e-07,4.85825637497328e-07,-1.0153914331567648e-07,-6.405718977475772e-08,-1.7949946595763322e-07,1.0000007152557373
1.0000016689300537,-1.5687825793975207e-07,1.9912612003736285e-07,-6.371450211872798e-08,2.235200895484013e-07,2.134869880876522e-08,1.0329456046065388e-07,-3.726119501834546e-08,9.309135684532066e-09,-2.5039045681296557e-07,2.0721167004467134e-07,1.1114499898212671e-07
-1.1005126765439854e-07,-1.2457251230557631e-08,1.000002145767212,-1.795835800066925e-07,-3.459764741364779e-07,-9.976823633905951e-08,3.9451558109249163e-07,6.535984908850878e-08,2.1175996778310946e-07,4.557505661750838e-08,-5.876739095356243e-09,-7.342468677506986e-08
-4.381323748248178e-08,3.026692008134546e-09,7.896019837971835e-08,3.278939573192474e-07,2.737323825385829e-07,2.156000045161477e-09,1.544799488328863e-07,1.0907671565973942e-07,0.9999985098838806,1.1766321961204085e-07,2.987551894761964e-08,1.510281890659826e-07
-5.0309353127886425e-08,-6.773313998564845e-08,2.1148267137505172e-07,1.0000019073486328,-8.861132272386385e-08,5.728675134264449e-08,-5.052258700288803e-08,-6.768411964230836e-08,1.3536680398829048e-07,-1.7072318314603763e-07,1.265782856307851e-07,-1.5196519598248415e-07
2.2547688161012047e-07,-1.226495953687845e-07,1.4760257727175485e-07,-1.6887172193946753e-07,2.70379928224429e-07,4.6708183987220764e-08,0.999997615814209,8.235014092861093e-08,6.735666602253332e-08,6.337928226685108e-08,-2.0627368702008653e-09,-9.11873101472338e-08
-2.971686967612186e-07,-4.595269231799648e-08,-1.2063232190939743e-07,-2.762052453419983e-08,-1.1176025083159402e-07,-1.8774062304771633e-09,-9.465494343885439e-08,-6.471592706169815e-10,1.287108517544766e-07,6.560963328183789e-08,0.9999978542327881,-3.9007883856356784e-07
