0.32398539781570435,-0.3435024321079254,-0.35146257281303406,0.5747512578964233,0.19134335219860077,0.4003888666629791,-0.330484539270401,0.13051041960716248
0.6460887789726257,0.19865615665912628,-0.1844823658466339,-0.2156216949224472,0.5725573897361755,-0.26559409499168396,0.1929546445608139,-0.16427397727966309
0.0009361523552797735,-0.07642410695552826,0.24254871904850006,0.21238228678703308,-0.014978427439928055,0.12392959743738174,-0.035817936062812805,-0.93453449010849
-0.03508307412266731,0.17898878455162048,-0.780166506767273,-0.21395006775856018,-0.4034854769706726,-0.12392424046993256,-0.25165462493896484,-0.2661011815071106
0.6013509035110474,-0.23395784199237823,0.27859610319137573,-0.42433106899261475,-0.4839908182621002,0.25905802845954895,-0.15073397755622864,0.043495871126651764
-0.18676958978176117,-0.5029435753822327,-0.3045887351036072,-0.31333091855049133,0.1144227385520935,0.37201976776123047,0.6020923256874084,-0.0848948210477829
0.2452797293663025,-0.23369556665420532,-0.054383523762226105,0.4549885094165802,-0.43024617433547974,-0.5024300217628479,0.48661184310913086,0.03026013821363449
0.1403808295726776,0.6651039719581604,-0.04002724587917328,0.216887965798378,-0.20022833347320557,0.5296118855476379,0.4085426926612854,0.04243425279855728
