-6.211370617847933e-08,3.3966809920293883e-10,-1.9907692205833882e-07,9.289394142797391e-08,1.3549593802508753e-07,-2.1638264513512695e-07,-2.2491465756502294e-07,-4.868281777703487e-08,8.21849397425467e-08,1.128018012330756e-09,1.0000019073486328,-2.351444408077441e-07,-6.01551306544934e-08,9.168221026811807e-08,1.0462350275020071e-07,5.475057562875918e-08
2.402528309630725e-07,-3.033326478885101e-08,-3.2964786100819765e-07,-6.725334600332644e-08,1.882059024183036e-07,-3.7558816501359615e-08,-7.809284596760335e-08,-3.6813099768551183e-07,0.9999985694885254,8.082099611783633e-08,-5.224691079774857e-08,1.8244344346385333e-07,6.754422798849191e-08,-1.38033627195e-07,-3.874753673471787e-08,2.5504736100856462e-08
-3.820389782305256e-09,5.020973503633286e-08,-6.706680011347999e-08,7.98185766370807e-08,-1.7952956454792002e-07,1.0000020265579224,1.0538613537391939e-07,1.2254194992067369e-08,2.1815196760144318e-07,-2.475960911851871e-07,-1.3011796795581176e-07,-2.6404180175632064e-07,3.881568133579094e-08,-1.0419599760780329e-07,-9.566398517790731e-08,1.1585292014615334e-07
-1.5079411497254114e-08,8.925056960151778e-08,-3.933941616907077e-09,5.0930687223171844e-08,2.484819106030045e-07,6.352178871793512e-08,1.4379297397226765e-07,1.458437992596373e-07,1.612357749536386e-07,-1.0495318747416604e-07,1.0690147433933817e-07,1.5033860822910583e-09,0.9999991655349731,1.7721390577207785e-07,-3.369892453974899e-08,-4.6495198802176674e-08
6.762047632946633e-08,8.825615793739416e-08,1.4794366620662913e-07,-1.0657272042635668e-07,-1.2013913419650635e-07,6.201995006449579e-08,0.999997615814209,-9.74244240836697e-09,1.3336506299310713e-07,8.32235471648346e-08,-1.0525801741323448e-07,-1.2579718600136403e-07,6.813006336869876e-08,1.6486318088482221e-07,-8.990161859401269e-08,6.211672598510631e-08
2.072880960213297e-07,-5.4710159957949145e-08,-3.6650661172643595e-08,-1.326990854977339e-07,1.9179884702680283e-07,-1.0430528618599055e-07,7.862281137249738e-08,2.9528567324632604e-07,3.466027749254863e-07,6.951721331915905e-08,2.1682237161257945e-07,-1.6367523869575962e-07,-2.8542612540150003e-07,-3.582671936896986e-08,-2.300276946698432e-08,0.9999977350234985
0.9999975562095642,7.740439400549803e-08,-1.4257116731641872e-07,3.5137432519150025e-08,-4.924340402112648e-08,9.757938901344687e-10,2.0575757986307508e-08,-3.196925746351553e-08,6.7671912518108e-08,4.457771751731343e-08,-6.654397566308035e-08,-8.790360084276472e-08,1.3500894624485227e-07,7.474479701841119e-08,3.179700058808521e-08,-2.866210913055056e-08
-2.1791110782487522e-07,-3.142713822512633e-08,-3.442183343915772e-11,1.4086403155033622e-07,0.9999983310699463,3.580660390412049e-08,6.915625760939292e-08,1.9630023828653975e-08,-7.983699812363909e-10,-1.3161459833099798e-07,-4.091675886996882e-09,-5.838406025304721e-08,3.542654170018977e-08,-6.236672334125615e-08,-1.587325613172652e-07,7.758173126148904e-08
2.724721070990199e-07,-1.3240195073649375e-07,4.448910928545047e-08,0.9999983310699463,-2.3188765396753297e-07,-8.213664415279709e-08,1.457170384355777e-07,-3.296082695669611e-08,7.05016987012641e-08,-2.321024084039891e-07,1.6411691561302177e-08,-6.766909166344703e-08,3.8509650579499066e-08,-7.543415136979092e-08,6.752292591727382e-08,-2.0248970145075873e-07
-4.4705508628339885e-08,4.9553786851674886e-08,-2.4415896859864006e-08,-3.020419114818651e-07,-5.630766608533122e-08,-9.528196187602589e-08,-4.864707037199878e-08,1.570392527128206e-07,-7.65005978564659e-08,-4.201519132607245e-09,-4.856793793805991e-07,1.0000019073486328,3.877892709169828e-07,4.7588258667019545e-08,-2.093819162496402e-08,6.036628263927923e-08
9.601208006415618e-08,4.179596047038103e-08,0.9999998807907104,-1.3986944225052866e-07,1.931734345816949e-07,3.103643919644128e-08,6.362130733350568e-08,-4.259444352783248e-08,7.05317475535594e-08,-4.478853554701345e-08,1.283242756500158e-08,-8.057480904710701e-09,2.0263468059056322e-07,6.963620080568944e-08,4.6015525612119745e-08,-1.624719487836046e-07
-2.3715047348105145e-07,8.869836420899446e-08,1.092992718554342e-07,-8.420471431236365e-08,-8.131190298854563e-08,5.040846318138392e-08,4.222425520339357e-09,-9.930227662380275e-08,1.4188942998316634e-07,7.741977015029988e-08,-1.565176610540675e-08,3.5670362308337644e-07,-9.569065895220774e-08,1.0000011920928955,9.716374194113087e-08,-4.94539875717237e-08
4.0112371380018885e-07,8.733599798915748e-08,5.323667195966664e-08,-5.046086215543255e-08,7.160028303587751e-08,3.1105196285352577e-07,1.371809048578143e-07,-4.2312763071095105e-08,4.5215301724965684e-08,-6.878547509359123e-08,-8.100872150862415e-08,1.6787385703764812e-08,2.2604057292596735e-08,-6.314488132375118e-08,0.999998927116394,7.412847935484024e-08
-1.1336260286043398e-07,0.9999988675117493,5.444613204730331e-09,9.924794852622654e-08,1.697224547569931e-07,-1.7822995346250536e-07,2.2559849810477317e-07,-6.339236335861642e-08,-2.8760544523720455e-07,-6.44769926338995e-08,-3.391969372046333e-08,-4.282428633928248e-08,1.7194274448684155e-07,-2.6501652428123634e-07,-9.072096673889973e-08,5.832749749856703e-08
5.095747823702368e-08,-1.2780918723365176e-07,1.0111794779277261e-07,1.4732515651871836e-08,-1.27646657688274e-07,-1.1003674416087961e-07,5.206357300835407e-08,0.9999980330467224,-5.4612357303085446e-08,9.06024553160023e-08,-2.3199529408657327e-08,6.195497803673788e-08,-1.3405018250978173e-07,2.3533679893716908e-07,-1.414092736240491e-07,-4.34378613078934e-08
2.8330145340760282e-08,7.697484960544898e-08,-1.6316976214625356e-08,-3.3965866919061227e-07,6.476225422602511e-08,7.452074868297132e-08,-7.616834096779712e-08,1.8119693834250938e-07,-8.998533473913994e-08,0.9999976754188538,-2.3022695927465975e-07,2.5720385110616917e-07,-1.864655843064611e-07,5.4733263255002385e-08,-3.8897479015531644e-08,8.113139671195313e-08
