-0.17260977625846863,-0.37880516052246094,-0.1638949066400528,0.1596910059452057,0.12579171359539032,0.470241904258728,-0.02970326691865921,0.178132563829422,-0.4560641050338745,0.5447850227355957
0.364690363407135,0.47972092032432556,0.15328052639961243,0.06587023288011551,-0.6050500273704529,0.2214272916316986,0.1959129124879837,0.0690230280160904,-0.030470456928014755,0.3870997726917267
0.06440737098455429,-0.1356852650642395,-0.14925041794776917,0.5804730653762817,-0.2748556137084961,-0.12688089907169342,0.23796111345291138,-0.3168562948703766,-0.46641331911087036,-0.3898826241493225
0.05395582690834999,-0.5115570425987244,0.12824870645999908,0.4126627743244171,-0.1442335844039917,0.01201492641121149,0.20774772763252258,-0.008559413254261017,0.6726002097129822,0.17913572490215302
-0.44846510887145996,0.4075162708759308,-0.12367838621139526,0.4774381220340729,0.05738494172692299,-0.4019749164581299,-0.2914351224899292,-0.018003640696406364,0.08928592503070831,0.36257246136665344
0.48193037509918213,-0.0002541138092055917,-0.029185602441430092,0.0556391105055809,0.2540834844112396,0.10553287714719772,-0.4073792099952698,-0.6876786351203918,0.04434368014335632,0.21743139624595642
0.6031474471092224,-0.07846895605325699,-0.3865988254547119,0.088485486805439,0.18801873922348022,-0.43868130445480347,0.008726216852664948,0.47591379284858704,-0.0683351680636406,0.11719565838575363
0.14469176530838013,0.03029821440577507,0.8320667147636414,0.2492433488368988,0.3563339412212372,-0.11262154579162598,0.03213527053594589,0.17000360786914825,-0.23234236240386963,0.010767272673547268
0.10837118327617645,0.2543800473213196,-0.1244567483663559,0.39642247557640076,0.14081910252571106,0.5576738715171814,-0.32309457659721375,0.32448461651802063,0.199460968375206,-0.4130500853061676
0.017427314072847366,-0.3292689621448517,0.19362278282642365,-0.06910476833581924,-0.5212847590446472,-0.15732942521572113,-0.7103237509727478,0.17065854370594025,-0.11300908774137497,-0.07788924872875214
