0.5059933662414551,-0.0448739156126976,0.17369332909584045,0.3834717571735382,0.047557368874549866,0.0313011072576046,-0.44349074363708496,0.120517797768116,-0.42664819955825806,0.41019386053085327
0.18427027761936188,0.0621243417263031,-0.2970878481864929,-0.43576541543006897,-0.059859033674001694,-0.06210287660360336,-0.04072395712137222,-0.3766518533229828,0.27454036474227905,0.6765314340591431
-0.3013303279876709,0.13116209208965302,-0.46277403831481934,0.16671431064605713,-0.14004336297512054,-0.6127758026123047,0.10266509652137756,0.35400518774986267,-0.26787394285202026,0.21752646565437317
0.4711591601371765,0.6950986385345459,0.0024198084138333797,0.17332537472248077,-0.342429518699646,0.005697338841855526,0.3129822313785553,0.05797160416841507,0.17253713309764862,-0.12813325226306915
-0.32324978709220886,0.42521002888679504,-0.057871729135513306,0.12137889862060547,-0.0526050329208374,-0.034273043274879456,-0.7627445459365845,-0.13423195481300354,0.27217015624046326,-0.13712728023529053
0.09500425308942795,0.07547909021377563,0.1286848485469818,-0.08134989440441132,0.021871525794267654,-0.4641052782535553,0.01723293960094452,-0.6942120790481567,-0.4308139979839325,-0.2799960970878601
0.10599568486213684,0.17420965433120728,-0.547426164150238,-0.37555521726608276,0.050308480858802795,0.4373169243335724,-0.13406114280223846,0.08404896408319473,-0.48841172456741333,-0.24564245343208313
-0.2302146703004837,-0.10818195343017578,0.28124624490737915,-0.1975167691707611,-0.8503794074058533,0.15116539597511292,-0.06786824017763138,0.007377483882009983,-0.2362779676914215,0.1034591943025589
-0.4154386818408966,0.21237598359584808,-0.07054675370454788,0.4718548357486725,0.09446653723716736,0.432524710893631,0.29107481241226196,-0.3797513246536255,-0.1978043168783188,0.3010335862636566
0.21652936935424805,-0.4691513478755951,-0.5135600566864014,0.42564237117767334,-0.3456023633480072,0.0435032956302166,-0.06145462393760681,-0.2522871792316437,0.21885426342487335,-0.22680872678756714
