0.14538973569869995,0.3317796289920807,0.3054639995098114,0.025115523487329483,0.1777201145887375,-0.13631649315357208,-0.2128717601299286,-0.5177271366119385,-0.34868529438972473,0.053419701755046844,-0.20752818882465363,-0.49378201365470886
0.5047294497489929,-0.3226494789123535,-0.18247643113136292,-0.055372703820466995,-0.023749765008687973,-0.13994751870632172,0.5222267508506775,-0.24475914239883423,-0.09505193680524826,0.054891012609004974,0.43205997347831726,-0.23082827031612396
-0.17891335487365723,-0.3065558969974518,-0.38511109352111816,-0.2728508412837982,0.4952166676521301,-0.07889571040868759,-0.07981331646442413,-0.05196881294250488,-0.14327500760555267,0.5613505244255066,-0.23168914020061493,0.037416357547044754
-0.5347357988357544,-0.20307892560958862,-0.08548051863908768,-0.27951931953430176,-0.0453936904668808,0.34106889367103577,-0.04456247761845589,0.008012407459318638,-0.06407744437456131,-0.25464126467704773,0.28506040573120117,-0.5627898573875427
0.0568917915225029,0.6650031208992004,-0.4081016778945923,-0.13930284976959229,0.23504212498664856,0.11576909571886063,0.41760534048080444,0.23277339339256287,0.08716944605112076,-0.1025768369436264,-0.14584624767303467,-0.17878219485282898
0.5060003399848938,-0.13285097479820251,-0.017918827012181282,-0.29085835814476013,0.15320006012916565,0.5827073454856873,-0.2913796007633209,-0.1532687395811081,0.34376683831214905,-0.15554490685462952,-0.16443735361099243,0.02396366000175476
-0.0265010055154562,0.069828100502491,-0.488268107175827,0.6938018202781677,0.11729255318641663,0.2772488296031952,-0.24994714558124542,-0.22319698333740234,-0.10101434588432312,-0.017431166023015976,0.2429100126028061,0.047156210988759995
0.09946831315755844,0.08160354942083359,0.11961989104747772,0.1018173024058342,-0.44696199893951416,0.4696992039680481,0.09513604640960693,0.22253984212875366,-0.16954919695854187,0.6424068212509155,-0.06974916905164719,-0.1830456256866455
-0.09652978926897049,-0.049912698566913605,0.3456032872200012,0.3398646116256714,0.3945187032222748,-0.03041008859872818,0.1275489777326584,0.08167796581983566,0.6396832466125488,0.2500717043876648,0.1197231262922287,-0.296088844537735
-0.024029821157455444,0.4101483225822449,0.09761352837085724,-0.3501943349838257,0.07636836916208267,-0.004289357922971249,-0.24718233942985535,-0.10510163009166718,0.057631995528936386,0.28141114115715027,0.6872032880783081,0.25744006037712097
0.26306435465812683,0.004994187969714403,-0.3225032389163971,-0.03282205015420914,-0.23789706826210022,-0.4202382564544678,-0.5054824352264404,0.36218810081481934,0.19625763595104218,0.05683968961238861,0.0437987744808197,-0.40265563130378723
-0.23914778232574463,0.09191609919071198,-0.2553701400756836,-0.09364694356918335,-0.45851001143455505,-0.10630814731121063,0.0995313748717308,-0.5859794020652771,0.47853177785873413,0.14666925370693207,-0.1861012727022171,0.02058124914765358
