0.23689326643943787,-0.28259584307670593,0.2750120162963867,-0.22111637890338898,0.4413396716117859,0.37763550877571106,0.10177719593048096,-0.6060081124305725,0.15575209259986877,0.015672551468014717
0.3302538990974426,-0.29612454771995544,-0.23767496645450592,0.14054110646247864,0.2937057316303253,0.050238244235515594,0.30113595724105835,0.4213123023509979,0.1278669238090515,-0.5947072505950928
0.04945060610771179,-0.5354796051979065,0.4391377866268158,-0.13144998252391815,-0.03980448842048645,-0.5920870900154114,-0.3157881796360016,0.11320967227220535,0.18855375051498413,-0.02130577154457569
0.057203661650419235,-0.1251974105834961,0.3559744954109192,-0.39776188135147095,-0.5838488340377808,0.3224487006664276,0.21060501039028168,0.10574758797883987,-0.3315044045448303,-0.29298070073127747
-0.5143898725509644,-0.10261781513690948,-0.3619461953639984,-0.2607780694961548,0.01692723110318184,-0.30343177914619446,0.06322533637285233,-0.4344397485256195,-0.13129308819770813,-0.47279027104377747
-0.23752053081989288,0.07127881795167923,-0.1640803962945938,-0.5067116618156433,-0.05987820774316788,0.2725476920604706,-0.1735009402036667,0.2597615420818329,0.6921671628952026,0.01688014715909958
0.5214541554450989,-0.03599473461508751,-0.46411454677581787,-0.5473243594169617,0.005848913919180632,-0.2391996830701828,0.011612240225076675,0.012480984441936016,-0.24266362190246582,0.308866411447525
0.32281509041786194,0.6910277605056763,0.276964396238327,-0.1603882908821106,0.11341096460819244,-0.2285143882036209,-0.21191293001174927,-0.09749284386634827,0.08173505961894989,-0.43550464510917664
0.06893290579319,-0.16872094571590424,-0.1936313956975937,0.0828503742814064,0.032548755407333374,0.3512214422225952,-0.8215858936309814,0.013424687087535858,-0.2857317328453064,-0.20294131338596344
0.3566621243953705,-0.08452506363391876,-0.2465490847826004,0.31456226110458374,-0.598886251449585,-0.034415651112794876,-0.027176400646567345,-0.4064440429210663,0.4127984941005707,-0.0986025333404541
