-0.12319068610668182,-0.32205522060394287,-0.3747119903564453,-0.3778214156627655,0.2304573953151703,0.019173020496964455,0.27394431829452515,0.15718987584114075,0.36763840913772583,-0.2530519962310791,0.1659320741891861,0.28526630997657776,0.19965890049934387,0.26625457406044006,0.0664447546005249,0.1464235633611679
0.3860286474227905,-0.024123137816786766,0.33257126808166504,0.009975557215511799,0.2911336421966553,-0.2829586863517761,0.23977048695087433,-0.0160441342741251,-0.16030919551849365,-0.0780399814248085,-0.2166449874639511,0.3570763170719147,0.07368291169404984,-0.11556203663349152,0.5400304794311523,-0.021897878497838974
0.054020121693611145,0.28187939524650574,-0.15101595222949982,-0.28856682777404785,-0.19060035049915314,0.08375409990549088,-0.10855594277381897,0.16891327500343323,-0.32843589782714844,-0.09126774221658707,0.14551474153995514,0.3765871822834015,0.4605381190776825,-0.3729885518550873,-0.1820889264345169,-0.25362566113471985
0.08947789669036865,-0.11504698544740677,0.26695677638053894,-0.17526617646217346,0.11965267360210419,-0.1430182158946991,0.040384504944086075,0.3569034934043884,0.26885974407196045,-0.17926666140556335,-0.19413432478904724,-0.48827052116394043,0.22041058540344238,-0.06332027167081833,-0.14244095981121063,-0.5095018744468689
0.2671521008014679,-0.04721234366297722,0.30560511350631714,-0.45293062925338745,-0.08564254641532898,-0.07043823599815369,-0.024102387949824333,-0.43054014444351196,-0.16880452632904053,-0.3163148760795593,0.4646642506122589,-0.19897663593292236,-0.11196286231279373,0.1393749862909317,-0.09578613936901093,0.0665406584739685
0.01721913181245327,-0.0472504198551178,0.04079432040452957,-0.09926066547632217,0.46970510482788086,0.24963098764419556,0.161142036318779,0.17636165022850037,-0.5956770181655884,0.19416847825050354,-0.13392819464206696,-0.09268005937337875,0.04701667279005051,0.36786967515945435,-0.29293543100357056,0.05947491526603699
0.16040927171707153,0.5713815093040466,-0.21324455738067627,-0.14516378939151764,0.06414679437875748,-0.44678881764411926,-0.31988435983657837,0.20482027530670166,0.048346150666475296,-0.09799201041460037,-0.14774098992347717,-0.11172431707382202,0.009735165163874626,0.3315180838108063,0.019922291859984398,0.2767483592033386
-0.23918624222278595,0.1953451931476593,-0.10832629352807999,-0.038274455815553665,0.11412916332483292,-0.3467223346233368,0.34360477328300476,0.2622198164463043,-0.12454669177532196,0.14466798305511475,0.4425848722457886,-0.0007731377263553441,-0.48853567242622375,-0.11553119122982025,0.05130687728524208,-0.29050666093826294
-0.26092833280563354,-0.04144754633307457,0.22494494915008545,-0.028948824852705002,0.13998931646347046,0.2658090889453888,-0.4040836989879608,0.3833107054233551,-0.09653176367282867,-0.05287051573395729,0.3414594233036041,-0.1866023987531662,0.09436491876840591,-0.08983433246612549,0.5019346475601196,0.21414078772068024
0.23931993544101715,-0.16886694729328156,-0.15146596729755402,0.07206256687641144,-0.03975869342684746,-0.17741268873214722,-0.16622209548950195,-0.12648631632328033,0.040046073496341705,0.602622926235199,0.32668837904930115,-0.058246344327926636,0.35393401980400085,0.30792564153671265,0.1865559071302414,-0.2821766138076782
-0.08518105000257492,0.2635859549045563,-0.3271275758743286,-0.020688580349087715,0.09245915710926056,0.35382354259490967,-0.025255659595131874,-0.31144919991493225,-0.08247628062963486,-0.27142202854156494,-0.1468222290277481,-0.1191234216094017,-0.09761634469032288,0.21405386924743652,0.4071364104747772,-0.49711135029792786
0.17983467876911163,0.2194240838289261,-0.08967401087284088,0.14181257784366608,-0.3686573803424835,0.16099587082862854,0.6155185699462891,0.13895681500434875,-0.06158364564180374,-0.022395089268684387,0.09831621497869492,-0.37205249071121216,0.27536097168922424,0.02093697525560856,0.18913128972053528,0.25873827934265137
-0.459057480096817,0.40283438563346863,0.5070410370826721,-0.20328330993652344,-0.03903902322053909,0.07018548250198364,0.17998431622982025,-0.16871806979179382,0.24793338775634766,0.2526426613330841,-0.05037768930196762,0.18581056594848633,0.19391058385372162,0.24537616968154907,0.002292352495715022,-0.032955825328826904
-0.044301215559244156,0.059569455683231354,-0.2259114682674408,-0.4386917054653168,0.2979747951030731,-0.0016297483816742897,0.049531154334545135,-0.2885899543762207,0.07581155747175217,0.36412447690963745,-0.1634170562028885,-0.31113120913505554,0.031092623248696327,-0.5115935802459717,0.09938471764326096,0.20508231222629547
0.22848071157932281,-0.11688722670078278,0.03301310911774635,-0.47869935631752014,-0.4448114335536957,0.2362055480480194,-0.04244624078273773,0.30392777919769287,0.01600683107972145,0.2772570550441742,-0.24977073073387146,0.11216670274734497,-0.39957547187805176,0.12629704177379608,0.161462664604187,-0.04786210507154465
0.49032387137413025,0.3264400064945221,0.06953220814466476,0.12700287997722626,0.33553266525268555,0.4370609223842621,-0.006896215956658125,0.09266557544469833,0.41087597608566284,0.08781691640615463,0.26256102323532104,0.12447474896907806,-0.15089154243469238,-0.08708357065916061,-0.16812637448310852,-0.01524266880005598
