-0.4318768382072449,0.08243300765752792,-0.4108310639858246,0.619085431098938,-0.1627596616744995,-0.1225963607430458,-0.3598262667655945,-0.2892102897167206
0.4747234284877777,-0.34072455763816833,-0.16826105117797852,0.4620903730392456,0.04805608093738556,-0.4151498079299927,0.49042677879333496,-0.0390823595225811
0.29501068592071533,0.6035599112510681,-0.3582301735877991,-0.1760433316230774,0.3436156213283539,0.030970154330134392,0.1291370540857315,-0.5036430358886719
0.1999281942844391,0.5103292465209961,0.38826340436935425,0.03257095813751221,-0.5065199136734009,-0.5234723687171936,-0.1274987757205963,0.03067554160952568
-0.08340343832969666,0.4812288284301758,0.072410948574543,0.44564369320869446,0.34032657742500305,0.17961716651916504,0.18747715651988983,0.6118758916854858
0.11791908740997314,-0.13867753744125366,0.3510308563709259,0.09064143896102905,0.6576606631278992,-0.33617761731147766,-0.5313882827758789,-0.08670902997255325
0.44683027267456055,-0.029299043118953705,-0.5563229322433472,-0.14656446874141693,-0.10996187478303909,-0.028326667845249176,-0.4811253249645233,0.47342371940612793
-0.49051010608673096,0.02681940607726574,-0.2930299639701843,-0.37796804308891296,0.19008789956569672,-0.6257452964782715,0.21925228834152222,0.23279035091400146
