0.1407962441444397,0.013350829482078552,-0.24675235152244568,-0.3086411654949188,-0.4101356565952301,0.10876236855983734,0.2558082044124603,0.17034375667572021,0.14050470292568207,0.27633655071258545,0.12293779104948044,-0.34346306324005127,0.15382397174835205,-0.018198508769273758,-0.35237717628479004,0.4147401750087738
-0.2066510170698166,0.21057648956775665,-0.29888689517974854,-0.1468076854944229,-0.17329329252243042,0.25545772910118103,-0.3297993540763855,-0.055900003761053085,0.1928802877664566,-0.3186038136482239,0.1792885810136795,-0.018471384420990944,-0.31455525755882263,0.37799718976020813,-0.31288108229637146,-0.28977057337760925
0.4958442151546478,0.17479562759399414,0.1974639892578125,0.2715458273887634,0.0030671320855617523,-0.20793654024600983,0.1040852814912796,-0.11186856776475906,0.39518260955810547,0.08840122818946838,-0.30331549048423767,-0.02020598202943802,0.01275734044611454,0.08603823930025101,-0.43349146842956543,-0.3039530813694
-0.38035979866981506,-0.08589781820774078,-0.060029394924640656,0.15746089816093445,-0.11321744322776794,-0.49739813804626465,0.2070297747850418,0.2351832091808319,0.2627101540565491,0.20765267312526703,0.47861143946647644,0.1496485471725464,-0.03468329831957817,-0.11864721029996872,-0.05944634601473808,-0.2806054353713989
0.07704459875822067,-0.44841521978378296,-0.357359915971756,0.13008339703083038,-0.03981388732790947,-0.12141295522451401,-0.17768996953964233,0.4434961974620819,0.014864339493215084,-0.19758567214012146,-0.324897825717926,-0.4176467955112457,0.04491313546895981,-0.0706840455532074,0.1127047911286354,-0.2545698583126068
-0.05890307575464249,-0.6426190137863159,0.0641404539346695,0.07350817322731018,0.11641417443752289,0.40117475390434265,0.457384318113327,-0.06041327491402626,0.030739542096853256,-0.08882331103086472,-0.005839373450726271,0.2218570113182068,-0.21017023921012878,0.06434082984924316,-0.28090211749076843,-0.037494122982025146
0.4467133581638336,-0.15017680823802948,0.3225395977497101,-0.5266655683517456,0.05636787787079811,0.01305276621133089,-0.16812092065811157,0.39634692668914795,-0.07002831995487213,0.11807631701231003,0.26932933926582336,0.16114860773086548,-0.09664393216371536,0.11608905345201492,0.07743598520755768,-0.24822482466697693
-0.09730488061904907,-0.2354566603899002,0.358137309551239,0.15305770933628082,0.02092895098030567,-0.18839946389198303,-0.24727106094360352,-0.20692786574363708,-0.1897895187139511,0.26331451535224915,0.13695193827152252,-0.5237113833427429,-0.4074196219444275,0.20699866116046906,-0.12506484985351562,0.14368125796318054
0.08136321604251862,0.1220482885837555,-0.22631804645061493,-0.35552313923835754,0.5731727480888367,-0.18780192732810974,0.21668754518032074,-0.17919817566871643,0.00703647593036294,-0.19184693694114685,0.11462575197219849,-0.2791377604007721,-0.24872428178787231,-0.3830605745315552,-0.13605570793151855,-0.05461965501308441
0.1659376174211502,0.1749279499053955,-0.19233044981956482,0.13282957673072815,-0.11269839853048325,0.23693278431892395,0.39912423491477966,-0.1660175621509552,-0.3230184316635132,0.253983736038208,0.1683364361524582,-0.26582029461860657,-0.0004639524850063026,0.17123207449913025,0.3088393807411194,-0.4888569116592407
-0.28166401386260986,-0.17306898534297943,0.17549636960029602,-0.4027584195137024,0.06141389533877373,0.04405940696597099,0.03408962860703468,-0.3056385815143585,0.523610532283783,0.12656500935554504,-0.17769798636436462,-0.21700045466423035,0.2806572914123535,0.17381469905376434,0.30133721232414246,-0.16962625086307526
0.07148893177509308,-0.10133720189332962,-0.03757277503609657,0.16901074349880219,0.39106690883636475,-0.007879956625401974,-0.09346763789653778,-0.01972913183271885,-0.09408755600452423,-0.16284923255443573,0.401624858379364,-0.12198635190725327,0.6464961767196655,0.3349258601665497,-0.22105659544467926,0.04436342045664787
0.10009392350912094,0.06731522083282471,0.34390825033187866,0.023854587227106094,-0.298342227935791,-0.16396048665046692,0.3485798239707947,0.043606407940387726,0.07309624552726746,-0.6895129680633545,0.16174812614917755,-0.20594583451747894,-0.051052358001470566,0.11138942092657089,0.2171194851398468,0.12572066485881805
0.2812332808971405,-0.022873669862747192,-0.07435810565948486,0.34014275670051575,0.11788184195756912,0.3534773290157318,-0.1871982365846634,0.01163338590413332,0.5153897404670715,0.061686672270298004,0.36719703674316406,-0.07859699428081512,-0.162284716963768,-0.2185976505279541,0.32544150948524475,0.18617521226406097
-0.34644559025764465,0.348664790391922,0.3754308819770813,0.0995628610253334,0.2506231963634491,0.37063729763031006,0.12032949924468994,0.5277643203735352,0.03189660981297493,0.051222968846559525,-0.11244144290685654,-0.2538548707962036,0.021421698853373528,-0.09031688421964645,-0.13395507633686066,-0.08404536545276642
0.027805346995592117,0.114800363779068,-0.24061842262744904,0.023064158856868744,0.32638564705848694,-0.1957298368215561,0.23395919799804688,0.25639089941978455,0.1279905140399933,0.12361549586057663,-0.16367851197719574,0.10684225708246231,-0.25790709257125854,0.6189128756523132,0.22063744068145752,0.3069012761116028
