-9.016159907559995e-08,-1.1564537105712702e-09,-8.684109076284585e-08,1.0000019073486328,2.2009416511536983e-07,-6.890827819461265e-08,-3.709541473995159e-08,6.119316964259269e-08,4.417613581608748e-07,2.490093038431951e-07,-2.4249061425507534e-07,-1.147004624613146e-07,-2.1681447748278515e-08,-2.9856543903861166e-08,6.753624148814197e-08,-1.8048704930606618e-07
-1.610934496909522e-08,6.241590710942546e-08,2.4745853011154395e-07,-1.366275768077685e-07,0.9999998211860657,8.431165099409554e-08,6.438121147311904e-08,-7.379499322723859e-08,3.973067919105233e-08,1.4155358485368197e-07,-7.624235820458125e-08,9.306417325660732e-08,-6.570481758672031e-08,-3.8782783917667984e-07,4.4460954029545974e-08,-5.968814775769715e-08
1.336831587650522e-07,0.9999975562095642,2.658518951648148e-07,-2.772336813450238e-07,-1.438701531242259e-07,-2.3520446745806112e-07,8.138997031892359e-08,-5.1034049874942866e-08,1.8631850196015876e-07,-6.606957470012276e-08,2.5833875838543463e-07,-1.864179210997463e-07,-1.002978256003928e-09,5.1377185172896134e-08,2.450675538057112e-07,-5.600238850433925e-08
-7.327732731710057e-08,-5.277424008909293e-08,1.0,8.084477087777486e-08,-8.790201633246397e-08,4.368004979937723e-08,6.710006772436827e-08,2.2120843823358882e-07,3.325303765677745e-08,8.270672680055213e-08,4.594806668478668e-08,-9.464460504204908e-08,-3.1761004493091605e-08,-1.1061709415116638e-07,-9.944926659954945e-08,-1.2350199085631175e-08
7.783048516785129e-08,-1.5273811015958927e-07,-4.7303597483505655e-08,-2.3681892002969107e-07,2.4684396748853032e-09,1.0695000440819058e-07,1.0000011920928955,-7.007898972233306e-08,-2.8480863534241507e-07,-2.0122298849400977e-07,9.488637431331881e-08,-6.015083897636941e-08,1.9099742587513902e-07,3.490947264594979e-08,1.3251973030037334e-07,3.094987022222995e-08
-3.097641965155162e-08,2.736464921326842e-07,9.800992728514757e-08,2.8559612452738747e-09,-3.551798783973936e-07,4.4904421514502246e-08,6.195465118707943e-08,-4.330329090862506e-07,-1.3560340050844388e-07,8.799891304533958e-08,-2.0471462391924433e-07,8.293255859825877e-09,-2.454112859595625e-07,0.999997615814209,-1.315091324727291e-08,1.0855565335532447e-08
1.9028719577818265e-07,9.818874957545631e-08,-1.1555615486713577e-07,-7.093120757417637e-08,-4.546750744793826e-07,-2.421340994374077e-08,1.4070634790641634e-07,5.1440206760844376e-08,-1.5094508398760809e-07,-1.324120972867604e-07,-7.940268886841295e-08,-5.779626022217599e-08,1.1832459989591371e-07,1.4378960599970014e-07,-1.0429758390273491e-07,1.0000005960464478
-1.2458254161629156e-07,-2.4473722604057002e-08,-3.374932688871013e-08,9.23338419056563e-08,-2.852457896551641e-07,2.619241890045032e-08,-1.2130499271734152e-07,1.1682094935849818e-07,-6.683035991272845e-08,-2.2201949434474955e-07,3.758568141165597e-07,1.000002145767212,-1.147351866848112e-07,1.4927951497156755e-07,-1.1651541598212134e-07,7.8266758407608e-08
-9.614277729497189e-08,9.864481143040393e-08,5.670322522632887e-08,1.6900351340609632e-07,1.1158267909650021e-07,-2.6994380064593315e-08,-2.1123357285546263e-08,1.0412490070166314e-07,0.999997615814209,-3.0106381387895453e-08,2.9490577091451087e-08,-9.131282041607847e-08,-6.295460508454198e-08,-1.0720867038571669e-07,2.3216840006057282e-08,2.954359388240846e-07
8.989886168819794e-08,1.4732007969087135e-07,-6.05058190217278e-08,-8.225225656133262e-08,3.010822169358107e-08,1.3386642194745946e-07,3.440415810018749e-07,3.2888603840319774e-08,-5.760011489996941e-08,1.000002145767212,8.980618559917275e-08,-8.369708126565456e-08,9.638383602350586e-08,2.571318304944725e-07,-6.385415929344163e-08,9.849091497926565e-08
1.2938501825487947e-08,8.917321991930294e-08,-2.9120503342028314e-08,-6.736205904189774e-08,3.583766101655783e-07,-2.2544730882145814e-07,1.4550093574428047e-08,0.999998152256012,-2.369550600178627e-07,-6.323287493614771e-08,-1.5425239752175912e-08,-6.16406197195829e-08,-8.599373302331514e-08,2.2093827567459812e-07,5.603383712582399e-08,-1.349122271676606e-07
1.8354865005676402e-07,9.452641336338274e-08,9.292315894526837e-08,1.1485332152005867e-07,1.6954014370185178e-07,3.222381792511442e-07,-5.869006969305701e-08,4.285393018221839e-08,-6.746711278537987e-08,4.2589160642592105e-08,-1.5077930015650054e-07,-9.834202074898712e-08,0.999997615814209,4.4733351245440645e-08,-1.0016835716442074e-07,2.0960062840913452e-07
1.1747287231855807e-07,-7.618214681315294e-08,-4.255860375224074e-08,5.231814981243588e-08,-9.73738210063857e-08,0.999998927116394,-5.9132350571644565e-08,1.5908307204881567e-07,1.2620331801826978e-07,5.228698185533176e-08,-3.331577502763139e-08,7.789156875048775e-09,-9.804661971202222e-08,2.4211277604990755e-07,5.145268389128432e-08,-7.588605654973435e-08
0.999997615814209,5.7086612770262946e-08,2.5475650033968122e-08,-9.50503746821596e-08,-1.9641156256966497e-08,-1.4043585849776719e-07,1.1901067153985423e-07,-1.3607171922558337e-07,-2.5859398533611966e-07,6.694156695630227e-08,6.80013343412611e-08,-2.9033395776423276e-07,-1.3985636826419068e-07,-6.594408574756017e-08,-3.1989362270223864e-08,2.0545492418477806e-07
7.127027146225373e-08,-1.4530134251344862e-07,1.0336418654333102e-07,2.3644785684950875e-08,-6.230440163790263e-08,1.385935632924884e-07,-1.0177139841971439e-07,-1.5603633585214993e-07,-1.3137569965238072e-07,-1.9391237060517597e-08,1.1252910780967795e-07,1.0160735541830945e-07,6.226916582363629e-08,7.045245808967593e-08,1.0000004768371582,1.166252232565057e-07
2.1935206007128727e-07,9.270459599974856e-08,-5.75605163533055e-08,-1.1779083308738336e-07,-8.415711505449508e-08,7.44667048024894e-08,1.815044186059822e-07,9.120820010366515e-08,-6.766236992916674e-08,-6.611381309085118e-08,0.9999991655349731,8.313504196166832e-08,-2.3032876939055313e-08,-1.873920751904734e-07,2.496889095482402e-08,-1.6164571547960804e-07
