2.335260091967939e-07,-3.2164024332814733e-08,6.754083159421498e-08,7.015217562411635e-08,1.0825438323536218e-08,-1.8019838421423628e-07,5.705485506268815e-08,-1.5616181769928517e-07,-6.77608511523431e-08,8.342296808905303e-08,1.0000005960464478,5.046729256719118e-08,3.135552049116086e-07,-1.8390483091934584e-07,3.402732673407627e-08,9.615855134370577e-08
1.763885109085095e-07,-1.1249996845208443e-07,4.0289290836881264e-07,1.5192101798788826e-08,1.0654103022034178e-07,-2.6096806493569602e-08,-5.494561250429797e-08,-5.335483521662354e-08,1.0180671949910902e-07,-6.982355671425466e-08,-4.4219973460712936e-08,-9.360312702710871e-08,4.1706687881060134e-08,2.2000828892032587e-07,0.9999999403953552,1.9500274106576398e-07
-2.349094359033188e-07,9.198573280855271e-08,4.07349443065641e-09,-8.526785677531734e-08,-9.880688622843081e-08,8.820626362648909e-08,2.1684167350599637e-08,7.252704392612941e-08,-7.973413573836297e-08,2.684022781807016e-09,2.1472489208917978e-07,1.0000008344650269,1.366961868143335e-07,-1.7049883638264873e-07,2.606132056826027e-07,3.3581613934074994e-07
1.4176830820389341e-09,9.020677538273958e-08,9.826568003745706e-08,2.2952105993567784e-08,2.610066474062478e-08,1.0526470362037799e-07,3.893530902132625e-07,-9.974649373134525e-08,3.098818268654213e-08,1.4756932387172128e-07,-2.0913348830475798e-09,1.0324829702312854e-07,0.9999999403953552,2.7159803295262464e-08,4.951597176727773e-08,-9.858746352620074e-08
-1.0344153622554586e-07,-5.4027577078841205e-08,3.4966657125323763e-08,1.5013421261755866e-07,6.85151988477628e-08,-1.412001751077696e-07,-7.66311458733071e-08,6.441414512892152e-08,-9.619991914178172e-08,1.0000020265579224,-2.517544714919495e-07,5.168268302213619e-08,-1.2161052609371836e-07,2.0555951607548195e-08,1.2442031049886282e-07,-3.1845768688754106e-08
-1.7589923118066508e-07,1.1059255911050059e-07,1.3895245842832082e-07,-6.9181549378072305e-09,1.2913987745832856e-07,3.930018621645104e-08,-2.7056259455093823e-07,1.0221849322533672e-07,-1.1992132620264329e-08,8.69004921355554e-08,6.356158621656505e-08,-4.944773124293533e-08,3.0289891128632007e-07,1.0000015497207642,5.1598220807136386e-08,9.809380685510405e-08
-2.665158831405279e-07,-9.834847247702783e-08,6.460220447479514e-08,-4.864283909000733e-08,3.364046392562159e-07,6.453708323306273e-08,-2.213509198156771e-08,-1.7897097848162957e-07,1.0000003576278687,-2.0681099499597622e-07,-9.80906804670667e-08,2.89292163557775e-08,1.0528240323992577e-07,-1.1308119240993619e-07,3.054798014545668e-08,7.807462765185846e-08
-1.626604984039659e-07,2.165616663774017e-08,2.500995890386548e-07,7.456844031139553e-08,0.9999982118606567,1.885870375417653e-07,1.0313611653600674e-07,-1.1968695901032333e-07,5.2003400696776225e-08,3.2152115636563394e-08,-1.077318003694927e-07,-4.7120409796264084e-09,-5.259812851932111e-08,-6.750563841251278e-08,1.6631699395475152e-07,-3.844644069772585e-08
-5.028646299365391e-08,8.59803677144555e-08,1.0000007152557373,6.442873257128667e-08,-1.1995878423931572e-07,-6.840707555966219e-08,5.1936904554850116e-08,-1.0408404449435693e-07,-1.390058557149132e-08,-1.1267414556925814e-08,-1.5247043450017372e-07,-9.904293563067768e-08,4.2240255737624466e-08,-2.5405840986536532e-08,-8.663914741191547e-08,1.0457902988036949e-07
-1.159234130909681e-07,6.088470883014452e-08,3.4346356869718875e-07,6.140002284382717e-08,-1.3754389271980472e-07,5.5813355714917634e-08,3.078190147220994e-08,2.564060253007483e-07,-4.533290507424681e-07,-8.029456211033903e-08,9.958441182789102e-08,-2.1645628578426113e-07,-1.0723581311822272e-07,8.974890874924313e-08,1.0125613414402324e-07,1.0000009536743164
0.9999983310699463,-7.496315390653763e-08,-6.419175235805596e-08,-8.13470322214016e-08,-5.301400207713414e-08,9.120241450943922e-09,1.3221088579484785e-07,-3.4905372814364455e-08,-9.927744315518794e-08,-1.748478695162703e-07,-2.87603825199767e-07,-2.5864656194585223e-08,-7.544993252395216e-08,1.1305724001431372e-07,8.084321478918355e-08,-7.629599707570378e-08
-3.566920980802024e-08,-1.1693166612758432e-07,-1.2042930563893606e-07,1.5980090495304466e-07,2.3149428329816146e-07,-6.018741949276318e-09,-1.7459197465541365e-07,0.9999975562095642,2.475464384588122e-07,2.1808872929796053e-08,-1.8617546970745025e-07,7.318029560110517e-08,3.8230645316161826e-08,-2.7630202126260883e-08,5.5977054103095725e-08,3.2956026529973315e-07
2.7703116245447745e-08,6.803603724847562e-08,7.918624866931623e-09,1.000001311302185,-4.659603902723575e-08,-2.7969797145033226e-08,5.13211340091857e-08,-3.828939654226815e-08,-7.820535330438361e-08,2.521211328598838e-08,-1.2254277237389033e-07,-2.8755215453202254e-07,7.47056816408076e-08,1.882692970411881e-07,1.4728082931014796e-07,2.2620075412760343e-07
-3.11967305322014e-08,2.1345550749174436e-07,-5.941362513084414e-09,1.2994334497307136e-07,-2.7255644408086255e-09,-5.370937117277208e-08,1.000001311302185,6.522925133367607e-08,1.9905893111626938e-07,-4.070283665669194e-09,7.281905567424474e-08,-1.2599350895925454e-07,1.4702685291467787e-07,-2.8867287937828223e-07,-3.6744789433384994e-09,9.796664812711242e-08
-2.7818759917863645e-07,1.0000011920928955,-1.2736195742490963e-07,-5.305628647533922e-08,1.1659721366186204e-07,-1.6517537915206049e-07,3.372480961161273e-08,-6.269762309329963e-08,1.536788403200262e-07,1.5792571161910018e-07,-4.47002435066679e-08,5.2168967812349365e-08,-5.6741921383718363e-08,-3.417111429371289e-07,1.0280493256686896e-07,-2.8707952992590435e-07
-6.413468867094707e-08,-7.64912968520548e-08,-4.599727176923807e-08,1.5374965300907206e-07,-1.1030421376290178e-07,0.9999982714653015,8.472102308587637e-08,1.9767009007409797e-07,2.566790868741009e-08,-5.58253105964468e-08,-1.3635866480399272e-07,1.990022013842463e-07,-5.951052628461184e-08,1.3524241282425464e-08,-1.2053985187776561e-07,9.855484250920199e-08
