0.02648448944091797,0.1072491705417633,0.1738392859697342,-0.17652684450149536,-0.038650352507829666,-0.13365396857261658,-0.12482161074876785,-0.2667308747768402,-0.058720678091049194,0.04346693679690361,0.36838504672050476,0.13067837059497833,0.22414429485797882,0.3676415681838989,0.43103617429733276,0.5394596457481384
0.035967860370874405,-0.4374808967113495,-0.4079412817955017,-0.023689894005656242,0.19483371078968048,0.19467245042324066,0.13423976302146912,0.26752153038978577,0.20434556901454926,0.13802015781402588,-0.1821010410785675,0.02992023155093193,0.19318787753582,-0.23972243070602417,0.1779957413673401,0.5035467147827148
0.500889241695404,0.08770285546779633,0.17518998682498932,0.0009638596675358713,-0.22194813191890717,-0.009591527283191681,-0.23286645114421844,0.14495247602462769,-0.5155941843986511,-0.13089053332805634,-0.4700445532798767,-0.05248234421014786,0.04883973300457001,-0.1601025015115738,0.0851743295788765,0.21022629737854004
-0.19135314226150513,0.08104304224252701,0.23495207726955414,-0.35416942834854126,0.17002169787883759,0.07311783730983734,-0.2575813829898834,0.14602157473564148,0.19221805036067963,-0.08809276670217514,-0.11044447124004364,-0.09784796833992004,-0.6732093691825867,-0.02343149669468403,-0.10445261746644974,0.3508598208427429
-0.2154596745967865,-0.2328076809644699,0.1534920036792755,-0.2725987732410431,-0.2556409239768982,0.26572760939598083,0.17902493476867676,0.1132592186331749,-0.21407932043075562,-0.5008745193481445,0.35757535696029663,-0.12253791093826294,0.04635469615459442,-0.35135936737060547,0.21828241646289825,-0.08852013945579529
-0.2533734440803528,0.2582399249076843,0.40976500511169434,-0.07737134397029877,-0.2651389539241791,0.16280494630336761,0.07316984236240387,-0.04155166447162628,0.26851576566696167,0.39665162563323975,-0.2052849680185318,-0.3295288681983948,0.36846432089805603,-0.2567785978317261,-0.036837585270404816,0.09006893634796143
0.35918089747428894,0.23024137318134308,0.3333513140678406,-0.09263142943382263,0.41398686170578003,0.2737763524055481,0.5129111409187317,0.20641060173511505,-0.0730573907494545,0.20716436207294464,0.14032718539237976,0.22714756429195404,-0.08826908469200134,-0.03464920073747635,0.10490040481090546,-0.08193683624267578
0.16663944721221924,-0.2538612484931946,0.06350298225879669,0.08095822483301163,-0.2195614129304886,-0.04986569285392761,0.11498907953500748,-0.6147770881652832,0.058147281408309937,0.2437213957309723,-0.009170899167656898,0.21985359489917755,-0.3835256099700928,-0.41959911584854126,0.14428545534610748,0.012589619494974613
0.3657701015472412,-0.2440958470106125,-0.049042798578739166,-0.2477833479642868,-0.17535100877285004,-0.23398658633232117,-0.15365628898143768,0.28895941376686096,-0.00011768274271162227,0.43720558285713196,0.4215465486049652,-0.3882152736186981,-0.09604046493768692,-0.005641169846057892,-0.0657472088932991,-0.13070419430732727
0.4196876585483551,0.12070608884096146,-0.0735822394490242,-0.1456954926252365,-0.1990603655576706,0.005448096431791782,0.08855541050434113,-0.020852142944931984,0.6352133750915527,-0.35350465774536133,-0.1756257712841034,-0.12325169891119003,-0.01657126657664776,0.1550961583852768,0.3218006491661072,-0.17981962859630585
0.025399331003427505,0.09739267081022263,-0.3795614540576935,-0.4409988522529602,-0.25543785095214844,0.31088122725486755,0.352611243724823,-0.26390671730041504,-0.2316049486398697,0.09082798659801483,-0.12454383075237274,-0.11731989681720734,-0.07491541653871536,0.3207031786441803,-0.29431647062301636,0.09588688611984253
-0.19881436228752136,-0.3100532293319702,0.24887146055698395,0.25910231471061707,-0.20289036631584167,-0.30329427123069763,0.49037232995033264,0.1946336179971695,-0.0919785276055336,0.03058650903403759,-0.22736093401908875,-0.1828153133392334,-0.22631952166557312,0.3732059597969055,0.18051926791667938,0.07853470742702484
-0.25247886776924133,0.2367568463087082,-0.25870728492736816,-0.008780037984251976,-0.2979698181152344,0.2032606303691864,-0.1780579537153244,0.29891616106033325,-0.09618448466062546,0.3225954473018646,-0.06879829615354538,0.28722912073135376,-0.20768819749355316,0.04574848338961601,0.5123375058174133,-0.23187941312789917
0.04876742884516716,0.5070756077766418,-0.3055339753627777,0.43600139021873474,-0.09352416545152664,-0.0695076584815979,0.2050645500421524,0.049842048436403275,-0.02439594641327858,-0.09889518469572067,0.2861146628856659,-0.32556387782096863,-0.211578831076622,-0.23899762332439423,0.014593929052352905,0.3140176832675934
0.06401940435171127,-0.1889611929655075,0.06519537419080734,0.33100682497024536,0.22481973469257355,0.5778272747993469,-0.23426565527915955,-0.23150835931301117,-0.08567945659160614,0.05800993740558624,0.018965134397149086,-0.4674500823020935,-0.09495113044977188,0.23800653219223022,0.2197500765323639,-0.09972336143255234
0.15092462301254272,-0.125885471701622,0.18025220930576324,0.3216076195240021,-0.44974589347839355,0.37523153424263,-0.08503104746341705,0.207248717546463,0.20633305609226227,-0.03362298756837845,0.21332979202270508,0.3550677001476288,-0.02820269763469696,0.18016216158866882,-0.3813849985599518,0.19546018540859222
