0.26245155930519104,-0.4250504672527313,0.24424980580806732,-0.1720948964357376,-0.4177742898464203,-0.006362235639244318,0.10228889435529709,-0.07922326028347015,-0.45512789487838745,-0.10745129734277725,-0.027815885841846466,-0.4116823375225067,-0.1712035983800888,-0.00784907303750515,0.21348914504051208,0.07725545018911362
0.0126105435192585,0.26704373955726624,-0.28415289521217346,-0.3704637587070465,-0.29440414905548096,-0.02980952337384224,-0.3170834481716156,-0.01621106080710888,-0.4634266495704651,-0.19031204283237457,0.09915203601121902,0.46188294887542725,0.001691015437245369,0.21174748241901398,-0.05517955124378204,-0.011861730366945267
0.3508036434650421,-0.15510720014572144,0.21734516322612762,0.3602244555950165,-0.03552388772368431,0.05944892764091492,-0.571391224861145,0.0024088011123239994,-0.031093571335077286,0.3729068338871002,0.1269383728504181,0.01981346495449543,0.0927729457616806,0.31358471512794495,-0.1395077258348465,-0.24829590320587158
-0.1566823124885559,-0.0011258439626544714,-0.31535446643829346,0.13250434398651123,-0.02992282062768936,-0.21008770167827606,-0.3154425024986267,0.3662587106227875,-0.123467817902565,-0.06086505204439163,0.10401929914951324,-0.35776060819625854,0.5309367179870605,-0.21169769763946533,0.2942400574684143,0.09334923326969147
-0.48597100377082825,-0.24836000800132751,0.21225710213184357,-0.4470968246459961,0.08671146631240845,0.29579392075538635,-0.07135727256536484,0.30934277176856995,-0.0041053397580981255,0.07551608234643936,-0.07294410467147827,-0.07283474504947662,0.09406795352697372,0.1372225284576416,-0.04510355740785599,-0.4640524387359619
0.5297355055809021,-0.19281253218650818,-0.10257037729024887,-0.13698342442512512,0.12010245770215988,-0.23299038410186768,0.2500990629196167,0.4367722272872925,0.1649223417043686,-0.26474249362945557,-0.2573871314525604,0.14468416571617126,0.2161162793636322,0.2790037989616394,-0.061857666820287704,-0.13433769345283508
0.08422817289829254,0.5318235158920288,0.26764699816703796,0.09752419590950012,-0.36538538336753845,0.3218700885772705,0.00970218051224947,-0.012681878171861172,0.1965589076280594,-0.1481514275074005,-0.3436072766780853,-0.08034820109605789,0.19398100674152374,0.12459738552570343,0.36709684133529663,-0.13617220520973206
-0.12371307611465454,0.04782926291227341,0.26661545038223267,-0.014525922946631908,-0.019577570259571075,-0.17844761908054352,-0.3241107761859894,0.4891856908798218,0.05746828392148018,0.0873144119977951,-0.3537481129169464,0.0996570736169815,-0.42530307173728943,-0.031695201992988586,0.02993258647620678,0.4536035656929016
-0.08876706659793854,-0.32942163944244385,-0.33178889751434326,0.37446850538253784,-0.12237340211868286,0.6365368962287903,0.14658628404140472,0.19986923038959503,-0.1021452471613884,-0.016460828483104706,-0.08882983773946762,0.22678837180137634,0.004456448834389448,0.11628396809101105,0.031959984451532364,0.25905945897102356
0.061562929302453995,0.199937105178833,-0.3346410393714905,0.102192223072052,0.12240103632211685,-0.1040424257516861,0.22158598899841309,0.17128552496433258,-0.2753118872642517,0.46463069319725037,-0.1338208168745041,-0.04501059278845787,-0.36740314960479736,0.027909155935049057,0.36885932087898254,-0.3822673261165619
0.15836201608181,0.04301189258694649,0.022503027692437172,-0.4347279369831085,-0.010396239347755909,0.11999860405921936,0.13911454379558563,0.02911876142024994,0.19699816405773163,0.532902717590332,0.3022359609603882,0.03235675394535065,0.212819442152977,0.205919086933136,0.2568111717700958,0.42430251836776733
0.02309001237154007,-0.33814677596092224,-0.12681174278259277,-0.06526239216327667,-0.41857555508613586,-0.12581144273281097,-0.13570773601531982,-0.057633332908153534,0.4456177353858948,0.05837008357048035,0.047217439860105515,0.3669407367706299,-0.09949880093336105,-0.39656147360801697,0.29724985361099243,-0.24007457494735718
-0.07063886523246765,0.04894760251045227,0.18263143301010132,0.17534328997135162,0.08610682189464569,-0.02155173197388649,0.05653524398803711,0.24679966270923615,0.09509354084730148,-0.37810268998146057,0.6579937934875488,0.04497675597667694,-0.28671881556510925,0.26317906379699707,0.33734139800071716,-0.06538799405097961
-0.3841029107570648,-0.013415291905403137,0.010177360847592354,0.22707030177116394,-0.5175356268882751,-0.41625142097473145,0.3139890134334564,0.04744332283735275,0.05758972093462944,0.18642111122608185,0.021319624036550522,-0.009648703038692474,0.10756266862154007,0.38750916719436646,-0.24145619571208954,0.004471761640161276
0.19559729099273682,0.23517030477523804,0.2274583876132965,0.0418756864964962,-0.21811774373054504,0.14697960019111633,0.23291879892349243,0.4308665692806244,-0.16541913151741028,0.138809934258461,0.28967106342315674,0.09218093752861023,0.07114117592573166,-0.5060051083564758,-0.36616742610931396,-0.09823763370513916
-0.12687624990940094,-0.1319493055343628,0.4367702305316925,0.17164139449596405,0.2295566350221634,-0.1805931031703949,0.16070488095283508,-0.10545606166124344,-0.3597114682197571,0.05982261151075363,-0.10485804826021194,0.49639296531677246,0.3421745300292969,-0.09650722146034241,0.3259682059288025,0.03129960596561432
