-0.15361173450946808,-0.2848006784915924,-0.38848137855529785,0.26193976402282715,0.49751806259155273,-0.28532013297080994,0.41758081316947937,-0.41527852416038513
-0.20649991929531097,0.6429535746574402,0.03042026236653328,-0.43683964014053345,0.27172067761421204,-0.5064373016357422,0.10187249630689621,0.10736604779958725
0.348214715719223,-0.15573056042194366,0.5960785746574402,0.27658507227897644,-0.0953294113278389,-0.6289277076721191,-0.04058930277824402,-0.1280730664730072
-0.026561373844742775,0.2821173667907715,-0.18115583062171936,0.11298073083162308,-0.7332003712654114,-0.07953088730573654,0.5206783413887024,-0.2431165874004364
0.14086395502090454,-0.565976619720459,-0.26177263259887695,-0.5957370400428772,-0.2248799204826355,-0.3194582760334015,0.11132422089576721,0.2671752870082855
-0.06158985570073128,-0.10043326020240784,0.44874653220176697,0.0018445089226588607,0.1849089115858078,0.25563254952430725,0.7072564363479614,0.43010449409484863
-0.8864966630935669,-0.2476220726966858,0.20629000663757324,0.09575871378183365,-0.21518467366695404,-0.15977409482002258,-0.16229453682899475,0.053938817232847214
0.04784432798624039,0.0996209904551506,-0.38415512442588806,0.535929262638092,-0.03008231148123741,-0.2594412863254547,-0.059565696865320206,0.6937059164047241
