0.016588930040597916,0.14025183022022247,-0.33931028842926025,-0.2538631558418274,-0.24312247335910797,0.3707950711250305,-0.13088759779930115,-0.7659921050071716
0.046917855739593506,0.19613544642925262,-0.5645328164100647,0.31859004497528076,-0.3568874001502991,-0.5850611329078674,0.26146796345710754,-0.03320297598838806
-0.3327958583831787,0.0703456699848175,-0.09278431534767151,-0.06129281595349312,-0.6479678750038147,0.22677987813949585,-0.43762099742889404,0.45730412006378174
-0.24732615053653717,0.6831309199333191,0.014011014252901077,-0.14712785184383392,0.07749012112617493,0.3075692653656006,0.5596965551376343,0.19093045592308044
-0.028622416779398918,-0.21426568925380707,0.37155064940452576,-0.6159524917602539,-0.42819494009017944,-0.3424929082393646,0.35620442032814026,-0.09104850888252258
-0.07809716463088989,-0.6315253973007202,-0.4365549087524414,-0.01687631942331791,-0.0030899776611477137,0.39152997732162476,0.4621494710445404,0.19319090247154236
0.9042410850524902,0.14130957424640656,-0.03769619017839432,-0.11853252351284027,-0.1936037838459015,0.20530445873737335,0.022727349773049355,0.2583862543106079
0.032153159379959106,-0.07443729043006897,0.4767758250236511,0.6441411972045898,-0.4084246754646301,0.24786798655986786,0.26220107078552246,-0.23279418051242828
