0.9999975562095642,-9.010283719135259e-08,-1.5900312178018794e-08,-1.7244060757093393e-07,-1.927607371499107e-07,1.9628618019851274e-07,5.982391826364619e-08,-5.1447379689761874e-08
-4.3423067808134874e-08,-1.0119601512315057e-07,-9.713101434272176e-08,-2.0448876369982827e-08,1.988056226309709e-07,1.0,-2.487074937107536e-07,5.6189445984955455e-08
-1.0620432533414714e-07,4.8574960942460166e-08,1.0000027418136597,-2.299437973363183e-08,1.990749467495334e-07,-1.5926200802596213e-08,-2.1033580210882974e-08,9.331363060027797e-08
-4.2668478528185005e-08,4.7616218523671705e-08,-7.313903438443958e-08,1.0000020265579224,-4.2279356904373344e-08,3.831051031966126e-08,9.353980345849777e-08,-2.0536944589366612e-07
8.2340207541165e-08,-7.420492664778067e-08,-1.2433203266937198e-07,7.094198650747785e-08,-1.1390249454734658e-07,-8.716987309753677e-08,-8.424282782470982e-08,0.9999975562095642
9.059257877197524e-08,6.30446450600175e-08,9.017629309937547e-08,1.1185256454382397e-07,1.2811520377908892e-07,-1.9417239371932737e-08,0.9999982118606567,-8.532688156037693e-08
1.685480732760425e-08,0.999997615814209,2.2872688631991878e-08,-1.0818624218700279e-07,2.6989100732066618e-08,4.530950548087276e-08,-2.0629597941024258e-07,1.632644064386568e-08
-1.1344270944846357e-07,-1.5613387915891508e-08,9.449706794839585e-08,3.543413118478611e-09,1.0000015497207642,7.214756436724201e-08,1.1999706828191847e-07,1.443794772626461e-08
