0.09722699970006943,0.286381334066391,0.26263707876205444,0.2704531252384186,-0.6427430510520935,0.2652096748352051,-0.3977828323841095,0.3531610369682312
0.20339538156986237,0.498494416475296,-0.08983362466096878,-0.28159981966018677,0.23416319489479065,-0.41309037804603577,0.06102318316698074,0.6273468136787415
0.8672293424606323,-0.020458487793803215,0.28959259390830994,-0.04961654543876648,0.17806504666805267,0.2994779348373413,0.15149325132369995,-0.12971779704093933
-0.23240990936756134,0.21061211824417114,0.5133763551712036,0.06903921067714691,0.5873360633850098,0.06868890672922134,-0.5209061503410339,-0.11082940548658371
0.01110643520951271,0.6695915460586548,-0.5208033919334412,0.008068078197538853,0.052953269332647324,0.34588560461997986,-0.0574934221804142,-0.39303380250930786
-0.2630269527435303,0.2582907974720001,0.47171497344970703,-0.6267256140708923,-0.27028244733810425,0.11860295385122299,0.3547738194465637,-0.18926137685775757
-0.2633053958415985,-0.0739280954003334,-0.036710161715745926,0.11771911382675171,0.28189200162887573,0.6719797849655151,0.36854666471481323,0.49310755729675293
0.06664274632930756,-0.3227708339691162,-0.2836083471775055,-0.6585003137588501,-0.007675102446228266,0.2817017138004303,-0.5279733538627625,0.13838976621627808
