-3.0064282441344403e-07,-4.047688761943391e-08,5.402586467084802e-08,2.8696506504388708e-08,2.154430633893867e-09,-8.160198916584704e-08,0.999998152256012,1.0971864128350717e-07
-3.1721022253350384e-08,2.1292557050855976e-07,-6.799998431006316e-08,1.0000025033950806,-6.491109871831213e-08,-2.3690464701076053e-08,-1.1942513822305045e-07,2.1213573120348883e-07
-6.529800344878822e-08,9.837271619517196e-08,-2.7014966264005125e-08,4.801005957233428e-07,-6.886984493803538e-08,1.0000020265579224,4.340210413289469e-09,-8.707518617256937e-08
1.0000020265579224,-8.89135378656647e-08,-2.0287960467157973e-07,-2.433454255879042e-07,-8.4839300029671e-09,-3.087697564296832e-07,2.122826430195346e-07,-1.3137116638972657e-07
2.4682917043605812e-08,1.4305380879875429e-08,1.0000017881393433,4.9932900481053366e-08,-1.54488546399989e-07,6.517986861354075e-08,-1.0814606099529556e-07,2.151365094960056e-07
-9.808790224496988e-08,2.2038520341993717e-07,-7.254542566670352e-08,-9.172881476615657e-08,-1.21828648502742e-07,-6.988377521111033e-08,-9.976359294228132e-09,1.0000027418136597
-1.0827565688487084e-07,0.9999976754188538,3.6947760406746966e-08,6.890674342230341e-08,6.170419197815136e-08,7.92307730534958e-08,-9.353587415716902e-08,2.0996374416881736e-07
-5.455428464529177e-08,-2.689633404884262e-09,6.750924796961044e-08,6.740266655924643e-08,1.0,1.6635580024626506e-08,-8.93731382234364e-08,5.082339882278575e-08
