1.633051311955569e-07,4.286327381919364e-08,-7.406773505636011e-08,0.999998152256012,1.6658509593980853e-07,-6.103068272977907e-08,-8.561961095665538e-08,-1.8482346320070064e-07,-8.618853541975113e-08,1.6960399307208718e-08,8.661093175987844e-08,-8.140487750551983e-08,2.258505382712883e-08,1.3474743809638312e-07,-2.6806361574926996e-07,1.0254548499233351e-07
-7.86738709734891e-08,2.280417632505305e-08,9.580725190971862e-08,3.8523193524042654e-08,-8.436963128133357e-08,9.831368430468501e-08,-1.0227152458242017e-08,0.999998152256012,-2.4742409010514166e-08,-3.501478929024415e-08,3.2139467975866864e-07,2.2620154993546748e-07,-2.5670670922295358e-08,3.3984267844289207e-08,2.3136800564316218e-07,2.134043199930602e-07
-1.328310759163287e-07,-5.549105619451211e-09,-2.9706086479563965e-08,-1.2219595646456582e-07,0.9999977946281433,4.5604842568991444e-08,-1.6815791070712294e-07,-3.7848775491511333e-07,-5.33699413551858e-08,5.5132101550725565e-08,5.5491376826921623e-08,3.943526749594639e-08,-3.8041946481826017e-08,-1.2556813366870756e-08,-9.319272464836104e-08,6.594483181743271e-08
-3.4852973840315826e-07,6.722398637748483e-08,-3.2758816104205835e-08,7.062207885155658e-08,7.088636522212255e-08,-1.838173915302832e-07,0.9999988079071045,1.0833514352270868e-07,7.225818166034514e-08,-2.081569361322977e-09,3.598200848387023e-08,-5.757376442261375e-08,1.1122693877041456e-07,-1.723051212820792e-07,-7.703879845166739e-08,-2.0822741930714983e-07
-1.9659512418002123e-07,-6.7540057102633e-08,9.350303642463587e-09,1.589723268580201e-07,4.263693824668735e-07,1.1392834409207353e-07,-4.392318331269962e-08,-5.097261635000905e-08,-1.581937283390289e-07,1.278790620062864e-07,-1.0140935557956254e-07,1.0819481133239606e-07,1.0000003576278687,1.4403372006199788e-07,3.2062345667327463e-07,-4.442235024271213e-08
6.194082402544154e-08,4.7874340936004955e-08,1.0000011920928955,-1.8002364754465816e-07,1.5629264282779332e-07,1.0597961619396301e-08,3.375384949322324e-08,-8.463332790142886e-08,-1.5523875163125922e-07,1.2277271821403701e-07,9.20121294711862e-08,-1.9667972139814083e-08,-3.292257417797373e-07,-1.6275376424346177e-07,2.252446051898005e-08,1.695896116871154e-07
7.933960688433217e-08,-1.180550146528958e-08,-8.930730643896823e-08,-2.487765584646695e-07,1.491883239168601e-08,-7.434654492044501e-08,-3.518678681757592e-09,-1.548335504253373e-08,6.900621185579325e-10,-7.48358601754262e-08,9.884558060946347e-09,3.1215080298352404e-08,-2.592709051896236e-07,8.890200575706331e-08,1.000001072883606,-8.045269339618244e-09
-8.961929154338577e-08,0.9999991655349731,-1.213222589058205e-07,7.50280975125861e-08,1.598470333874502e-08,-4.168055411923888e-08,1.2426277784527429e-08,-1.6667466695707844e-07,6.076991354575512e-08,1.180200328576575e-07,-6.57917951230047e-08,-1.7016699871419405e-07,2.4457102654196206e-07,-1.0674630956941655e-08,1.8296174175702618e-07,-6.715642797416876e-08
1.2139108207520621e-07,-5.7822656884809476e-08,-1.4156896099848382e-07,1.7026838605715966e-08,4.7014967918812545e-08,-6.141874564491445e-08,5.8318804008195e-08,1.2675459970523661e-07,-2.874391782370367e-07,1.1792854337500103e-07,1.2409948624281242e-07,6.749478131951037e-08,-9.869826556041517e-08,1.0000007152557373,2.948296007332374e-08,-2.9022206859963262e-08
-9.756011110084728e-08,-9.136125811437523e-08,7.404653246112503e-08,1.9527944061792368e-07,8.63701856701482e-08,7.203109220199622e-08,-2.344547311849965e-07,-1.9337028334120987e-07,3.547061169228982e-07,0.999998152256012,-3.406039894571222e-08,8.735977985452337e-08,-8.67222335609874e-11,1.6828560944759374e-07,-5.290677762559426e-08,1.190096288183895e-08
-9.218268814947805e-08,1.7664694951236015e-07,-2.2519442310908744e-08,9.319345650737887e-08,-5.5790962960600154e-08,-7.035298210666951e-08,1.1577868974654848e-07,4.0773883824840595e-08,1.4437908646414144e-07,-1.3049969993517152e-07,-1.22774764577116e-07,-1.8338596419198439e-07,-9.19985723157879e-08,-8.585872990352073e-08,-4.8413483000331325e-08,1.0000020265579224
8.98562859674712e-08,1.5642277162442042e-07,-8.578476951015546e-08,1.2590770381848415e-07,2.1010788486819365e-07,-2.216812475808183e-07,-4.6637811834671083e-08,6.65467236871109e-09,1.0000008344650269,-7.577722271889797e-08,1.2749471522965905e-07,5.371609290705237e-08,1.2164991236573997e-09,1.9546624230315501e-07,-1.355260081936649e-07,-1.0829617025365224e-07
5.958236570791087e-08,6.63873080952726e-08,-2.0361952124403615e-07,1.6754590603795805e-07,-8.383740812689666e-09,-2.6211546710896982e-08,3.833997652691323e-08,5.526311497305869e-08,2.3520900072071527e-07,-1.2195131660064362e-07,0.9999982714653015,-1.2571437935093854e-07,4.147407750565435e-08,1.5114463280951895e-07,-1.1354802609275794e-07,-2.6047845835819317e-07
1.0000019073486328,6.839869115538022e-08,-1.6834459870551655e-07,3.3163618695652985e-07,4.882451776211383e-08,8.281072894078534e-08,-2.400394123469596e-07,-2.4495477646269137e-07,8.009835994471359e-08,1.4220468358416838e-07,-9.654988275542564e-08,-2.0039941261984495e-08,-6.94547637181131e-08,1.1090602214380851e-07,-1.555752504600605e-07,4.426101440913044e-08
-8.35341325000627e-08,5.404609382253511e-08,4.185087831842793e-08,8.726716060891704e-08,-3.248781865750061e-07,1.0000004768371582,-5.613214426603008e-08,-4.414085097437237e-08,-5.486110410402034e-08,4.226642147386883e-07,5.057306040612275e-08,1.2219371292587766e-08,-6.741210256677732e-08,1.485030196590742e-07,-3.287957639486194e-08,3.671318609121954e-07
3.503016046124685e-07,-6.600400581646682e-08,2.724085135241694e-08,1.111799576847261e-07,6.222548876166911e-08,6.237321059643364e-08,-2.348555767639482e-07,-1.23922518469044e-07,-1.7471050384187947e-08,-9.306014447929556e-08,-4.3070642163911543e-08,1.0000020265579224,2.8421219155916333e-08,-1.5239555750667932e-07,-2.3057641129753392e-08,8.083522118340625e-08
