8.936722650787488e-08,-6.325797130557476e-08,-1.058729495184707e-07,-2.7683719849846966e-07,-3.5828830391437805e-07,1.000001072883606,-2.2109432507022575e-07,2.0036689818425657e-07
2.4725054004193225e-07,0.9999985694885254,-1.102576963063484e-08,-1.7745735192420398e-07,-2.0769749653481995e-07,4.7076107989596494e-07,3.636526457739819e-08,1.7724387291195853e-08
-1.9142818530326622e-07,5.868391994567901e-08,-2.1980729059123405e-07,-1.2928195758377115e-07,1.000000238418579,1.8856610495276982e-07,4.615258575313419e-08,2.0678669443441322e-07
2.14251123509257e-08,3.785157076663381e-08,0.9999993443489075,-9.689617996855304e-08,-1.4050723962100164e-07,-1.3653536257152155e-07,-6.348765424490921e-08,4.250506435710122e-08
0.9999975562095642,1.0682825291041809e-07,-9.112849852499494e-08,-6.057707224726983e-08,1.4174884199746884e-07,-1.6273619962703378e-07,-5.301513894551135e-08,-2.4101774442897295e-07
-5.358058174920188e-08,1.5964324973083421e-07,-4.1461003519316364e-08,0.999998152256012,-1.0147312679009701e-07,-6.660130935642883e-08,-8.144290575273772e-08,-1.0324160371055768e-07
-1.7093316273530945e-07,1.1020256351912394e-07,8.022474418112324e-08,4.2235967612214154e-08,-1.4874351528249008e-08,1.0820174978221075e-08,-7.491488673849744e-08,1.000001311302185
-9.173297854658813e-08,-4.662952335365844e-08,-3.6792357605008874e-08,-5.488709220458077e-08,1.9041898724481143e-07,-8.259544870270474e-08,0.999999463558197,9.555380842130035e-08
