-0.06561043858528137,0.2994531989097595,-0.7430174350738525,0.388571560382843,-0.3251001834869385,-0.2799924910068512,0.02758524753153324,-0.13458502292633057
-0.49506229162216187,-0.060274045914411545,0.27338650822639465,0.6331803798675537,-0.06658472865819931,0.40340328216552734,0.2627589702606201,-0.19853074848651886
-0.01275708619505167,0.2943718135356903,-0.13496410846710205,-0.21999163925647736,-0.02927912399172783,0.23323559761047363,0.7312573790550232,0.5065359473228455
-0.1805686205625534,0.18895041942596436,-0.1605861932039261,0.22922824323177338,0.31779155135154724,0.26752620935440063,-0.5428939461708069,0.6213407516479492
-0.14866678416728973,-0.0037930049002170563,0.01748521439731121,0.1987207978963852,0.7364173531532288,-0.5659920573234558,0.27462083101272583,-0.00385088543407619
0.4143378436565399,0.2111043632030487,0.4901340901851654,0.4350578784942627,-0.32182547450065613,-0.36083316802978516,0.005389233119785786,0.34705957770347595
-0.6148443818092346,-0.381075382232666,0.05311466380953789,-0.1910593956708908,-0.37497401237487793,-0.4096005856990814,-0.03688950091600418,0.35732993483543396
-0.3821386396884918,0.7710644006729126,0.29295504093170166,-0.28615671396255493,-0.03923078998923302,-0.12075412273406982,-0.15466561913490295,-0.22733193635940552
