-1.491071444092995e-08,-2.0622452723273454e-07,1.8082336339375615e-07,2.7577013383961457e-07,0.9999992251396179,1.3433889023417578e-07,-9.764200825657099e-08,-3.5491375172114203e-08
6.015434195205671e-08,2.4280603838633397e-07,-2.951442183984909e-07,3.1559068247588584e-08,-1.6602929520104226e-07,1.3682073074505752e-07,0.9999975562095642,-3.418923313347477e-07
-8.320719757648476e-08,-2.1270675887308244e-08,2.2818145595238093e-08,-7.670225699030198e-08,-2.048192015990935e-08,7.563386361653102e-09,9.882972307195814e-08,0.9999978542327881
3.2804263128127786e-07,-1.5148431486977643e-07,2.2605945559917018e-07,1.1143360012511039e-07,6.174703770511769e-08,1.0000019073486328,4.89078786358732e-08,2.1359696233957948e-07
7.160452497601e-08,1.000001311302185,2.2810726818534022e-07,7.282463343472045e-08,1.3378010521591932e-07,-6.373863925546175e-08,-1.0403356753840853e-07,-7.683772196287464e-08
-9.933755507063324e-08,-1.6481023124015337e-07,1.0000007152557373,1.929127364519445e-07,-9.797427225066713e-08,6.284722786631392e-08,-1.1581911252278587e-07,-4.1306806863872225e-09
1.0000017881393433,-8.545890750610852e-08,-9.351641239163655e-08,-4.99536589870786e-08,3.288519394573086e-07,-1.5318546786602383e-07,2.9735474527115002e-08,4.498657446561083e-08
-5.60839268359814e-08,1.81973220492182e-07,1.576706942785222e-08,0.9999993443489075,1.3958826627913368e-07,-9.741338402591282e-08,3.532757020252575e-08,2.4916678853514895e-07
