0.9999977946281433,-5.357642152148401e-08,1.2187103948235745e-07,-1.7911425231886824e-07,-4.213618609583136e-08,1.402430171992819e-07,1.3459690251238499e-07,1.0148592366476805e-07,1.1658709553330482e-07,-2.601445032723859e-07,9.93159261497567e-08,-1.1894503870735207e-07,-1.918735961226048e-07,-2.1542930994655762e-08,-1.3161923995141933e-08,9.529325240009712e-08
-9.351195018325598e-08,-8.178621158094757e-08,6.20205184986844e-08,-4.044289170224147e-08,1.0000019073486328,-2.9235355469836577e-08,-9.47702574194409e-08,2.6799670038712975e-08,8.850381050251599e-08,-7.980074201441312e-08,1.1020555490404149e-07,4.6842732359664296e-08,4.6974841438895965e-07,2.19246089727676e-07,-8.601301892952051e-09,-1.2663537063417607e-07
-7.917703470639026e-08,1.000002145767212,2.0992194649238627e-08,1.9017406316379493e-08,-1.8571786597476603e-07,4.333562486635856e-08,1.0467404365499533e-07,-5.2920501758535465e-08,-4.0186318273072175e-08,-3.195356725882448e-07,-2.3415761063461105e-07,-5.899818944499202e-08,-7.527896883630092e-08,1.5575224665553833e-07,-4.891235150239481e-08,-1.4431570605211164e-08
-7.796442957896943e-08,2.0187709282026844e-09,5.260386792826921e-09,1.457289897643932e-07,6.73781528348627e-08,8.8235807993442e-08,-5.195708752125938e-08,9.027139924455696e-09,4.009966136919729e-09,-5.1469588591146476e-09,1.1338001826288746e-07,4.0829738168213225e-07,-1.0105122072445738e-07,8.233165260662645e-08,0.9999979734420776,-2.5565964278939646e-07
-1.6314352535573562e-08,3.92809829108387e-09,-4.938879172300403e-08,0.9999989867210388,5.602029951035092e-09,-5.7059391878055976e-08,-2.712723023989838e-08,4.077331539065199e-08,-4.7163858596377395e-08,-1.6673149616508454e-07,-1.2193295617635158e-07,-2.1668536476227018e-07,-1.1839477309649737e-07,-2.2847748937238066e-07,-9.68837525761046e-08,-8.082204772108526e-08
4.0075556739793683e-07,-2.7249301481901966e-08,9.682871393579262e-08,5.513036072102295e-08,2.391684361668922e-08,4.322494007169553e-08,5.623847698643658e-08,8.964032360836427e-08,-2.1324207466477674e-07,-7.045354522006164e-08,-7.962958648022322e-08,1.1686726253401503e-07,1.7700504884032853e-07,1.0000014305114746,-5.695194715826801e-08,2.301340771282412e-07
-1.532487203803612e-07,1.6833477900490834e-07,-1.1533074228964324e-07,-8.246107796594515e-08,-9.075051821128e-08,1.2013940420274594e-07,2.531429998953172e-08,4.953654197947799e-08,0.9999988675117493,2.511337413579895e-07,1.3228481066107634e-07,8.886323854540024e-08,2.2017103162852436e-07,1.3543549925998377e-07,6.766640581190586e-08,-7.455729900129882e-08
6.830921961409331e-08,-7.990817607606004e-08,-1.293885816266993e-07,-4.025989497336013e-08,-3.096497280807853e-08,-1.3446786795157095e-07,-9.700558933900538e-08,1.0369632974516207e-07,-8.203288359709404e-08,6.302554567128027e-08,3.83002642934116e-08,0.9999985694885254,-5.962786531199527e-08,8.453913125094914e-08,-1.2630199108798479e-09,-6.247921646718169e-08
-7.836251825210638e-08,9.390110733420443e-08,-2.1462454924403573e-07,-1.4730059838541365e-08,1.0257733862317764e-07,-5.444485751127104e-09,1.792964070546077e-07,-6.40212292069009e-08,7.395722434466734e-08,1.0000019073486328,1.0620008339401465e-07,-3.5114285878989904e-07,-9.306624093596838e-08,-6.733138491199497e-08,-8.270114193464906e-08,-1.2937780979882518e-07
-5.171743282517127e-07,-3.4713657726115343e-08,0.9999992251396179,9.49394074467591e-09,-1.5239425721347288e-08,4.791229812894926e-08,1.9084797031609924e-07,7.181601802130899e-08,-1.577995192292292e-07,1.622821912405925e-07,3.128199921320629e-08,-1.103668196833496e-07,-3.609632699408394e-07,-7.149562009090005e-08,-5.0004640428369385e-09,2.8916321781480292e-08
-7.646826816198882e-08,-3.062666564801475e-08,-8.903468540211179e-08,1.1793189003128646e-07,9.038024018082069e-08,2.279205659760919e-07,-9.005894696656469e-08,-9.603018469306335e-08,1.924845918210849e-07,1.1489641593698252e-07,7.02268607710721e-08,1.4972226836107438e-07,1.000002145767212,2.658983646597335e-07,2.9997675454751516e-08,1.5473146675049065e-07
2.3810135019175505e-07,1.1494471152673214e-07,-3.8638384580735874e-07,-1.4310822393781564e-07,6.772012284272932e-08,1.5781674278514402e-07,-3.7000063457526267e-07,1.0000014305114746,7.728904449777474e-08,8.14824758776922e-08,2.9357602571167263e-08,-3.819370064661598e-08,-7.668473500643813e-08,-4.5821114014188424e-08,-7.048649308671884e-08,6.342956737626082e-08
2.8022084208600972e-08,-1.4342745657813794e-08,-1.4167021333832963e-08,8.273843121742175e-08,-2.569630908055842e-07,4.0252221111813924e-08,-5.179629170015687e-08,4.2252329990333237e-07,-1.0022605856363498e-08,1.5550904564065604e-08,0.9999995231628418,-6.746412850588968e-08,1.76420282826939e-08,2.8507511729003454e-07,-1.678517413949976e-08,8.627200287492087e-08
-5.83275685528406e-08,-6.979000488627207e-08,1.5492632954305918e-08,-2.2240756436531228e-07,1.5295250932467752e-07,-7.363638587776222e-08,-1.440369032934541e-07,-3.52489308852455e-08,1.060424281718042e-07,9.602561590327241e-08,-3.5914968776751266e-08,7.12321508444802e-08,1.4964949457407783e-07,-1.6267540203784847e-08,-6.093120230588056e-09,1.0000014305114746
-6.196778912226364e-08,1.0588461218929979e-09,1.5128271968478657e-07,7.778660915391811e-08,4.36423981398093e-08,1.3133606557858002e-07,1.0000019073486328,7.324911166506354e-08,-5.934704105925448e-08,2.347379002287653e-08,7.80603102157329e-08,-9.476645601580458e-08,-1.419774298128118e-09,9.015639079734683e-08,1.0078356815768075e-08,8.722809696770639e-10
-2.919032624504325e-07,1.1621310136433749e-07,1.275932817179637e-07,1.4169275175390794e-07,1.939084093294241e-08,1.0000003576278687,-7.79099522674187e-08,5.506687550393963e-09,6.213529246679173e-08,-4.390710017787569e-08,-6.668077645599624e-09,-6.083983805638127e-08,1.7986588218832367e-08,-1.2288859352338477e-07,-1.0125239668923314e-07,9.173666626338672e-08
