-0.2107013314962387,0.6585022807121277,0.017331968992948532,-0.06288506835699081,-0.5582354068756104,0.33665046095848083,-0.1603066325187683,-0.25897181034088135
-0.4893682599067688,-0.242222860455513,-0.389562726020813,-0.42723819613456726,0.12917695939540863,0.04161935672163963,-0.5908747315406799,0.0013244388392195106
0.05972485989332199,0.2682685852050781,0.44318723678588867,-0.29828205704689026,0.4292456805706024,-0.35564124584198,-0.16839121282100677,-0.5477134585380554
0.12111952900886536,0.11684080213308334,-0.5088290572166443,0.5782097578048706,0.3629445731639862,0.17590467631816864,-0.14007532596588135,-0.44289061427116394
-0.5371598601341248,0.18891505897045135,0.022411206737160683,0.46350690722465515,-0.08358354866504669,-0.6498507857322693,-0.046145979315042496,0.17031101882457733
-0.1335117518901825,-0.5270819067955017,0.5198205709457397,0.3754839301109314,-0.2377585619688034,0.22132961452007294,-0.32459890842437744,-0.286842405796051
0.4593389332294464,-0.19776973128318787,-0.30702096223831177,-0.09424704313278198,-0.5308901071548462,-0.5060840845108032,-0.18111853301525116,-0.27564916014671326
-0.424884557723999,-0.26356634497642517,-0.16625438630580902,-0.1597026288509369,-0.10170941799879074,-0.009824221022427082,0.6609781980514526,-0.499523788690567
