0.17455263435840607,-0.12877042591571808,-0.17054058611392975,-0.2572668790817261,0.4804873466491699,0.034532975405454636,-0.7586138844490051,0.2238786518573761
0.16861049830913544,0.005751308053731918,0.27755850553512573,0.0885501503944397,0.2087143510580063,0.805767834186554,-0.015581062063574791,-0.43999338150024414
0.6641451120376587,-0.1427510678768158,0.4535008370876312,-0.3593463599681854,-0.05624440684914589,-0.03915238380432129,0.2653920650482178,0.35862302780151367
0.5337969660758972,-0.4281221628189087,-0.5685310959815979,0.41987913846969604,-0.023245060816407204,-0.016378190368413925,0.12979502975940704,-0.12079494446516037
-0.09883832186460495,-0.6003043055534363,0.4142284691333771,0.08792740106582642,-0.42270317673683167,-0.1784345954656601,-0.4021974205970764,-0.2797613739967346
-0.04260094463825226,-0.036129213869571686,0.4285896420478821,0.6519483923912048,0.5373606085777283,-0.2462315410375595,0.06307435780763626,0.18651622533798218
-0.43797463178634644,-0.5758950114250183,-0.0958753153681755,-0.07983525097370148,0.07847446203231812,0.3885106146335602,0.25692328810691833,0.4876973330974579
0.10800883919000626,0.2939220070838928,0.022845475003123283,0.4259146749973297,-0.4982682466506958,0.3230162262916565,-0.3243916928768158,0.512033224105835
