1.0147362949908256e-08,1.0000009536743164,-5.656023205347083e-08,6.688642884000728e-08,-2.0004911505111522e-08,-2.0346715245977975e-07,5.195773589150576e-09,-9.917395971115184e-08
1.37820762802221e-07,-8.850194355147778e-09,-1.3468165604990645e-07,-4.342716124483559e-07,6.725932877316154e-08,-2.0727625837935193e-07,1.0000011920928955,-3.9943509477780026e-07
-4.7485041676509354e-08,-1.1623472317978667e-07,1.0000007152557373,1.9410153129229002e-07,1.8712592364522607e-08,-6.746866887397118e-08,-1.8092208620146266e-07,-1.1997443039035716e-07
0.9999977946281433,-3.5190623748349026e-07,1.4204142928520014e-07,-4.664670072429544e-08,-9.576960735557805e-08,-1.0438788677902266e-07,-6.947221464770337e-08,-1.535193661084122e-08
-1.1512288722315134e-07,6.522083850768468e-08,-4.1385263216398016e-08,1.000001072883606,2.879525240473413e-08,-1.8150238645375794e-07,-6.747760750158704e-08,7.057462170223516e-08
1.3150668110029073e-07,-3.0381713145288813e-08,1.934211901755134e-08,2.991485246184311e-07,-1.8831867620860976e-08,-3.687393501650149e-08,-6.534985175221664e-08,0.9999986886978149
7.506432808668251e-08,1.024174025587854e-07,9.172645576427385e-08,7.524830891725287e-08,1.0000014305114746,9.715305537838503e-08,1.8402128887373692e-07,3.4371506529851104e-08
-4.146670562477084e-07,2.5537863379554437e-08,1.6530142943338433e-07,-1.831316183142917e-07,-6.526672535756006e-08,0.9999984502792358,3.139842874588794e-07,-3.147172833450895e-08
