-0.010486525483429432,0.1408890336751938,-0.3074592053890228,0.36034873127937317,-0.2268507182598114,-0.3809545040130615,0.08533663302659988,0.06423132121562958,0.18303388357162476,-0.5335985422134399,0.13946937024593353,-0.07025476545095444,-0.08911941945552826,0.009994816966354847,0.1114349290728569,0.4296347200870514
-0.5864064693450928,-0.06253799796104431,-0.03987712785601616,0.160824716091156,-0.2473401129245758,0.3785123825073242,0.33634620904922485,-0.18591733276844025,-0.1725047081708908,-0.3068597912788391,-0.02948770485818386,0.060149773955345154,-0.16086725890636444,0.08949108421802521,0.05124270170927048,-0.32817378640174866
-0.00857492070645094,-0.2755609154701233,-0.3632860481739044,-0.37853503227233887,-0.11902983486652374,-0.09290900826454163,-0.10828128457069397,-0.15820534527301788,0.1787867546081543,-0.19989992678165436,0.0405745692551136,-0.021339930593967438,0.1521221399307251,-0.6449141502380371,0.07323750853538513,-0.26594460010528564
0.060145843774080276,-0.040091514587402344,0.03283397853374481,-0.008003436960279942,0.4490843713283539,0.06668580323457718,0.5034103989601135,0.26176610589027405,-0.3976040482521057,-0.16183426976203918,-0.05396761745214462,-0.07971344888210297,-0.046870872378349304,-0.4256336987018585,-0.194501131772995,0.22545501589775085
-0.02844800427556038,0.011681346222758293,-0.24427935481071472,-0.06330537050962448,0.32323986291885376,0.38718560338020325,0.16413435339927673,0.06092243641614914,0.608172595500946,0.05566747114062309,0.4312962591648102,-0.020707085728645325,-0.1514899581670761,0.11340022087097168,-0.2315213978290558,0.03867287561297417
-0.12453354895114899,0.4747891426086426,0.02001427300274372,0.12172596901655197,0.4384463131427765,-0.2024388164281845,-0.17610514163970947,-0.5556071996688843,0.02251998893916607,-0.08204162120819092,-0.11855849623680115,-0.2246854305267334,-0.17055879533290863,-0.12170123308897018,-0.15190401673316956,-0.17935290932655334
-0.25519227981567383,-0.25806179642677307,0.0631292462348938,0.6483975648880005,0.24373312294483185,0.04583229124546051,-0.24444463849067688,0.12365033477544785,0.21190203726291656,0.1371094286441803,-0.15618649125099182,0.2845335304737091,0.23125888407230377,-0.2894984185695648,0.03119591996073723,0.002997285220772028
-0.1537480503320694,-0.014568016864359379,0.4652317464351654,-0.20265254378318787,-0.15727248787879944,0.2892255485057831,-0.1367727667093277,-0.3655470311641693,0.0986836701631546,-0.09916947036981583,0.0562097430229187,0.08786230534315109,0.0267785731703043,-0.2265288233757019,-0.040458034723997116,0.6113907694816589
-0.18098533153533936,-0.18635687232017517,-0.21418724954128265,-0.10797736793756485,0.03950959071516991,-0.09799343347549438,-0.10403168201446533,-0.09318426251411438,-0.12905697524547577,-0.1661638468503952,-0.09904962033033371,0.00856910552829504,0.49823012948036194,0.3203084170818329,-0.6536052227020264,0.1101323813199997
-0.1562313437461853,-0.07226574420928955,0.09220205247402191,0.01828973926603794,-0.02060023881494999,-0.46037253737449646,0.5202142596244812,-0.33284294605255127,0.038188040256500244,0.3926268517971039,0.3466495871543884,0.19335177540779114,0.22115090489387512,-0.006775201763957739,0.07353813946247101,0.015283256769180298
-0.07464004307985306,0.2574508488178253,-0.33487027883529663,-0.2518216371536255,0.14996063709259033,0.08097605407238007,0.21040350198745728,-0.051790688186883926,0.17175966501235962,0.07014375180006027,-0.5816349983215332,0.3836716115474701,0.11556132137775421,0.11426388472318649,0.2909265458583832,0.21360145509243011
-0.3709205389022827,-0.01038376521319151,-0.24193628132343292,-0.18426842987537384,0.04672081395983696,-0.2015812247991562,-0.31759408116340637,0.14964652061462402,-0.27920401096343994,0.19881458580493927,0.1955524981021881,0.3830803632736206,-0.5085426568984985,-0.04723609983921051,-0.1268906444311142,0.1559596210718155
0.3805846571922302,0.06199737638235092,-0.13498009741306305,0.10660634189844131,0.1973082572221756,0.22943292558193207,-0.13373614847660065,-0.2621842920780182,-0.3361145257949829,-0.2591271698474884,0.3841743469238281,0.47635963559150696,0.19262878596782684,0.08889340609312057,0.19979895651340485,-0.06306171417236328
-0.23837506771087646,-0.028233952820301056,-0.35973310470581055,0.04662005230784416,0.10276787728071213,0.20563499629497528,-0.14145785570144653,-0.06676937639713287,-0.2706905007362366,0.28858059644699097,0.1629689633846283,-0.527827799320221,0.23492492735385895,0.03455626964569092,0.38083070516586304,0.26524752378463745
0.32801300287246704,-0.5648106336593628,-0.2126694768667221,0.1855960190296173,-0.005762896034866571,0.03709881007671356,0.08921566605567932,-0.4317361116409302,-0.03372854366898537,0.13213469088077545,-0.2579360604286194,-0.06253945082426071,-0.4133296310901642,0.10347069799900055,-0.07773539423942566,0.1460433304309845
0.19408994913101196,0.4199264943599701,-0.2691080868244171,0.251542866230011,-0.4631173312664032,0.238405242562294,0.07478488981723785,-0.047910090535879135,-0.09332407265901566,0.34985318779945374,-0.01725931465625763,0.06482852250337601,0.04855554178357124,-0.30705586075782776,-0.3716633915901184,0.02673189900815487
