-1.0048803744666657e-07,-1.011077443990871e-07,6.75555256179905e-08,1.068797583769765e-08,1.4322534980237833e-07,1.3333326442932503e-08,-4.89295644001686e-08,-8.688212815854968e-09,-1.4594191100059106e-07,1.0000011920928955,-1.828428537464788e-07,-1.8261427214838477e-07,4.183876001206954e-08,6.15083948218853e-08,9.841750170380692e-08,-1.082019096543263e-07
4.7877037445687165e-08,-1.7891242976020294e-07,-9.01293972788153e-08,3.694112820085138e-07,1.6949771008967218e-07,1.2280226258098992e-07,0.9999977946281433,1.3076252969312918e-07,8.101589088482797e-08,2.0125590083353018e-07,-5.985682349773924e-08,-1.1678395850367451e-07,2.2611561689700466e-07,5.784218970461552e-08,2.5841373485491204e-08,8.347580404688415e-08
-1.9783930937933292e-08,1.8070696228278393e-07,-1.7227196735802863e-07,-2.0666455213813606e-07,9.980096393746862e-08,-6.652619788383163e-08,2.9504150234060944e-08,-4.390354391148321e-08,1.0000011920928955,5.030509342418554e-08,9.553572510867525e-08,2.120911233305378e-07,-8.070410473237644e-08,-6.049191370038898e-08,4.1437694164869754e-08,6.18132318663811e-08
-7.660479894866512e-08,-9.515101595525266e-08,0.9999986886978149,-1.2551620898193505e-07,-6.464382806825597e-08,-6.648475991966052e-09,5.720508156059623e-08,8.94677398832755e-09,-1.3363082018713612e-07,4.101629258457251e-07,-1.0686412821314661e-07,-6.547637099174608e-08,7.92524232906544e-08,3.792838398908316e-08,9.45386791073588e-09,1.729348042545098e-07
4.0266705525482394e-08,6.15766353462277e-08,-8.235038428949792e-09,0.999997615814209,-4.754044979904393e-08,4.2361900653986595e-08,-1.998791709922898e-08,1.6328939977938717e-07,-2.3249695857430197e-07,7.94099364043177e-08,-1.186698597166469e-07,-1.2703299034910742e-07,6.075193681454039e-09,8.060339951043716e-08,2.0689169843990385e-07,8.762457781585908e-08
-5.762612076409823e-08,1.0000016689300537,-9.858207050683632e-08,-9.479280294044656e-08,1.043014918877816e-07,1.6300317895456828e-07,4.357709926239295e-08,4.841364642516055e-08,-1.22555562143134e-07,-2.934821452527103e-07,-3.9262225470793055e-08,-8.176046151220362e-08,4.623687033245005e-08,-1.8621145159158914e-07,9.637435738341082e-08,7.154252301688757e-08
-3.7951945586200964e-08,1.4343156884422115e-08,-5.980845685371605e-08,4.575302625653421e-08,-8.989081123900178e-08,1.3156798672753212e-07,-2.9487502217762085e-08,1.0000009536743164,-5.358736743232839e-08,-4.542417286756972e-08,-3.8561839943440646e-08,-7.179930605616391e-08,4.2485645224132895e-08,-6.110604289233379e-08,-2.672628056643589e-07,8.407032936474934e-08
8.496310499594983e-08,-2.424499996322993e-07,4.107742412884363e-08,7.700597137727527e-08,-7.222290321351466e-08,5.933370417210426e-08,1.9799732342562493e-07,-3.123959686490707e-07,1.0880069822860605e-07,1.414829426948927e-07,4.007593759070005e-07,-4.7267022296182404e-08,1.8877460661315126e-07,2.3264547621693055e-07,5.3602793315121744e-08,0.9999976754188538
1.0343237022425456e-07,-5.134609537549295e-08,5.145621262414579e-09,1.4293351568994694e-07,5.4493738410599235e-09,8.750721036676623e-08,-1.316847288990175e-07,-1.6948918357684306e-07,1.2132510107676353e-07,2.7012012182581202e-08,1.0000020265579224,-1.4329901887322194e-07,5.8275968939369704e-08,-9.813562229510353e-08,-8.1726998502063e-09,-8.227099357327461e-08
-1.8421788183786703e-07,-2.395931808507612e-08,-4.0748588503447536e-08,1.3643833085552615e-07,0.9999974966049194,1.8718337457812595e-07,8.149559960202168e-08,-2.4354449124075472e-08,2.7917363354390545e-07,8.112116489655818e-08,2.0764466057698883e-07,1.5831960809009615e-07,7.443916416605134e-08,-1.1248836528920947e-07,1.2675558025421196e-07,-8.558980368889024e-08
0.9999978542327881,-4.722369340015575e-08,-1.4358258226820908e-07,1.973362913076926e-07,1.7023324971887632e-07,1.0912526882123075e-08,1.7982529243454337e-08,8.122072614469289e-08,7.67407968282896e-08,-2.6427516175431265e-08,2.4301492373979272e-08,1.9844778265110108e-08,3.027981065883978e-08,-5.9474167812823e-08,-1.450389248702777e-07,3.0458387811904686e-08
-1.0108293224675435e-07,-1.1395326282581664e-07,-6.758458681588309e-08,-1.3848852731257466e-08,1.1405995081759102e-07,1.0180314546914815e-07,1.8334621643134597e-07,-9.819001434152597e-08,6.292393095463922e-08,9.384060462025445e-08,-5.4626369205834635e-08,-3.7251552953421196e-08,1.4225058464489848e-07,1.1095382745907045e-07,0.9999992251396179,-9.333962225355208e-08
2.5609274700855167e-08,6.923144724169106e-08,-8.07535656122127e-08,9.918306886902428e-08,-8.306687959702685e-08,6.138248664910861e-08,1.5931206576169643e-07,-7.471575713680068e-08,-8.320850497511856e-08,2.664368992100208e-07,-8.305622145599045e-08,-2.737392037488462e-07,1.0000020265579224,-1.0603055500268965e-07,1.169361283359649e-07,5.2461032851169875e-08
4.6770577455390594e-07,-1.244746954398579e-07,-2.8749877856171224e-07,-1.2475685373658507e-08,-1.2284975525744812e-07,0.9999978542327881,-7.359059850386984e-08,7.083490061177145e-08,-4.2207439321373386e-08,-6.322260759361598e-08,-1.543961047900666e-07,-1.5546886800166249e-07,-1.7382044248392958e-08,1.983633168833876e-08,-2.2371253294295457e-08,3.639243573161366e-07
-1.3231409923264437e-07,-8.45143190986164e-08,-4.269228170983297e-08,-8.262501438593972e-08,7.807081914279479e-08,1.5657768415167084e-07,1.044015220941219e-07,-2.60748265645816e-07,1.8086073794165713e-07,2.5043798146384688e-08,2.776793373016062e-08,0.9999986886978149,1.7533169582861774e-08,-4.0825241853781336e-08,2.1825916007855994e-07,3.556715100216934e-08
-7.820787573109556e-08,-8.748066449015823e-08,-3.143562965490787e-09,3.9686060659960276e-08,1.2311936359310494e-07,5.5039691915226285e-08,-4.7672074288129807e-08,-8.719032251747194e-08,-2.0753269325268775e-07,-2.139216519481124e-07,3.083188815367066e-08,2.9532433387657875e-08,2.793225739594618e-08,1.0000017881393433,9.065924189144425e-08,1.0593323906959995e-07
