0.43370699882507324,0.38364291191101074,0.11638172715902328,-0.024998875334858894,-0.1432085633277893,0.3650093972682953,-0.4080847203731537,-0.41390809416770935,0.3689400851726532,-0.15110760927200317
-0.5214346051216125,-0.11256825923919678,-0.170329287648201,-0.2506609261035919,0.15781226754188538,0.3106819987297058,0.16458827257156372,0.030606748536229134,0.6670016050338745,-0.1710122972726822
0.2649820148944855,-0.03618678078055382,-0.5421847701072693,-0.2234881967306137,0.3470493257045746,-0.16943161189556122,0.290414035320282,-0.4733816385269165,-0.1565987914800644,-0.320094496011734
0.10221482068300247,0.2918362021446228,-0.20386651158332825,0.31486397981643677,-0.21743354201316833,0.44562023878097534,0.641538143157959,-0.01280324999243021,-0.03539518266916275,0.32378825545310974
0.41631200909614563,-0.22415587306022644,0.06318732351064682,0.3247166872024536,0.5703874230384827,0.3054180443286896,-0.004316180478781462,0.4464080035686493,0.07578064501285553,-0.2081853598356247
-0.3267471492290497,0.6003000140190125,-0.05204978957772255,0.15083272755146027,0.008381092920899391,0.04102717339992523,-0.0422995500266552,0.23048079013824463,-0.2875160574913025,-0.6067022681236267
0.0017575494712218642,0.035248007625341415,-0.7512946724891663,0.3067399561405182,-0.12820588052272797,-0.15176673233509064,-0.4270937740802765,0.22305816411972046,0.176522359251976,0.1934698075056076
0.19640538096427917,0.3588639199733734,-0.11177386343479156,-0.7109515070915222,0.15239353477954865,0.0924578458070755,-0.04166623577475548,0.4272920489311218,-0.09317450225353241,0.299883097410202
-0.31902560591697693,0.29976686835289,0.09089560806751251,0.20575281977653503,0.6444725394248962,0.004122073762118816,-0.17951999604701996,-0.3196658492088318,-0.07852914184331894,0.4492492973804474
-0.19724638760089874,-0.35096490383148193,-0.1732592135667801,-0.13187894225120544,-0.08030112832784653,0.645290195941925,-0.3037841022014618,-0.1287192404270172,-0.5087212324142456,-0.003062518546357751
