-0.30933600664138794,0.13967980444431305,0.14880779385566711,-0.328312486410141,0.6244063377380371,0.33280518651008606,-0.10103792697191238,0.49397993087768555
0.9146272540092468,-0.14379945397377014,0.15715652704238892,-0.05154281109571457,0.28748035430908203,0.14701129496097565,0.06566475331783295,0.08281286805868149
-0.09207908064126968,-0.6568871736526489,-0.5651924014091492,0.0566263385117054,0.07444863766431808,0.47264519333839417,-0.03687775507569313,-0.0841015949845314
-0.09609270095825195,-0.6037565469741821,0.16540926694869995,-0.32706570625305176,-0.03851541876792908,-0.5329204201698303,0.3249565362930298,0.3175320029258728
-0.07052785903215408,-0.2623308598995209,0.2766076922416687,-0.1640879511833191,0.32294371724128723,-0.2232920229434967,-0.6097143888473511,-0.5448545217514038
0.20853708684444427,0.14232298731803894,-0.5160229206085205,-0.2900482714176178,-0.1905834823846817,-0.29177185893058777,-0.5696828961372375,0.37397336959838867
-0.015655620023608208,0.09119632095098495,-0.3801121413707733,0.491218626499176,0.5993872284889221,-0.4728228449821472,0.15106604993343353,-0.0028027091175317764
0.03676922246813774,0.2576794922351837,-0.3450728952884674,-0.6534730792045593,0.14340722560882568,-0.040964189916849136,0.39926064014434814,-0.4522109925746918
