-1.0048702847598179e-07,1.0000026226043701,-1.0134826311514189e-07,-1.6902678146024641e-09,1.3370457452310802e-07,1.3469960435941175e-07,-1.2078903921519668e-07,-2.434974533116474e-07,-7.328645690307667e-09,-7.94986902974415e-08,1.0760721380620453e-07,-1.910166673724234e-07,6.808518548950815e-08,3.21042357143142e-08,-9.371882470077253e-08,-9.879332907303251e-08
-2.5945713133523896e-08,6.739033153735363e-08,4.442658507741726e-08,7.311961525147126e-08,-7.662917056450169e-08,4.80965169913361e-08,2.7506832367407696e-08,-2.646739858391811e-07,2.6555669663252957e-08,-2.6551644438654876e-08,1.3682452504326648e-07,1.8910570531716075e-07,1.0876750167199134e-07,0.9999976754188538,-6.72511575317003e-08,2.166579093909604e-07
5.461275520701747e-08,4.104065283172531e-07,-1.2239235047672992e-07,6.965095167288382e-08,9.614030460625145e-08,-2.1297745789183864e-08,1.000000238418579,-7.164435800177671e-08,5.964174931705202e-08,9.401335177017245e-08,1.1236637220690682e-07,2.734873021381645e-07,-5.791387636122636e-08,-3.4396202863717917e-07,-4.3824744722087416e-08,3.086868787249841e-07
-4.9251120515236835e-08,-2.651275394782715e-07,1.2289726214476104e-07,1.1943356525989657e-07,0.9999983310699463,-5.2504606884440364e-08,1.267973885887841e-07,-6.493380055871967e-08,1.7151562303752144e-07,6.974511279622675e-08,-3.5728322700379067e-07,1.5840157630009344e-07,2.0828994706789672e-07,3.383953384172855e-08,-3.914069068855497e-09,-1.5973095912613644e-07
9.93150734984738e-08,2.018389722024949e-08,-1.0293826591123434e-07,-2.0022136482111819e-07,4.232347095012301e-08,1.3359032102755464e-08,-1.4031388495538977e-08,3.683958027522749e-08,2.5614627929826383e-07,2.7921199574620914e-08,5.901410560227305e-08,1.629400827596328e-07,7.327851392346929e-08,-1.6723387830097636e-07,0.9999999403953552,-7.907463128731251e-08
1.6280027637094463e-07,1.30683668331244e-08,-1.3003912613385182e-07,1.8403112278519984e-07,-2.789344648590486e-07,2.588736265352054e-07,4.48209718229009e-08,-6.763260529396575e-08,1.7808437746680283e-07,2.5244373702548728e-08,1.22309614880578e-07,-2.353996393367197e-07,2.4760872463502892e-08,3.4533624848620548e-09,-1.8982746041729115e-07,1.0000011920928955
-1.4750173527033894e-08,8.515777949469339e-08,1.0852209442191452e-07,1.8914532162739306e-09,-6.130398588766184e-08,-1.1880644734674206e-07,4.6938208697611117e-07,1.0000014305114746,-1.2397192961088876e-07,-1.0274717965330638e-07,1.9432471276559227e-07,4.729448122020585e-08,5.84096859768124e-08,-1.1589857962235328e-07,-1.3118015829149954e-07,-1.0245579318279852e-07
1.4123094160822802e-07,-1.747108342442516e-07,-1.034427370427693e-07,-9.464569927786215e-08,3.701507012010552e-08,-9.736358919099075e-08,-9.075490936538699e-08,-8.439916854285912e-08,-2.028967216460842e-08,-1.8043925820165896e-07,0.9999988079071045,2.1657982074430038e-07,6.833087695667928e-08,2.623630868114901e-09,-4.9048942685203656e-08,-5.516994150411847e-08
-6.368468774553548e-08,7.216060282644321e-08,0.999997615814209,-1.8712992755354207e-07,1.3604878290607303e-07,7.512315391977609e-08,-1.0924334503670252e-07,-1.3835055767685844e-07,-4.734954472951358e-08,8.655946714952734e-08,-9.14599382895176e-08,8.840111576091658e-08,-7.075836805370272e-08,5.146522497057049e-08,-2.5601721631574037e-08,4.144282073070826e-08
0.9999974966049194,1.9274308371564075e-08,-5.0863189215988314e-08,1.0325686972123549e-08,1.0757245405557114e-07,1.1182152803712597e-07,5.497434951706737e-09,4.464509828494556e-08,-2.8366645210553543e-07,8.227081593759067e-08,8.40212077690694e-09,2.9820731128893385e-07,-2.6990083057398806e-08,1.3135590393176244e-07,7.831880566300242e-08,1.4812574988809502e-07
-1.3910317342435974e-08,2.3400167492582113e-07,1.1495235696656891e-07,-4.109149287501168e-08,-2.719984308896528e-07,8.528611061819902e-08,1.4353598487559793e-07,5.704670869022266e-08,1.0685671725241264e-07,0.999997615814209,5.3193581095456466e-08,-5.959529403298802e-08,-1.8509719268422486e-07,-3.914400537041729e-08,-2.0636763053971663e-07,-7.279922442648967e-08
-1.0737032596352947e-07,3.246869795248131e-08,-7.044990724125455e-08,5.177901840625054e-08,7.643341604079978e-08,-1.3213528404776298e-07,-1.9415065821704047e-07,-4.245453055773396e-08,9.909309284239498e-08,-4.075627657584846e-08,1.1792020693235372e-08,2.730410244566883e-07,0.9999998807907104,5.668213631793151e-08,3.104483141669334e-07,-6.241527472639063e-08
2.7819222481184624e-08,-1.1661840204624241e-07,-2.472533822128753e-08,6.144021824638912e-08,-7.455032857706101e-08,1.0000028610229492,-1.5196592073607462e-07,7.995569717422768e-08,-5.5884580518750226e-08,2.2191919413216965e-07,5.095838417901177e-08,3.025884041107929e-07,-5.8700106109199623e-08,-2.0976997916477558e-07,6.752498649120753e-08,2.044439781911933e-07
2.7782236955431472e-08,5.613899389800281e-08,-3.816195803807432e-09,1.1692002921392941e-08,-3.4054913555792155e-08,1.369375901560943e-08,-1.19971844014799e-07,6.753334957920742e-08,1.0000004768371582,2.982699953690826e-08,-1.9658314442949631e-07,1.0412130535542019e-07,5.67786671012982e-08,-1.1163432844796262e-07,6.529235463403893e-08,1.292910667416436e-07
-6.993825962808842e-08,-1.1149936796073234e-07,-8.44130312316338e-08,1.1683580680710293e-07,4.765536516515567e-07,1.2422812289969443e-07,-9.779902399031926e-08,-2.2315320791221893e-07,2.859267738131166e-07,1.295099139042577e-07,-1.2426261264408822e-07,0.9999975562095642,6.639231742155971e-08,6.889517578656523e-08,1.8787385158702818e-07,-3.0255779392973636e-07
-2.06468655505887e-07,-1.9884332402853033e-07,1.587225568755457e-07,1.0000011920928955,-2.5640682110861235e-07,9.078326002054382e-08,2.324857746316411e-07,-4.590657809444565e-08,-1.6545666170486584e-08,3.895364741879348e-08,1.4782226287479716e-07,2.0707766168470698e-08,-1.7015035780332255e-07,3.796901282271392e-08,-2.039437561052182e-07,-1.5518587304086395e-07
