3.4371592239068605e-09,3.288622281161224e-07,8.572681764462686e-08,-7.206185870245463e-08,9.266886991099454e-08,1.211388536148661e-07,-1.822258894890183e-07,-1.4291886429873557e-07,-2.986559977102843e-08,3.5640024265148895e-08,1.0585337406610051e-07,-2.3113171820909884e-08,-1.0799929128779695e-07,-1.7687624165318994e-07,1.0,-1.1250351406033587e-07
-7.866257334399052e-08,7.069300522744015e-08,1.3978016077942357e-08,-1.208213973313832e-07,-8.538928852885874e-08,1.0000011920928955,-1.0243892489825157e-07,-9.552189084161e-08,-2.817558879542048e-07,-5.9544873920458485e-08,-1.7512851968604082e-07,1.1432136659550451e-07,2.2563486368198937e-07,-6.761881365946465e-08,2.6953790666084387e-07,8.841900722700302e-08
0.9999988079071045,5.061434293907041e-08,3.748987964513617e-08,3.965255856996919e-08,-7.242262967110946e-08,-7.471481922038947e-08,-3.481520849391018e-08,5.89204844914093e-08,-6.478368419493563e-08,7.196750573257304e-08,4.489069738156104e-08,7.456878847733606e-08,7.435797755306339e-08,1.5479750814506588e-08,-2.0587184224041266e-07,-1.222090162400491e-07
7.093498766153061e-08,8.976653731451734e-08,3.2672928806931623e-09,-6.8707620926034e-08,-6.850176959005694e-08,3.000693880039762e-07,8.122501782281688e-08,-9.327650474233451e-08,1.3219668915098737e-08,1.7436038035612e-07,0.9999978542327881,-6.907769289909993e-08,8.791092298565673e-09,-5.4189030151974293e-08,1.9066624190600123e-07,-6.449578648926035e-08
1.397298206029518e-07,-2.3426146356086974e-08,4.704220302187423e-08,2.92058871309564e-07,1.1358461726729274e-08,-7.537535395840678e-08,-4.362172489891236e-08,9.243812826298381e-08,1.0961284147015249e-07,1.5452140189609054e-07,7.003677637840156e-08,-7.807027202488825e-08,-1.292335980451753e-07,0.9999975562095642,9.120393684725059e-08,-9.435879633201694e-08
-5.211184372910793e-08,-7.875218699382458e-08,2.0275456336094067e-07,5.495084920426052e-08,4.03180351327137e-08,4.3525016479861733e-08,1.4582560936560185e-07,-6.501115201729135e-09,7.781333266621004e-08,1.0000015497207642,-2.2093280449553276e-07,1.2698195916982513e-07,-7.38188887794422e-08,1.846675843353296e-07,-8.321817546175225e-08,-3.297497244147962e-07
4.00953553025829e-07,8.739676360391968e-08,-1.4873576503759978e-07,2.0165408898265014e-07,0.9999974966049194,-1.803408444800425e-08,-2.9124944234126815e-08,1.3794992526072747e-07,-6.287533693694058e-08,2.4269667164844577e-07,-2.100119331771566e-07,3.924582472336624e-07,9.738131190317745e-09,-8.858271627332215e-08,-9.809652823378201e-08,1.776409703779791e-07
-1.5461509406122786e-07,0.9999985694885254,7.03109535038493e-08,1.3203190007970989e-07,-1.7321815093396253e-08,1.5817170151422033e-07,-1.0400769667739951e-07,8.415279495466166e-08,9.327493444288848e-09,3.23592495021785e-08,1.1924210241431865e-07,8.486505009841494e-08,-4.51830395320485e-08,-1.1971910396368912e-07,-1.1138194366822063e-07,7.149337477585505e-08
-7.010455504996571e-08,6.40333794876824e-08,-4.211447901525389e-08,1.417008377302409e-07,6.667025331807963e-08,2.0551726720441366e-07,1.4432730210955924e-07,3.6927417568222154e-07,2.029918100276973e-08,2.2779600428179947e-09,1.32547839371e-07,-6.166615662550612e-08,0.9999982714653015,-5.034503942624724e-07,-2.3275491400909232e-07,-2.520370401271066e-07
9.329711048167155e-08,7.629837028844122e-08,1.0073135570110026e-07,-1.1794927701203051e-07,1.8323009953746805e-07,-5.5727582548570354e-08,8.017159558448839e-08,1.0000027418136597,-2.1933152183351012e-08,-5.977046413363496e-08,2.6005327669054168e-08,3.852951380167724e-08,1.7755443337819088e-08,-1.9780236470978707e-07,6.716861378208705e-08,-2.606005580219062e-07
1.0838569863835801e-07,3.737600806630326e-08,-4.082356852563862e-08,-2.861451378066704e-07,1.4500261613648036e-07,3.649252278137283e-08,1.1163150048787429e-07,-1.4325163988360146e-07,-2.788859490010509e-07,-1.0390498772494539e-07,7.901542886656898e-08,0.9999985694885254,1.071388027185094e-07,-2.8378417482599616e-07,-6.716064859801918e-08,1.6626465537683544e-07
7.347301789195626e-08,-3.3766934848245e-07,-1.4081829924350586e-08,0.9999974966049194,-7.310573124641451e-08,-3.5851516599905153e-07,3.9643978766434884e-08,-1.337568988901694e-07,-6.825217013783913e-08,3.280435834085438e-08,-5.855771689766698e-08,-6.168762212155343e-08,8.732668277389166e-08,-3.124681313693145e-07,-2.9438476545351477e-08,4.665520236812881e-08
-8.254022532128147e-08,7.187343165071525e-09,6.236969340989162e-08,7.287830783297977e-08,-1.5070408210249298e-07,-3.121398322036839e-07,0.9999979138374329,-6.591752566009745e-08,3.6832457084301495e-08,1.8363839160429052e-07,-2.3192879439193348e-07,-3.951980787064713e-08,-2.4173894530576945e-07,-8.766202874710416e-09,9.622115726415359e-08,-9.724902128027679e-08
9.848731830075508e-10,-6.007979891364812e-08,0.9999992251396179,-2.1063803501419898e-07,7.386039158063795e-08,-2.208142007020797e-07,-6.455511680769632e-08,-8.214384195071034e-08,-6.122848361655997e-08,-9.803054012991197e-08,1.1117088405399045e-07,2.568349373177625e-07,7.528030465664415e-08,-5.454736040633179e-08,-7.732349160960439e-08,-1.068308819185404e-07
-8.340874302348311e-08,-1.7660833862009895e-07,7.511042809937862e-08,1.3296431689013843e-07,1.9057119970966596e-07,-3.338506644467998e-07,-1.418503217109901e-07,-1.709645260916659e-07,-1.7226237503109587e-07,-1.4146645810342307e-07,-1.126500634995864e-07,1.5515425388912263e-07,1.62706498940679e-07,2.7587734052758606e-07,-1.704983390027337e-07,0.9999990463256836
-6.561526788573246e-08,-6.560448895243098e-08,2.3900008727650857e-07,-7.217184361252293e-08,-3.0242625825849245e-07,9.235584741418279e-09,-8.488826352959222e-08,-3.13920338612661e-07,0.9999995231628418,-1.6462284690987872e-07,-8.646094329378684e-08,6.152239961920714e-08,-2.534862453273945e-08,-1.2971086960078537e-07,-9.561326663742875e-08,1.1809741096158177e-07
