-0.6158208847045898,0.4061761200428009,-0.32866713404655457,-0.3306207060813904,-0.24651987850666046,-0.3548474907875061,0.20327727496623993,-0.10219264775514603
-0.39872416853904724,0.003730809548869729,0.6542794108390808,-0.3572802245616913,-0.04197445139288902,0.15656287968158722,-0.3154294788837433,0.39937981963157654
-0.35798054933547974,-0.32018041610717773,-0.2911817729473114,0.026858704164624214,-0.25008243322372437,0.7727456092834473,0.13606080412864685,-0.0750972181558609
0.1849004626274109,0.16258114576339722,0.40086695551872253,-0.40743499994277954,0.030275320634245872,0.211588516831398,0.2742845416069031,-0.7012581825256348
-0.47245022654533386,-0.045548271387815475,0.3881714344024658,0.6939424872398376,0.11318952590227127,-0.13680718839168549,0.17065811157226562,-0.28606241941452026
0.08168892562389374,0.5670996308326721,-0.04215351864695549,0.2770082354545593,-0.33178284764289856,0.2275467962026596,-0.6189185380935669,-0.21976952254772186
0.20024269819259644,-0.2781934440135956,0.2180880308151245,0.06173497065901756,-0.8647330403327942,-0.2462385892868042,0.14891096949577332,0.023714665323495865
-0.17166072130203247,-0.5522611141204834,-0.135639488697052,-0.18497686088085175,0.05787259712815285,-0.27666017413139343,-0.5753960013389587,-0.4493965208530426
