3.742744070223125e-08,0.9999982714653015,1.9376365401058138e-07,6.310167321998961e-08,6.76854696735063e-08,5.900698951677441e-08,-2.4608212356724835e-08,5.9585008038709475e-09
1.0000025033950806,3.076542398616766e-08,-2.4776966256467858e-08,8.321643463204964e-08,7.249612821169649e-08,-2.164968435636183e-07,-4.9148285441447115e-09,-1.128763855717807e-07
1.1110667941238717e-07,4.4002018029232204e-08,0.9999979734420776,5.241694012170228e-08,-7.61456533382443e-08,2.1494357405060782e-09,-1.1644945629996073e-07,-6.956865661322809e-08
1.2067704346918617e-07,6.126388143457007e-07,-2.0535080125227978e-07,-1.0494083113599117e-07,7.031078297359272e-08,0.9999976754188538,6.475119107562932e-08,1.5065114666867885e-07
1.911031262125107e-07,1.4073617649046355e-07,-6.362027704653883e-08,9.106175014039763e-08,2.9457848427227873e-07,-1.1463890103868835e-07,1.0000014305114746,-1.349906426639791e-07
8.912936522165182e-08,3.84770828532055e-08,6.713133871016908e-08,-3.5655986607707746e-08,2.2940258759263088e-07,-7.941373070252666e-08,-9.056020644493401e-08,1.0000007152557373
-5.5563695866567286e-08,9.993188854195978e-08,-5.771109812258146e-08,0.9999975562095642,1.5335002956362587e-07,2.7234062827119487e-07,1.1008194178430131e-07,-5.086431542622449e-07
-2.766376461238451e-08,-1.1474993755200558e-07,3.318607610935942e-08,1.2761492484969494e-07,1.000000238418579,9.219641583513294e-08,-1.3616141814054572e-07,-9.68813225199483e-08
