-1.6425407523001923e-07,-1.1676561939566454e-08,3.8199900131985487e-07,6.694472176604904e-08,5.5905378104625925e-08,-3.5319288826940465e-08,1.0000003576278687,6.554990505946989e-08,1.8331452622533106e-07,5.026284455311725e-08,-7.613983399323843e-08,3.773180523580777e-08
8.22768271291352e-08,-2.5430435357520764e-07,2.593601777789445e-07,-8.18795840018538e-08,2.0394361754938473e-09,3.431711093071499e-08,7.89010314861116e-08,1.0000020265579224,8.206419011003163e-08,6.92100385890626e-08,1.553364086248621e-07,-7.887577169185533e-08
-9.126884492616227e-08,-1.3853515667960892e-07,-1.7790895867619838e-07,-3.528080227965802e-08,1.5614386938977987e-07,5.530795732511251e-08,3.792400491420267e-07,1.55465897933027e-07,1.0000011920928955,-8.359221226328373e-08,8.618256686077075e-08,-7.8490650423646e-08
-5.67032536480383e-08,7.365049015106706e-08,-1.2834508567038938e-08,2.697154570796556e-07,1.8139853352749924e-07,0.9999977350234985,-1.1280594236495745e-07,2.2763155982374883e-07,8.215583591208997e-08,2.0941884670833133e-08,5.698725402680793e-08,-1.2497532964061975e-07
0.9999980926513672,-3.432090878163763e-08,-5.7533025454858944e-08,1.1346911321652442e-07,6.766027382809625e-08,1.577927122298206e-07,9.61524122544688e-08,-6.748098968500926e-08,-1.7663320761585055e-07,8.112544946925482e-08,7.502752197297013e-08,-4.000648701207865e-08
-3.274491788829437e-08,-2.0118409338465426e-07,-1.7327091939023376e-07,-1.869755266170614e-07,6.556333431717576e-08,4.276284926163498e-08,6.553339915171819e-08,1.5130277120078972e-07,-1.4789151236982434e-07,3.1176277559552545e-08,2.806876580052631e-07,0.999998152256012
-1.0953663576174222e-07,1.6410125169841194e-07,-1.9312214050160037e-08,8.855212030312032e-08,-1.1294475399381554e-07,5.47208429679813e-08,-3.815303184495633e-09,-8.196460754561485e-08,-2.494994362223224e-07,0.9999980330467224,-6.38469899172378e-08,1.6447435768895957e-07
-2.1552806117597356e-07,1.0822374463259621e-07,0.9999988079071045,8.561515052463164e-09,-1.0846720499557705e-07,1.2331945242749498e-07,7.393987999648743e-08,-6.30519849664779e-08,-5.30837063195122e-08,3.8694086157420315e-08,-1.2666339443967445e-07,1.3613750127206004e-07
-9.37694579761228e-08,0.999998152256012,-9.082516783109895e-08,-6.75540832162369e-08,1.5454672563919303e-07,4.078334470136724e-08,2.8454897105234522e-08,1.337902801878954e-07,5.141552250620407e-08,5.0846537646975776e-08,6.736220115044489e-08,3.495266298614297e-08
6.68000197379115e-08,9.114307886193274e-08,1.4750699328658357e-08,0.9999995827674866,-1.7302939170349418e-07,-6.745565173105206e-08,1.0514247605897253e-07,-2.4204897641766365e-08,2.6265258412649928e-08,-1.0055661903152213e-07,2.4829189371189386e-08,-1.17400723809169e-07
7.052522454920052e-10,2.5929077196451544e-07,-6.665409557626845e-08,3.640267323135049e-07,1.0000001192092896,1.2587216247084143e-07,1.0636919967055292e-07,1.5369069572557237e-08,-1.6254366741463855e-08,-1.4665381797840382e-07,-6.753924708391423e-08,-2.960949814223568e-07
-3.221794742103157e-08,1.8327972384213354e-07,-5.6580407914452735e-08,6.01750897999409e-08,-1.248077374782497e-08,1.4228224642920395e-07,1.6294801241656387e-07,1.0496131608306314e-07,1.243824243601921e-07,5.293079752277663e-08,0.9999983906745911,7.85721638862924e-08
