-0.41552820801734924,-0.1291329711675644,-0.5256355404853821,0.05520349740982056,0.11282972246408463,0.5010485053062439,0.40646544098854065,-0.1931639164686203,0.08779754489660263,0.2393890619277954
0.183689147233963,0.11491468548774719,0.15536470711231232,-0.11675843596458435,0.42913195490837097,0.06303045898675919,0.5303731560707092,0.6232482194900513,-0.2189442217350006,0.09738176316022873
-0.27052125334739685,0.2324344515800476,-0.4016916751861572,0.06794929504394531,-0.21859735250473022,-0.564492404460907,0.3302439749240875,0.035416144877672195,-0.28725412487983704,-0.3841264247894287
0.3437950909137726,-0.3461277186870575,-0.4532541036605835,-0.6032458543777466,-0.14591142535209656,-0.018549751490354538,-0.03715350106358528,0.22637136280536652,0.28255781531333923,-0.19636300206184387
-0.3383066952228546,-0.004766133148223162,-0.11800767481327057,-0.4171450138092041,0.13520760834217072,-0.29990354180336,-0.35249394178390503,0.08261513710021973,-0.32305511832237244,0.594915509223938
-0.3693259060382843,0.20036232471466064,-0.15735357999801636,0.26184698939323425,0.14690952003002167,-0.009341380558907986,-0.35925930738449097,0.5599550604820251,0.5034260153770447,-0.11137524247169495
0.4561024308204651,0.6588230729103088,-0.3395918011665344,0.011208239011466503,0.23157690465450287,-0.10228729248046875,-0.020211219787597656,-0.2615349292755127,0.22178895771503448,0.24573007225990295
0.1743854284286499,-0.01661420427262783,-0.3409796357154846,0.17022541165351868,0.27575960755348206,0.3338519036769867,-0.4333936870098114,0.05985407903790474,-0.5826350450515747,-0.3251056671142578
0.3312297463417053,-0.4215106666088104,-0.24958808720111847,0.5840802788734436,-0.1600736677646637,-0.26473215222358704,0.024557888507843018,0.19123433530330658,-0.03181234374642372,0.41866302490234375
-0.056677285581827164,-0.3796401619911194,0.01427867729216814,0.044410500675439835,0.734084963798523,-0.37940356135368347,0.02979317121207714,-0.3046656548976898,0.18583689630031586,-0.19852307438850403
