0.4343920946121216,0.256327360868454,-0.06628768146038055,0.0351492315530777,0.0033974871039390564,-0.4355612099170685,0.5015451908111572,-0.5465309023857117
0.2954241931438446,0.3328132927417755,-0.32566559314727783,-0.4851161241531372,0.1566084772348404,-0.29006221890449524,-0.5857526063919067,0.09380143135786057
-0.2533535659313202,0.040551185607910156,-0.264925092458725,0.10674653202295303,-0.569888174533844,0.15083768963813782,-0.37007319927215576,-0.6067188382148743
-0.5969678163528442,0.2845585346221924,0.42793238162994385,-0.13441410660743713,0.4425799250602722,-0.19423307478427887,-0.10616792738437653,-0.3414497673511505
0.4418049156665802,0.3791067898273468,0.3401537537574768,0.4642375707626343,0.19238846004009247,0.4275606572628021,-0.31317591667175293,-0.10938985645771027
0.27189168334007263,-0.41779837012290955,0.26862403750419617,-0.6071715950965881,0.09554221481084824,0.41145244240760803,0.016861209645867348,-0.36331844329833984
-0.14064988493919373,0.6470560431480408,-0.06840259581804276,-0.3629647493362427,-0.23403401672840118,0.4457995593547821,0.3788485825061798,0.16756471991539001
0.12071365118026733,0.06288031488656998,0.6661016941070557,-0.1343550980091095,-0.5948932766914368,-0.33887428045272827,-0.12341804802417755,0.18911443650722504
