-1.377171940930566e-07,-8.11389426758069e-08,6.973717603386831e-08,-8.08581219757798e-08,6.595497126227201e-08,0.9999995231628418,-6.48147420179157e-08,-1.7623831638502452e-07
-2.5655072732888584e-08,-1.1537855471033254e-07,-3.182128409662255e-07,1.0000020265579224,-1.8503174104012032e-08,-8.449714528069308e-08,5.135305514158972e-08,6.875070823753049e-08
-8.650415139754841e-08,-6.126203544454256e-08,-2.4392880959567265e-07,1.7645419347900315e-07,-8.159155839848609e-08,-3.5692806932274834e-07,-1.9911421134111151e-07,1.0000015497207642
0.9999974966049194,-1.9631228553862456e-07,2.068470621452434e-07,1.9037916842989944e-07,-6.611601577333204e-08,-1.4244160695398023e-07,8.225942593753643e-08,-2.7032209004573815e-07
8.329402589879464e-08,0.9999982714653015,5.7684754750653155e-08,1.7369634974784276e-07,4.5682554628001526e-08,-1.045727771042948e-08,-7.666771040248932e-08,2.8896567982883425e-07
-4.102563266883408e-08,-3.5210558024800775e-08,0.9999979138374329,7.794844236741483e-08,-1.9322166977531197e-08,-4.9228464860107124e-08,-6.367050531252971e-08,-5.420011461865215e-08
9.32991142121864e-08,2.051635874522617e-07,-9.594707961468885e-08,3.021491679078281e-08,2.370747509417015e-08,2.303191415364836e-08,1.000001311302185,-2.404334509265027e-08
-1.228220725124629e-07,-1.0563061181301237e-07,1.3303265689046384e-07,-8.86065052441154e-08,1.0000026226043701,-1.2213688194151473e-07,1.8689343050937168e-07,-3.771237544469841e-08
