1.1445948189248156e-07,-3.539279873621126e-07,1.0000004768371582,6.989034062598876e-08,1.7333290713850147e-07,-7.702616500182558e-08,1.3443430191273364e-07,2.5236118972316035e-08
1.239934590557823e-07,1.6398517743709817e-07,1.466849255393754e-07,3.2546505934760717e-08,-1.0247935477991632e-07,9.708175241485151e-08,1.0000022649765015,6.743084668414667e-08
5.038898187592622e-09,9.21031784173465e-08,-5.950100501195266e-08,0.9999975562095642,1.4831270434001453e-08,-1.3263819198527926e-07,5.313448170340962e-08,-1.1008704348114406e-07
7.57752403046652e-08,-6.798775586958072e-08,1.2332388443780928e-08,5.198144847895492e-08,-9.843458315117459e-08,1.1556821277736162e-07,-6.682417819092734e-08,1.000001072883606
9.242716458857103e-08,0.9999997019767761,7.037630211925716e-08,2.896541957397858e-07,9.137927747815411e-08,1.2965691098543175e-07,-5.1819622370885554e-08,-1.0742506617589243e-07
1.8667337542410678e-07,-5.6932357495043107e-08,4.976813183787954e-09,1.7697372811653622e-07,1.1355249540656587e-07,0.999998152256012,4.204324355328026e-08,1.8917448585398233e-07
0.9999988079071045,5.527223834178585e-08,-2.7800290069990297e-08,-6.303526589590547e-08,-9.069413664519743e-08,9.267436951176933e-08,3.848464587008493e-07,-8.076546720303668e-08
6.770896732177789e-08,5.7363813255051355e-08,-8.18022272142116e-08,1.0940095052092147e-07,0.9999988079071045,-2.4729725822680848e-08,8.541018559071745e-08,2.3153765127403858e-08
