-5.946294479031167e-08,-1.048806979042638e-07,-1.0972279795851136e-07,8.155476649562843e-08,1.784609438004736e-08,9.630168307239728e-08,1.0000005960464478,-2.6927146734578855e-08,-6.792507178943197e-08,1.1692048929035082e-07,-3.970615125581389e-08,-1.543731116271374e-07,-1.0067258671142554e-07,-1.5261096564245236e-07,6.763866622350179e-08,-1.0094479563349523e-07
-6.756859960432848e-08,1.9292967579076503e-07,-7.069878193988188e-08,2.3631251622191485e-07,2.765186764008831e-07,5.578488071478205e-08,6.196828650217867e-08,0.999997615814209,4.405956843811509e-08,3.515861735081671e-08,-8.329613621071985e-08,5.325395946442768e-08,-2.0132820566232112e-07,1.9090666114607302e-07,-2.0415150459029974e-07,-2.8555712106026476e-07
2.1398911087544548e-08,1.051009874686315e-07,3.2283335826832626e-07,0.9999984502792358,2.03526728803638e-09,1.1834014657097214e-08,-1.0572723141422102e-07,-3.370188039752975e-08,2.050778675766196e-07,-1.2908619950735556e-08,2.552613231898704e-09,-2.922696218377041e-08,-7.012067015921275e-08,7.693073200698564e-08,1.2002584526271676e-07,1.0115962112422494e-07
-2.7406073854763235e-07,1.3147993804807356e-09,2.4455178504467767e-07,-1.158230631403967e-07,1.132700759853833e-07,6.707116284587755e-08,-7.223731302019587e-08,-3.138223547693997e-08,7.614608676931311e-08,5.972628969175275e-08,1.0000017881393433,4.784028817539365e-08,1.8840479754089756e-07,-8.646691185276723e-08,-1.7123988982348237e-07,-2.5697861616436057e-09
2.994699244140975e-08,3.996244046788888e-08,3.2274547834276746e-07,-7.434916238224787e-09,-9.698022296333875e-08,1.0000020265579224,1.1095077923073404e-07,-7.670783475077769e-08,-1.9874025269928097e-07,5.5700834167282665e-08,-1.579713782007275e-08,-2.5792243718569807e-07,5.667848768098338e-08,-5.5533398324314476e-08,4.796217467628594e-08,2.153299050178248e-08
-3.034739037843792e-08,-6.74165647751579e-08,-7.715052419143831e-08,6.343686465015708e-08,1.000002145767212,-1.806619032151957e-08,-4.779477080774086e-08,-6.019658371769765e-08,-1.0146209916683802e-07,-2.3014402472654183e-07,-3.0971273190516513e-07,6.62032491050013e-08,-6.426787280133794e-08,-5.254921475739138e-08,-1.193019869560885e-07,1.6950637871104846e-07
-1.2412139938078326e-07,1.0000015497207642,1.4561030070581182e-07,2.7329278395882284e-07,8.613051960537632e-08,-1.774696158918232e-07,-1.7421365328118554e-07,-1.1192254589786899e-07,-5.5488911243628536e-08,-7.10208780674293e-08,-2.73117546356616e-08,-1.0967207231260545e-07,-9.567750680616882e-08,-4.6051745528075116e-08,2.101298024470566e-09,1.7395034035416757e-07
1.4446666796175123e-07,1.9823900743176637e-07,2.373845475744929e-08,1.1782530151549508e-07,-3.014288907365881e-08,1.5802413599885767e-07,1.9750058299905504e-07,-1.0870440547705584e-07,2.718552671865382e-08,9.31015975424998e-08,-3.0316635957206017e-07,2.2407948563341051e-07,9.843106596463258e-08,1.1144732248169475e-08,1.3976330137666082e-07,0.9999980330467224
-6.213333181293024e-10,-5.842526462629394e-08,1.0000019073486328,2.460414094684893e-09,-3.657582681171334e-08,-7.383399491800446e-08,-8.436855836180257e-08,-3.07998192283776e-07,-1.0169056707809432e-07,-3.17657850246178e-07,5.021015070383328e-08,1.3787809116649896e-08,3.028932553661434e-07,3.129006387325717e-08,-4.517399929682142e-07,7.125367318394638e-08
-2.14639168660824e-08,-1.1223169948948453e-08,-5.207951048191717e-08,1.0115829951473643e-07,-1.677095440300036e-07,1.3487415628787858e-07,4.1410933704355557e-07,2.7363629584442606e-08,1.0781547388205581e-07,-9.964168157239328e-08,2.0021377622470027e-07,1.682681372017214e-08,-9.566995373688769e-08,1.0000028610229492,-1.1501163044158602e-07,-6.501031180050632e-08
7.201624896424619e-08,-2.9677735824407137e-07,4.094604264537338e-07,-3.1887594786894624e-07,-1.0490908408655741e-07,-1.791931083516829e-07,-8.644224891440899e-08,1.531239206542523e-07,-3.194058422195667e-07,9.191509064976344e-08,-1.514062262231164e-07,0.9999983906745911,-2.4892429451028875e-08,-1.3409280086307263e-07,2.0501813580153794e-08,-3.815477356283736e-08
-5.122634050280794e-08,6.446124700687506e-08,-1.4784751556362608e-07,1.3177796631680394e-07,7.658035627855497e-08,-6.65838015834197e-08,4.38154970083815e-08,-7.669967061474381e-08,-3.330102060772333e-08,0.9999988675117493,5.633545896444048e-08,7.54317426299167e-08,-2.0747055629044553e-08,-3.5625905070446606e-07,8.525596228992072e-08,1.0265961414290814e-09
-1.8550112201864977e-07,-7.428489112726311e-08,4.944261888795154e-08,-7.632040421867714e-08,9.599197881016153e-08,-8.241352134064073e-08,9.867747507996683e-08,-2.5479099718950238e-08,1.0000004768371582,6.693392151646549e-08,-1.213079769968317e-07,4.392485308812866e-08,-6.971809085598579e-08,2.9784311905700633e-08,-7.713146032983786e-08,7.58912435117054e-08
-4.718397761394044e-08,-8.095140202613038e-08,-1.2510946589827654e-07,1.5023587707219122e-07,3.632374756534773e-08,6.102278149455742e-08,-8.130711215414976e-09,-6.1450428745502e-08,1.1250530462802999e-07,4.169094935946305e-08,1.0321854659878227e-07,-2.040198410213634e-07,0.9999983906745911,-1.1205762717736434e-07,1.1991535586730606e-07,-3.0059723599151766e-07
7.242726240974662e-08,-1.4671064718640991e-07,-3.6810181569535416e-08,-3.6021680216435925e-07,9.486937813107943e-08,1.6461841312320757e-07,7.615796326909674e-10,-6.375896077770449e-08,3.3161590806685126e-08,-1.756559129262314e-07,-1.9159486441822082e-07,-5.550850090685344e-08,9.277987089717499e-08,-7.813839886239293e-08,1.0,-6.851605860447307e-08
1.000002145767212,1.6751720011143334e-07,-3.565003510175302e-07,1.0747969980684502e-07,5.493382104759803e-08,-5.172103811901252e-08,5.07573112429327e-08,5.1069950046667145e-08,-3.135826176503542e-08,-1.6637349631309917e-07,4.3474393862652505e-08,-9.004522638633716e-08,-7.356413789239014e-08,1.2994667031307472e-07,-3.043288288040458e-08,1.4264821857068455e-07
