-0.19846206903457642,-0.876227855682373,-0.2799474895000458,-0.031978655606508255,0.05877315253019333,-0.10886718332767487,-0.2331475466489792,0.07482390850782394,-0.08998624235391617,-0.17345432937145233
0.3837628662586212,0.059896159917116165,-0.18420501053333282,-0.4453064203262329,-0.48821765184402466,-0.224117711186409,0.12164568156003952,-0.10068728774785995,-0.384268194437027,-0.3946196138858795
0.06807985156774521,-0.2969680726528168,0.5118799805641174,-0.2096240520477295,0.35594412684440613,-0.09212423115968704,0.5050662159919739,-0.4512450098991394,-0.08385317027568817,-0.016827983781695366
-0.08729886263608932,0.0437273271381855,0.46883681416511536,-0.2625502943992615,0.11456058919429779,-0.21884389221668243,-0.33244770765304565,0.45916423201560974,-0.5049331188201904,0.25377175211906433
-0.057749632745981216,0.03104628250002861,0.29249855875968933,-0.44195276498794556,0.08441299945116043,0.27236711978912354,-0.16351011395454407,0.2650802433490753,0.49046146869659424,-0.5440195798873901
-0.3671974241733551,0.1718478947877884,-0.13107049465179443,-0.03786040470004082,0.09025488048791885,-0.7877774834632874,0.262330025434494,0.18037940561771393,0.26969555020332336,-0.11914007365703583
0.2613128423690796,-0.13127253949642181,-0.17125383019447327,0.041486430913209915,0.13965857028961182,0.21586160361766815,0.6053938865661621,0.666185200214386,-0.06548082828521729,0.052349042147397995
0.25229382514953613,-0.30015692114830017,0.33685803413391113,0.028666337952017784,-0.585166335105896,-0.1814611405134201,0.019599663093686104,0.10443394631147385,0.4475797116756439,0.38077858090400696
-0.647680401802063,0.009645804762840271,-0.11943063139915466,-0.43425828218460083,-0.3264821171760559,0.31723102927207947,0.2701117992401123,-0.057289499789476395,-0.06287641823291779,0.30025383830070496
-0.3339010775089264,-0.02493007481098175,0.38219109177589417,0.5476546287536621,-0.3668525815010071,0.08126132190227509,0.17272333800792694,0.09493336826562881,-0.2457583099603653,-0.4488515853881836
