-0.4979476034641266,0.14565812051296234,0.031462687999010086,0.2160373479127884,0.14109937846660614,0.2993931174278259,-0.2744579315185547,0.4088078439235687,-0.4090944826602936,0.10991968214511871,0.2599449157714844,0.2901092767715454
-0.2277544140815735,-0.02694837376475334,0.3713425099849701,-0.1320672482252121,0.5277091860771179,-0.014824715442955494,0.08455067127943039,-0.6374154090881348,-0.29194560647010803,0.02845369093120098,-0.09015725553035736,0.07584463804960251
-0.15397176146507263,-0.11147475987672806,0.5228495001792908,0.08738730102777481,-0.7126918435096741,0.008058285340666771,0.10292120277881622,-0.21686361730098724,0.021086599677801132,0.047117412090301514,0.11814846098423004,0.3172047436237335
0.2691265642642975,0.045680202543735504,-0.34341564774513245,-0.34283608198165894,0.0016501840436831117,-0.02677140384912491,-0.13182246685028076,-0.2376444935798645,-0.048690006136894226,-0.2519371509552002,0.5019275546073914,0.5455887317657471
-0.033255498856306076,0.015652591362595558,0.12873417139053345,0.13889209926128387,0.19941705465316772,0.5956087708473206,0.387113094329834,-0.02801360748708248,0.4569542109966278,-0.20060791075229645,0.39271652698516846,-0.11978970468044281
-0.6719485521316528,0.08695903420448303,-0.4212230443954468,-0.15193980932235718,-0.13977251946926117,-0.18169090151786804,0.41347092390060425,-0.05623298138380051,0.08355505019426346,-0.2809407413005829,-0.1579963117837906,0.053557876497507095
0.08437974005937576,-0.498967707157135,0.11797098815441132,-0.4856002628803253,0.11406931281089783,0.07795368880033493,0.42969170212745667,0.4193281829357147,-0.14046823978424072,0.210942342877388,-0.07382974028587341,0.21200984716415405
-0.11839217692613602,-0.5608927011489868,-0.023871714249253273,-0.13607174158096313,-0.1357881724834442,0.2870112359523773,-0.3960779309272766,-0.06392194330692291,-0.1602439135313034,-0.5256166458129883,-0.08153754472732544,-0.28621822595596313
0.22909532487392426,0.42266765236854553,-0.03668777272105217,-0.14185830950737,-0.15009738504886627,0.5498682260513306,0.079288050532341,-0.03275479003787041,-0.1929469108581543,-0.14592532813549042,-0.5614131689071655,0.20358014106750488
0.1696421355009079,0.05808192119002342,0.3284491002559662,0.285753458738327,0.19279173016548157,-0.3457298278808594,0.1607670783996582,0.3034852147102356,-0.08110365271568298,-0.6654064059257507,-0.08658204227685928,0.21639423072338104
-0.2059212177991867,-0.010586297139525414,0.18292322754859924,-0.22147676348686218,0.1868029534816742,-0.016631098464131355,-0.434062123298645,0.10407281666994095,0.6607971787452698,0.01717229001224041,-0.2868589460849762,0.3483113944530487
0.08134511113166809,-0.4582941234111786,-0.3444320261478424,0.60264652967453,0.09130669385194778,0.1048213467001915,0.08174736797809601,-0.18761511147022247,0.05418664216995239,0.13084696233272552,-0.2493005096912384,0.39764297008514404
