0.41060978174209595,0.5761489868164062,-0.21718522906303406,0.48482745885849,-0.12646107375621796,0.14116188883781433,-0.41472718119621277,-0.09647460281848907
0.37513306736946106,0.11453880369663239,-0.08834272623062134,-0.3418087363243103,-0.1841689944267273,-0.47185489535331726,0.2226831614971161,-0.6444876790046692
0.08050556480884552,-0.03142333775758743,0.07812082022428513,0.16763551533222198,0.15988770127296448,-0.8340514898300171,-0.24008062481880188,0.4236568808555603
-0.01716676540672779,-0.009281635284423828,-0.8325332999229431,-0.37917307019233704,0.3435676395893097,0.02415747195482254,-0.1641804575920105,0.13098183274269104
0.649627685546875,-0.5504913330078125,0.10133060067892075,-0.20822720229625702,-0.2057846635580063,0.19677625596523285,-0.32966840267181396,0.17766696214675903
-0.4067673683166504,0.16640041768550873,-0.021248262375593185,-0.3591795265674591,-0.6964548826217651,-0.08167875558137894,-0.41907498240470886,0.10023466497659683
-0.21912744641304016,-0.11761680245399475,0.2758921682834625,-0.0830896869301796,0.4462411105632782,0.009306766092777252,-0.6391634941101074,-0.4973733425140381
0.22001396119594574,0.556144118309021,0.39871636033058167,-0.5449413061141968,0.2827710807323456,0.12540091574192047,0.031374745070934296,0.29948553442955017
