0.29006993770599365,-0.05835314467549324,0.3990500569343567,0.46288207173347473,0.22818055748939514,-0.5218304991722107,-0.34303611516952515,-0.1231316328048706,0.13176223635673523,-0.2537369430065155
0.5028282999992371,-0.43604105710983276,-0.22104564309120178,-0.16269361972808838,-0.002277680207043886,0.34357982873916626,-0.1957094967365265,-0.05246977508068085,-0.2422497570514679,-0.5137197375297546
-0.0033025338780134916,0.08509694039821625,-0.08259052783250809,0.7665088176727295,-0.2885202169418335,0.47406837344169617,0.1768583506345749,-0.19905734062194824,0.12158358842134476,-0.06871511042118073
-0.09294554591178894,-0.2576911449432373,0.05218707025051117,-0.26598891615867615,0.08735951781272888,0.15096604824066162,-0.022989539429545403,-0.45614922046661377,0.7822456955909729,-0.023416224867105484
0.39914730191230774,0.4269810616970062,-0.22161239385604858,-0.02332478202879429,0.3653166592121124,-0.021496910601854324,0.45870441198349,0.2971336245536804,0.337574303150177,-0.2492746114730835
0.0767069086432457,-0.3280818462371826,-0.09542950987815857,0.03362033888697624,-0.6230658292770386,-0.2854437232017517,0.05287140980362892,0.5275876522064209,0.35139548778533936,-0.04390979930758476
0.06633016467094421,0.19917134940624237,-0.6218774318695068,-0.02486865036189556,-0.2638206481933594,-0.4714029133319855,0.004397668410092592,-0.5175148844718933,-0.0763479620218277,-0.05559373274445534
-0.024610260501503944,-0.2612984776496887,0.38260987401008606,-0.07830817252397537,-0.11393900215625763,-0.19167058169841766,0.7474766373634338,-0.2632545232772827,-0.22955229878425598,-0.21944448351860046
0.38690054416656494,-0.43959707021713257,-0.20138485729694366,0.1848919838666916,0.26951533555984497,-0.06352274864912033,0.1853952258825302,-0.03303922340273857,-0.03369415923953056,0.6848729848861694
0.578337550163269,0.37639883160591125,0.3878880441188812,-0.24161256849765778,-0.4244552254676819,0.13107717037200928,-0.07679037749767303,-0.17186009883880615,0.012886379845440388,0.28648704290390015
