1.0973576536343899e-07,-1.420056889855914e-07,-1.1228146945541084e-07,1.0000016689300537,-1.681861903080062e-07,5.490568355526193e-08,-1.986240789619842e-07,-7.183784589415154e-08
-7.000570434456677e-08,4.3859696319259456e-08,-1.0584515308664777e-07,-5.055643725881964e-08,-1.0333762290315462e-08,0.999998152256012,-6.1051643740484e-08,1.559211284529738e-07
5.426343463454941e-08,1.0000007152557373,4.057243430111157e-08,8.696274278463534e-08,-1.4057867758765497e-07,-6.282240860855381e-08,6.44569837504605e-08,-7.695376780247898e-08
-4.480050108668365e-08,-7.261655809998047e-08,-2.1634163260841888e-07,-9.471174422515105e-08,0.9999977946281433,-9.187864691284631e-08,-1.6838589189660524e-08,3.572258719941601e-07
-8.426778208558972e-08,-2.8631356840946864e-08,1.199723271838593e-07,-2.466383079990919e-07,8.267265627637244e-08,-7.620013775522239e-08,5.5597645598481904e-08,1.0000016689300537
-8.631792525193305e-08,-1.8510387889136837e-08,0.999997615814209,-8.936389406244416e-08,-6.984044631508368e-08,-2.3895350409475213e-07,3.2072375866221137e-09,3.725563502143814e-08
-1.1226507723449686e-07,-3.409266469134309e-07,8.018481878480088e-08,1.8943606505672506e-07,-1.209184290473786e-07,-3.631142320159597e-08,0.9999995827674866,9.675759748972723e-09
0.9999986290931702,4.570378209223236e-08,-1.2858731679443736e-07,6.613962710844135e-08,1.3265717768717877e-07,-1.1001192490311951e-07,1.3285102795634884e-07,-8.96176786113756e-08
