-0.21698547899723053,-0.21103797852993011,0.09909951686859131,-0.5636947154998779,0.005422600079327822,-0.7263525724411011,0.07781575620174408,0.21709607541561127
-0.39255470037460327,0.5415322184562683,0.3166087865829468,-0.36464419960975647,0.4702262878417969,0.28786909580230713,-0.11878550052642822,0.03671001270413399
0.2576906681060791,0.4583383798599243,0.42129233479499817,0.03666803240776062,-0.5553588271141052,-0.032035376876592636,0.11759581416845322,0.47054216265678406
-0.3101993501186371,0.3524211347103119,-0.5807754397392273,-0.24184110760688782,-0.5234110951423645,0.010646181181073189,-0.27641019225120544,-0.18252217769622803
0.06803350895643234,0.4632982313632965,0.09403518587350845,0.4256340563297272,0.16670939326286316,-0.6096464395523071,-0.11643475294113159,-0.42154842615127563
0.7088949680328369,0.21877744793891907,-0.20558565855026245,-0.5033642053604126,0.14874474704265594,0.036660511046648026,0.24858629703521729,-0.26210588216781616
-0.3585532009601593,0.09416300058364868,-0.024351375177502632,0.07491020113229752,-0.11666356772184372,0.04191746190190315,0.8862498998641968,-0.2357206493616104
-0.02166127786040306,-0.23781809210777283,0.5687274932861328,-0.22203324735164642,-0.36461901664733887,0.11675982922315598,-0.16974911093711853,-0.6283557415008545
