-0.401144415140152,-0.521451473236084,-0.17547103762626648,-0.09360195696353912,0.004437736235558987,0.3914404511451721,-0.6101969480514526,-0.04510797560214996
0.059551116079092026,0.18989229202270508,-0.060074761509895325,0.23631437122821808,-0.8933994174003601,0.07433392852544785,-0.15939584374427795,-0.26803821325302124
-0.37785235047340393,0.18338069319725037,0.27191928029060364,-0.7345736622810364,-0.17337454855442047,-0.3889884054660797,-0.11545547097921371,-0.12394845485687256
0.28865572810173035,-0.20155620574951172,0.8406955003738403,0.14328226447105408,0.09127013385295868,0.06096917390823364,-0.21948443353176117,-0.2975415289402008
0.08767452090978622,-0.3375726342201233,0.254621297121048,-0.07765548676252365,-0.36604762077331543,-0.040378931909799576,0.0806654840707779,0.8157000541687012
0.06404042989015579,-0.6536643505096436,-0.1992095708847046,0.10466259717941284,-0.08914310485124588,-0.6264457702636719,0.1769314408302307,-0.2937614619731903
0.0625200942158699,-0.2766091823577881,0.022903885692358017,-0.3963022828102112,-0.14601199328899384,0.5405076742172241,0.614793062210083,-0.2656351625919342
-0.7705498337745667,0.0055327033624053,0.282573938369751,0.44858554005622864,-0.013053448870778084,0.002746532205492258,0.3535088896751404,-0.0010695609962567687
