0.35413262248039246,0.21769320964813232,0.3023569583892822,-0.2287154495716095,0.1763039380311966,-0.1828308403491974,-0.13046258687973022,-0.7758458256721497
0.06385457515716553,0.5423384308815002,-0.5521593689918518,0.30834171175956726,0.2592105567455292,-0.34843525290489197,-0.3288169503211975,0.07154450565576553
0.39630526304244995,-0.4113617539405823,-0.37913307547569275,0.5555210709571838,-0.1065707802772522,0.27308642864227295,0.10597876459360123,-0.3524404466152191
0.0759941041469574,-0.5514819025993347,0.2887290120124817,0.1984790861606598,0.5157487988471985,-0.34122234582901,-0.38277411460876465,0.19593273103237152
0.7036614418029785,0.07545986771583557,-0.025171542540192604,-0.20682352781295776,0.20247510075569153,-0.13471239805221558,0.49618247151374817,0.387837290763855
0.4147304594516754,0.20917746424674988,0.38743340969085693,0.23247766494750977,-0.5286468267440796,0.0976068302989006,-0.46927839517593384,0.2662280201911926
0.18757903575897217,-0.11171745508909225,-0.3261592984199524,-0.5217677354812622,0.20416417717933655,0.5402520298957825,-0.48326247930526733,0.08132564276456833
-0.07317456603050232,0.35099583864212036,0.3456563651561737,0.3681778907775879,0.5120792984962463,0.5784551501274109,0.13096003234386444,0.049283646047115326
