-0.08697392046451569,0.44088563323020935,0.1569133996963501,0.22567982971668243,-0.06886366754770279,-0.22830574214458466,-0.014535569585859776,-0.20991280674934387,-0.11871833354234695,-0.3476678729057312,-0.30627259612083435,0.2935315668582916,-0.35422465205192566,-0.05038842931389809,0.3920493721961975,-0.15720799565315247
0.5208805203437805,0.17588084936141968,0.0960206389427185,0.24410311877727509,0.28320419788360596,-0.10056246072053909,0.5518620610237122,0.004894585348665714,0.22329692542552948,0.07795313745737076,0.15806959569454193,-0.1615033745765686,0.0346609465777874,-0.25385406613349915,0.03453191742300987,-0.2453708052635193
-0.20488104224205017,-0.00879750121384859,0.1870250701904297,0.36860328912734985,-0.16686944663524628,0.06851540505886078,-0.14754003286361694,0.32368192076683044,-0.17247170209884644,0.4454241991043091,0.2858821153640747,0.20965325832366943,0.22180992364883423,-0.09825500100851059,0.3167682886123657,-0.33910977840423584
0.40046408772468567,0.2586272358894348,-0.23670783638954163,-0.3998560607433319,-0.3419055938720703,0.2740001082420349,-0.24877510964870453,-0.2245337963104248,0.12442651391029358,-0.030879734084010124,0.22703392803668976,-0.02133828215301037,0.13791199028491974,0.033243659883737564,0.3332021236419678,-0.23012970387935638
0.029225964099168777,-0.021681100130081177,-0.5416272282600403,0.2844190299510956,0.06261496245861053,0.02666231244802475,-0.10022999346256256,-0.026083024218678474,-0.4700619578361511,0.05725494772195816,0.07887689769268036,-0.49515360593795776,-0.3189428150653839,-0.11458832025527954,0.13570423424243927,0.012623844668269157
0.32847002148628235,-0.1163862869143486,0.046142950654029846,-0.020358331501483917,-0.44186949729919434,-0.2785091698169708,0.07948964834213257,-0.28196924924850464,-0.32514992356300354,0.4029442071914673,-0.3105074465274811,0.15214690566062927,0.09463533759117126,-0.25213780999183655,-0.16649405658245087,0.17169225215911865
0.057547230273485184,0.31176674365997314,-0.18834277987480164,0.3961681127548218,-0.13424371182918549,0.17777587473392487,-0.18999803066253662,-0.035969436168670654,0.39814257621765137,0.33222249150276184,-0.21725104749202728,0.031231993809342384,-0.20457735657691956,0.311325341463089,-0.395321786403656,-0.08905297517776489
0.017752254381775856,0.17205819487571716,0.36339446902275085,0.10244926065206528,0.21080239117145538,0.4467809498310089,-0.30816763639450073,-0.14871282875537872,0.082353875041008,0.10750774294137955,-0.13310754299163818,-0.19030950963497162,0.042059872299432755,-0.4567786753177643,0.11573757976293564,0.41268637776374817
0.24070271849632263,-0.2462916523218155,0.034960128366947174,-0.05461348965764046,0.05636102333664894,0.35212334990501404,-0.12114209681749344,0.13451291620731354,-0.1712999790906906,-0.1725224107503891,0.11270127445459366,0.414359986782074,-0.44278788566589355,-0.302267462015152,-0.34152981638908386,-0.26398274302482605
0.30035436153411865,0.1436145156621933,0.18527644872665405,-0.3505058288574219,0.1583380550146103,-0.1509578377008438,-0.11151424795389175,0.537923276424408,-0.08693663775920868,0.31076958775520325,-0.15616635978221893,-0.06028357520699501,-0.3582877218723297,0.2434675693511963,0.1978183388710022,0.15292920172214508
0.13007913529872894,-0.41876837611198425,0.01862398162484169,0.1011759415268898,0.08975424617528915,0.4492481052875519,0.21419940888881683,-0.07438056170940399,-0.07367515563964844,0.014063878916203976,-0.528904378414154,-0.008822757750749588,0.10273154079914093,0.31872764229774475,0.32334521412849426,-0.18357452750205994
-0.16422076523303986,0.29350540041923523,0.37470218539237976,-0.21464310586452484,0.12731599807739258,0.17690683901309967,0.14307785034179688,-0.33475714921951294,-0.44442930817604065,0.16847079992294312,0.13085849583148956,-0.20388303697109222,-0.03690889850258827,0.27726253867149353,-0.2816294729709625,-0.27969491481781006
-0.43821513652801514,0.19450554251670837,-0.309074729681015,-0.36017894744873047,-0.05569428578019142,0.20681412518024445,0.4230303466320038,0.1124986857175827,0.12606766819953918,0.27422386407852173,-0.21709652245044708,0.07284444570541382,-0.13610433042049408,-0.3681332767009735,0.055732402950525284,-0.08194050937891006
0.06401418149471283,0.1288420706987381,-0.108225017786026,0.14566098153591156,-0.04200118035078049,0.27516695857048035,0.36694902181625366,-0.06421908736228943,-0.15148815512657166,0.04252868890762329,0.36266207695007324,0.38991793990135193,-0.09167995303869247,0.2723822593688965,0.12440463155508041,0.5689682960510254
0.09088427573442459,0.23053231835365295,-0.3584805727005005,-0.05270015448331833,0.594918429851532,-0.08012164384126663,-0.2031986564397812,-0.029461300000548363,-0.22144688665866852,0.08275698870420456,-0.16041581332683563,0.37859082221984863,0.4152214229106903,-0.012128087691962719,-0.075559101998806,-0.03984849154949188
-0.09984070062637329,-0.341363787651062,-0.009208157658576965,-0.09542940557003021,0.31204959750175476,-0.20902179181575775,-0.12565210461616516,-0.5044143795967102,0.26666298508644104,0.38385555148124695,0.20504839718341827,0.14205606281757355,-0.3392859697341919,0.031951259821653366,0.23236609995365143,-0.04707543924450874
