-0.2878231406211853,0.059116464108228683,0.1506521850824356,0.21040914952754974,0.5679323077201843,0.27741947770118713,-0.4038948118686676,0.5329686403274536
0.313998281955719,0.05922422185540199,-0.29210755228996277,0.1499510407447815,-0.09604138135910034,-0.02445347234606743,-0.8225746750831604,-0.32192105054855347
0.11870502680540085,0.07388683408498764,0.019552800804376602,0.9005371928215027,0.021466676145792007,-0.35255366563796997,0.21007417142391205,0.014697695150971413
-0.7061783075332642,-0.09966588765382767,-0.2277122437953949,-0.09922771155834198,0.095863938331604,-0.611603319644928,-0.14436960220336914,-0.1599763184785843
-0.27077558636665344,0.7145547270774841,0.31861233711242676,0.013957491144537926,-0.5250167846679688,-0.004539610352367163,-0.15062984824180603,0.12661220133304596
-0.138839453458786,-0.6669419407844543,0.51707524061203,0.13579417765140533,-0.43411678075790405,0.024186234921216965,-0.2371276319026947,0.06953289359807968
-0.08246053010225296,-0.1479826271533966,-0.6659849286079407,0.08098676055669785,-0.4387613832950592,0.13060921430587769,0.03852413222193718,0.5569146871566772
-0.4543013870716095,-0.017499903216958046,-0.165311798453331,0.2953610420227051,-0.04436382278800011,0.6375157237052917,0.12190981209278107,-0.5054529905319214
