1.0000011920928955,1.1909341424143349e-07,-6.377240513444349e-09,-1.7050139433649747e-07,1.5128927088881028e-07,-2.5742155074226503e-08,4.2974143354967964e-08,-2.0727712879420324e-08,-3.9819815356167965e-07,-3.2037604569268296e-08,6.71487967451867e-08,-5.048627471637701e-08,6.301101507233398e-08,4.2928146370968534e-08,-6.9757874143761e-08,-1.0097162572719753e-07
-5.0928317563148084e-08,-1.9158342468017509e-07,-8.265347872793427e-08,0.999997615814209,1.1481511563715685e-07,8.302355780642756e-08,-1.1477233385903673e-07,-9.177593796039218e-08,-2.721710927744425e-07,-1.3253458064355073e-07,-1.2887903722003102e-07,-6.516059869454693e-08,1.7589107059734488e-08,6.824422627005333e-08,2.259913287616655e-07,1.7933348317455966e-07
-5.505615519041385e-08,6.694416754271515e-08,-1.3792353570352134e-07,7.14785173272503e-08,2.0491187058269134e-07,1.1861819970704346e-08,-1.1214217465749243e-07,2.3815479366362524e-08,-6.412401631905595e-08,2.2197319538008742e-08,1.014680677258184e-07,1.0000004768371582,-6.90187249574592e-08,5.5495103623570685e-08,2.3012908911823615e-08,-4.206072787837911e-07
3.237640200381975e-08,-2.4021435507393107e-08,1.0000016689300537,1.4663525860214577e-07,-8.382890825942013e-08,9.495985864305112e-08,5.8789520807067674e-08,-3.6156188798486255e-07,-7.77841293597703e-08,1.55576373117583e-07,6.738938651551507e-08,8.924529737441844e-08,1.3203403170791717e-07,-2.430979861856031e-07,7.046731553828067e-08,-1.208462396817822e-08
2.3503265822455432e-07,1.7267571195134224e-07,7.322266526443855e-08,5.658786150775086e-08,8.231030079741686e-08,-4.3116276771115736e-08,-1.751371030422888e-07,-8.08320947953689e-08,7.678821845047423e-08,1.383218091177696e-07,1.0000011920928955,-4.004034082072394e-08,-3.8342754749010055e-08,1.358618959557134e-07,6.970822141738608e-08,-1.515648619943022e-07
2.2205594518709404e-07,0.9999982714653015,5.118515389312961e-08,1.6285294179851917e-07,-1.2031038920667925e-07,6.58386198892913e-08,1.8665886614144256e-08,-5.365081889863177e-08,5.8608517150560147e-08,-1.5984322487838654e-07,2.0727432570311066e-07,9.364781305976067e-08,-1.0610985867742784e-07,6.710002509180413e-08,1.1931510357499064e-07,-6.957169063070978e-08
-4.007229392755107e-08,-7.910465882332574e-08,7.790064415758025e-08,4.237984629895664e-09,1.000002145767212,4.3899419210902124e-07,1.391250918914011e-07,4.1078980217434946e-08,6.415343989374378e-08,-5.026983274092345e-08,1.2012963956919975e-08,-4.474275172583475e-08,-1.4365713241204503e-07,-6.18324875745202e-08,-6.46426343564599e-08,8.401369910870926e-08
-6.01284355639109e-08,-1.5627996674538736e-07,-1.4324783137453778e-07,9.738747053233965e-08,-1.0181873477677073e-07,1.000002145767212,-1.050458848794733e-07,1.3191014147651003e-07,2.1015050322148454e-07,5.897600630078159e-08,1.494864250162209e-07,6.04755712174665e-08,7.651672717656766e-08,3.166618114391895e-07,-2.3297329221350083e-07,3.4016789385304946e-10
8.01760506874416e-08,-5.6371746381955745e-08,-1.3288591560467466e-07,1.9838539344618766e-07,-4.60716904626679e-08,-1.683558359388826e-08,-4.124954955386784e-08,-3.673192594533248e-08,0.9999982714653015,2.424901612840813e-09,1.073341380219972e-07,6.92006381086685e-08,1.0663254101928032e-07,-3.1011513357270815e-08,4.460708247222556e-09,8.962049768967972e-09
5.612302800273028e-08,6.067956093147586e-08,1.673705867233366e-07,4.498220391724317e-07,3.701959627733231e-08,-2.1278965789406357e-07,1.2874100718818227e-07,8.743774770891832e-08,-1.8444663396621763e-07,1.0000009536743164,3.7491762583385935e-08,-6.453525713823183e-08,9.341837881038373e-08,6.184009038179283e-08,1.4770995093726924e-08,-6.723931278429518e-08
-8.490781056025298e-08,-7.044559424684849e-08,4.737057679449208e-08,1.9604370038450725e-07,4.199413794481188e-08,-7.868145246447966e-08,-1.0714252596244478e-07,-7.294165271787278e-08,-4.647894513709616e-09,-6.610850533661505e-08,-2.2725382109456405e-07,-3.7765664728794945e-07,1.62646571766345e-07,-5.730769103706734e-08,0.9999991655349731,-6.223848458830616e-08
6.928915752268949e-08,-8.818631158646895e-09,-6.440765787374403e-08,-3.452609220744307e-08,-7.645459731975279e-08,1.5773153894116376e-09,-2.4807286536088213e-07,-1.6483832609992533e-07,3.156246748403646e-07,-9.519627042209322e-08,3.545602211829646e-08,-1.319975950764274e-07,0.9999977946281433,-7.14378867172627e-09,-9.36072339641214e-08,-6.22228597535468e-08
-5.3306283831489054e-08,4.626175353905637e-08,-2.3349490163582232e-07,-4.08309794863726e-08,9.010220480831777e-08,-3.970465556335512e-08,1.0000016689300537,9.007934664850836e-08,-1.0409776507458446e-07,-3.3451438952170065e-08,1.4695305594614183e-07,-5.467386099411442e-09,-4.6796579056263e-08,-6.823056253324467e-08,-1.1132899402355179e-07,7.272762303500713e-08
1.3620503835909403e-08,-6.241421601771435e-08,-2.092051971658293e-07,1.611866764505976e-07,-1.3545901822453743e-07,-3.315921404123401e-08,-1.3795703068808507e-07,8.934028272733485e-08,-2.697677459195802e-08,-5.6170282647372005e-08,5.440222849983911e-08,2.731724464410945e-07,-1.1334873306623194e-07,1.9350478552837558e-08,-6.732993540481402e-08,1.0000014305114746
1.8043520455535145e-08,1.5528620167515328e-07,-8.19462826484596e-08,-4.984053347811823e-08,-1.9888977931259433e-07,-8.476713020399984e-08,-5.509838985062743e-08,1.0000020265579224,6.201291569141176e-08,-4.712414991558944e-08,-6.677424124745812e-08,-1.0272199801875104e-07,-1.9667727002570246e-08,-7.428162263067861e-08,2.1531187499590487e-08,-1.185191678132469e-07
-6.377315742156497e-08,-6.762019211237202e-08,7.76015625092441e-08,-1.9856307176269183e-07,-1.4812148663168045e-07,-2.4543311383240507e-07,-1.3079183247555193e-07,-1.3542332055749284e-07,-1.3971718715311e-07,9.70003739553249e-08,1.3289107414493628e-07,-1.6154437787463394e-07,-2.3122050052393206e-08,0.9999974966049194,-9.17156555146903e-08,-1.883538303104615e-08
