-0.33993107080459595,-0.6710730195045471,-0.24250636994838715,-0.041640132665634155,-0.29486238956451416,0.45127782225608826,0.25555485486984253,-0.1328967958688736
0.20891958475112915,0.3221662938594818,0.5378252267837524,-0.19154343008995056,-0.08787190169095993,0.6410434246063232,0.3002201020717621,-0.1335136890411377
-0.6058385968208313,0.2830144166946411,0.08040859550237656,-0.5610995888710022,-0.310571551322937,-0.08397413045167923,-0.3422352373600006,-0.10455664992332458
0.014061563648283482,0.35668301582336426,-0.34687742590904236,0.5290982127189636,-0.28787001967430115,0.34391817450523376,-0.40028849244117737,-0.3330646753311157
0.5971080660820007,0.014658118598163128,-0.32169097661972046,-0.37870025634765625,-0.6053369641304016,-0.13156428933143616,0.05153476446866989,0.09975571185350418
0.2776477038860321,-0.3826221823692322,0.1711249202489853,-0.19616252183914185,0.1921970099210739,0.306893527507782,-0.7436890602111816,0.15669511258602142
0.14826154708862305,0.056735560297966,-0.4073486924171448,-0.40546008944511414,0.5099986791610718,0.05548910051584244,0.06469117105007172,-0.6140878200531006
-0.133989155292511,0.2978551387786865,-0.4758591055870056,-0.14321167767047882,0.25007763504981995,0.38145461678504944,0.08538461476564407,0.6565349698066711
