-0.02357267215847969,0.06712361425161362,0.31562021374702454,0.5770568251609802,0.618496298789978,-0.1965961456298828,-0.32845088839530945,-0.18237872421741486
0.3788074553012848,0.3717547357082367,-0.34983956813812256,-0.15404774248600006,0.27408933639526367,0.5928604006767273,-0.38040995597839355,-0.029451699927449226
0.29451584815979004,-0.2031652182340622,0.012994780205190182,0.08084533363580704,-0.11321531981229782,-0.21622997522354126,-0.42954111099243164,0.7881621718406677
-0.06990153342485428,0.4220958352088928,0.1768713891506195,-0.5462066531181335,-0.07687892019748688,-0.5077350735664368,-0.4300433099269867,-0.19667412340641022
0.32321596145629883,0.08620744198560715,-0.7025598883628845,0.2638111114501953,-0.04457100108265877,-0.5191770792007446,0.11944224685430527,-0.19777439534664154
0.17070059478282928,-0.1443546563386917,-0.011165712028741837,-0.4665929973125458,0.6895062923431396,-0.18750455975532532,0.41558295488357544,0.2211391180753708
0.7934567332267761,-0.09991133213043213,0.46790629625320435,-0.0041424669325351715,-0.20460517704486847,-0.0004679664853028953,0.1376882642507553,-0.28401798009872437
0.03377446159720421,0.7743393182754517,0.18409976363182068,0.2259976714849472,-0.06589871644973755,-0.024763982743024826,0.41476693749427795,0.37054798007011414
