1.5613840886885555e-08,-6.762877546862e-08,0.9999983310699463,9.339600381963464e-08,-2.9552975888691435e-07,-1.1311070835517967e-07,2.143346478078456e-07,5.66542102120593e-09,9.354503305303297e-08,-4.92419260922361e-08,-6.129099006102479e-08,1.6013639481116115e-07
1.4780925994273275e-07,1.0210413137201613e-07,5.210474185446401e-08,1.4824806271462876e-07,1.1269098365573882e-07,2.2375422759068897e-07,1.6160143445631547e-07,2.1312553144525737e-07,0.999998927116394,3.8662040680037535e-08,-1.0877023015609666e-07,-9.161271208313337e-08
2.747302652039707e-08,-5.060455166017164e-08,1.8623558162289555e-07,1.8706987248151563e-07,3.060201692051123e-08,8.052973399230723e-09,8.85839810393918e-08,1.000001072883606,1.9132013306943918e-08,1.1956940682011918e-07,1.462315335487574e-08,-2.3675768900943694e-08
-6.475847413867086e-08,-9.389230370970836e-08,-2.192542680745646e-08,-1.5281565879377013e-07,0.999997615814209,-8.532976636388412e-08,-2.231450366707577e-07,-6.144379227635e-08,1.7696415000045818e-07,2.409394710412016e-07,-2.3367846324617858e-08,-2.3052770359299757e-08
-1.2019327755297127e-07,-2.764568876045814e-07,1.4667671166535e-07,1.0000019073486328,-8.804023621244994e-10,3.044007712560415e-08,-9.196078565310017e-08,-7.556842263056751e-08,1.1454186932269295e-07,-1.4014408122875466e-07,2.3153233996708877e-08,1.3842182955414728e-09
-1.4902353484558262e-07,1.0000005960464478,1.5203001169084018e-07,-9.151152369213378e-08,2.030558903243218e-07,1.0684970419561068e-07,3.1765091534907697e-07,7.665102685905367e-08,3.6138501080529295e-09,3.01852729478469e-08,2.2880971073391265e-07,5.99762017827743e-08
-5.917238965480465e-08,-2.457735774896719e-07,-6.395907803380396e-08,9.622942087617048e-08,-1.1761454743464128e-07,2.4455589553440404e-08,3.652775859563917e-08,-1.1832341328954499e-08,-7.805689250517389e-08,-1.8359497255815427e-09,-4.598832603619485e-08,1.0000017881393433
-5.186808849089175e-08,-2.559001233137792e-09,-7.215464847831754e-08,4.178068024884851e-08,4.629292149616049e-08,7.214138975086826e-08,-4.0009410895436304e-08,1.1738201521893643e-07,-9.23973573208059e-08,1.0000001192092896,-3.0015218044354697e-07,-1.5279274734325554e-08
-2.369879936736652e-08,-9.240753939820934e-08,7.774362131840462e-08,-2.403464236522268e-07,4.6525105545924816e-08,1.000002145767212,3.098056424732931e-07,-5.7088239913127836e-08,2.0850011139827984e-07,1.2088985101854632e-07,3.351302169107839e-08,3.02988283351624e-08
0.9999976754188538,9.307714066153494e-08,1.760044057164123e-07,-7.390364942239103e-08,-3.335348139898997e-07,-8.581755395198343e-08,2.7194211327241646e-08,-7.682452718427157e-08,-2.06879740005661e-08,1.6196955243685807e-07,-1.3522622133166351e-08,9.872744755057283e-08
-8.316349919823551e-08,1.4266188230749322e-09,1.8681440394630044e-07,2.1884905265778798e-07,1.9633276338026917e-07,3.817515548121264e-08,0.9999999403953552,2.6033899303001817e-07,-1.9251388039265294e-07,-5.008075021351033e-08,4.275846521295534e-08,-1.0443283571248685e-07
-1.6342153230652912e-07,9.822092295053153e-08,5.5795879916331614e-08,-1.3008555121984955e-08,-1.8526087330883456e-08,2.3033697971186484e-07,7.192677031753192e-08,-1.6165378724508628e-07,6.474101610365324e-08,-2.705946258174663e-07,0.9999980330467224,-1.3367699125410581e-07
