1.297231833063961e-08,-3.00136484554514e-08,-1.868482968347962e-07,-2.895080228881852e-07,-2.6292223509472024e-08,1.000002145767212,-6.967705701299565e-08,-2.1135551975248745e-08
2.6128873287234455e-07,-5.897680566135932e-08,-6.816349440441627e-08,6.603303859264997e-08,-3.5994940361661065e-08,-2.4930644215714892e-08,3.508359469606148e-08,1.0000003576278687
6.232679794493379e-08,1.0000009536743164,6.806514818435971e-08,8.142220764284502e-08,-2.0054064009400463e-07,-8.731113609883323e-09,-7.283647107669822e-08,-7.567017945575572e-08
1.335276778036132e-07,1.4950201432384347e-07,-6.216109227352717e-08,0.9999974966049194,2.847048286014342e-08,1.4132246484166444e-08,-8.156695940897407e-08,-6.608753011505542e-08
-6.541738173382328e-08,-5.449705131610472e-10,-1.5970594802183768e-07,9.656212540676279e-08,2.6246482320857467e-07,-3.4825143302441575e-07,1.0000027418136597,-1.672211524805789e-08
-6.134264651791455e-08,2.451000682412996e-07,1.0000026226043701,-5.978367312309274e-08,-1.3734045012370188e-08,1.6890652432266506e-08,2.800565468419336e-08,-2.8507052718396153e-08
1.0000016689300537,-9.401269096542819e-08,2.4293566980304604e-07,8.829943709542931e-08,8.96719072329688e-08,-9.056572736199087e-08,-9.140595125245454e-08,-2.4831948053360975e-07
-1.3254319242150814e-07,-3.783742670293577e-07,-1.850541337944378e-07,-1.3883865790376149e-07,1.0000020265579224,-1.4162574757392576e-07,1.1529694887713049e-07,2.4523845354451623e-07
