2.5384349555679364e-07,0.9999984502792358,9.06289514546188e-08,6.754040526857352e-08,-5.996231777771754e-08,4.566230131786142e-07,-6.725773715743344e-08,7.896195342027568e-08
-1.1628110030414973e-08,1.7961407650091132e-07,-1.0346881573752853e-08,1.000000238418579,-3.065413167746556e-08,1.0157186380865824e-07,-8.467343093343516e-08,3.90766849989177e-08
1.749587426047583e-07,-8.301774556684904e-08,1.7494691917363525e-08,1.1685316536613755e-07,3.860391473153868e-08,1.0000003576278687,3.0808627116130083e-07,5.441091843749746e-08
-1.7311454314494767e-07,1.7887890635392978e-07,7.651832589772312e-08,-2.1701323760225932e-07,7.207000152220644e-08,4.1477974832559994e-08,0.9999975562095642,8.126787776063793e-08
4.5337063880879214e-08,9.854510096829472e-08,-4.705870182419858e-08,9.742107209831374e-08,0.9999977350234985,-4.5127269032718687e-08,-2.582752358648577e-07,-1.0918333970266758e-07
9.042224036193147e-08,-1.4985020868607535e-07,1.4581506491140317e-07,-5.433799188381272e-09,3.4005712024054446e-08,-1.3460162051615043e-07,-5.769507893660375e-08,1.000002145767212
1.0000016689300537,4.100260397876809e-08,-1.2951780092862464e-07,-5.176320705402304e-09,8.516020244542233e-08,-9.330929628958984e-08,-2.0938411893212105e-08,-1.6573770267314103e-07
-3.9975525112367905e-08,-8.55586392844998e-08,0.9999997019767761,-1.0287847374002013e-07,7.224168996344815e-08,-9.987329185889848e-09,-1.0980786946390708e-08,-1.7705816901525395e-07
