-5.3587747572692024e-08,0.999998152256012,2.3488365741286543e-07,9.50019085621534e-08,-7.374441679530719e-08,1.904688851084302e-08,-1.703507308548069e-07,-8.747711888190679e-08
9.833080838461683e-08,9.572475079266951e-08,6.32468371009054e-08,-2.22199503241427e-07,-1.1462616811286352e-07,1.1139452027464358e-07,0.9999982714653015,5.428737992474453e-08
1.3926084818649542e-07,-1.1367295371655928e-07,-9.376034881825035e-08,5.1919879950901304e-08,1.7307739241800846e-08,7.478478636357977e-08,-8.746125246261727e-08,1.0000016689300537
-2.3135347859692956e-08,-5.666278823923676e-08,3.2158213869593055e-09,-8.237383042342117e-08,9.571034809141565e-08,1.0000007152557373,1.91271766425416e-07,-2.3449533159691782e-07
1.6508505495949066e-07,1.0911361592036428e-08,0.999998152256012,-2.160026895126066e-07,2.8628037718192445e-09,1.2091761902865983e-07,-7.056092243828971e-08,7.777693156185705e-08
-7.011942670942517e-08,9.067323958333873e-08,2.0350308105321346e-08,1.0000015497207642,-5.024542559795009e-08,-1.0328393784675427e-07,3.3203971838702273e-07,-6.466159163664997e-08
1.000001072883606,-2.194800714505618e-07,2.57102890088845e-08,-1.806738367804428e-07,9.615520468742034e-08,-1.780269514028987e-07,-8.081083535671496e-08,-1.2676078142703773e-07
3.224377209676277e-08,3.5286421962155146e-07,1.654181716048697e-07,1.311324524522206e-07,1.0000011920928955,7.64752599025087e-08,-7.416866765197483e-08,-5.245405176879103e-08
