-0.18229131400585175,0.3047012686729431,-0.16085226833820343,-0.10484427958726883,0.16447407007217407,0.3615514636039734,-0.43820491433143616,-0.22374628484249115,0.18517929315567017,0.031733907759189606,0.31470897793769836,-0.1673080027103424,-0.14726099371910095,-0.2621781527996063,0.35572588443756104,-0.24064107239246368
0.5061251521110535,-0.1113099455833435,0.08577047288417816,0.1251341998577118,-0.009963822551071644,-0.42993539571762085,-0.4166804254055023,-0.0035641700960695744,0.1191064789891243,0.29413285851478577,0.27821555733680725,-0.2970467805862427,0.27588242292404175,0.0641297996044159,0.005179321393370628,-0.057098861783742905
0.2870575785636902,0.2264946550130844,0.011847024783492088,-0.16015997529029846,0.22936618328094482,-0.2945743203163147,-0.35262012481689453,0.155880868434906,-0.2264845073223114,-0.21613985300064087,-0.2915414571762085,0.42537933588027954,-0.27175524830818176,-0.2053452581167221,-0.0752972811460495,-0.2585333585739136
0.020582664757966995,0.16413064301013947,0.6930817365646362,0.1959560364484787,0.23762895166873932,-0.08940804749727249,0.1870999038219452,0.027123745530843735,0.15230600535869598,-0.31241562962532043,0.11497300863265991,-0.08582748472690582,-0.15843740105628967,0.2635926306247711,0.31839123368263245,-0.12779632210731506
-0.046266987919807434,0.21617190539836884,0.27970457077026367,0.11642710119485855,-0.05124533176422119,0.3680718243122101,-0.316308856010437,-0.046530820429325104,0.056418273597955704,0.10676870495080948,-0.5605945587158203,-0.23336809873580933,0.23051176965236664,0.18802399933338165,-0.3469477891921997,-0.16386288404464722
-0.11571560055017471,-0.04551127925515175,-0.39850524067878723,0.5544739961624146,0.42411690950393677,-0.0987330749630928,-0.19007934629917145,-0.21068750321865082,-0.15444733202457428,-0.14976216852664948,-0.13648167252540588,-0.02009625732898712,-0.0544310063123703,0.3453378677368164,0.09201271086931229,0.22835107147693634
-0.4053177237510681,-0.07924121618270874,-0.15214337408542633,0.13807421922683716,-0.2924612760543823,-0.29087358713150024,-0.027059262618422508,0.10751819610595703,0.11706690490245819,0.06183283403515816,-0.0910109207034111,0.22596561908721924,0.23389741778373718,0.20638878643512726,0.2584730386734009,-0.6031663417816162
-0.25899800658226013,-0.4914616644382477,0.21872970461845398,0.18022261559963226,-0.2232673466205597,-0.05996678024530411,-0.25806039571762085,0.07565688341856003,-0.28596869111061096,0.018878670409321785,-0.04258032888174057,-0.30549463629722595,-0.5075811147689819,-0.2142242193222046,-0.03240252286195755,-0.058679331094026566
-0.1427115947008133,0.08508583903312683,0.1655210554599762,0.3090141713619232,-0.03804582357406616,-0.01511144358664751,-0.17067165672779083,0.3428005874156952,0.3410032093524933,0.29808321595191956,-0.16438065469264984,0.3180093765258789,0.03230496123433113,-0.3118892312049866,0.24301426112651825,0.45883265137672424
0.010653764940798283,0.40952280163764954,-0.10615760087966919,-0.0559522844851017,0.011838017031550407,-0.20733200013637543,0.2844200134277344,0.12738259136676788,-0.3780515789985657,0.34911975264549255,-0.2884463369846344,-0.4300745129585266,-0.05397370457649231,-0.08391271531581879,0.36675867438316345,0.009540957398712635
-0.3563609719276428,0.13931232690811157,-0.03525139391422272,-0.24584007263183594,-0.038302287459373474,-0.4607079029083252,-0.1209406778216362,-0.05729074776172638,0.2600958049297333,-0.46888467669487,-0.11816475540399551,-0.3341611325740814,0.17512322962284088,-0.18933452665805817,-0.1328505277633667,0.2509913742542267
0.16518095135688782,-0.13373936712741852,0.17682912945747375,0.09955737739801407,-0.24019335210323334,0.0615786574780941,-0.020581064745783806,-0.5258790850639343,-0.2969558835029602,-0.22299693524837494,-0.17586998641490936,0.14574120938777924,0.374960333108902,-0.3177339434623718,0.3713614344596863,0.07517041265964508
0.2769681215286255,-0.3990260660648346,-0.19046804308891296,0.010156444273889065,0.27133890986442566,0.06764115393161774,0.2448476105928421,0.0019524996168911457,0.4810655117034912,-0.055469710379838943,-0.4073113799095154,-0.20222730934619904,-0.07827429473400116,-0.25168389081954956,0.1510985791683197,-0.23649361729621887
0.1554124653339386,0.3206574618816376,-0.08181691914796829,0.26797494292259216,-0.4257662892341614,-0.1821291297674179,0.14628225564956665,-0.46626004576683044,0.30232447385787964,0.08930593729019165,-0.04374026879668236,0.06330377608537674,-0.44759294390678406,-0.010860138572752476,-0.1874699741601944,-0.019453536719083786
0.01619907282292843,0.1982119381427765,-0.06776878982782364,0.5407372117042542,0.0489867702126503,0.06066863238811493,0.2096717804670334,0.24102917313575745,-0.12548846006393433,-0.20541700720787048,0.24198366701602936,-0.10857221484184265,0.21810312569141388,-0.46956226229667664,-0.312216192483902,-0.24799077212810516
-0.32404106855392456,-0.07963192462921143,0.24391455948352814,-0.05897342041134834,0.4773256182670593,-0.2356988489627838,0.145299032330513,-0.41471177339553833,-0.029980214312672615,0.4433787167072296,0.029385732486844063,0.14323486387729645,0.07447939366102219,-0.2175598442554474,-0.2551659941673279,-0.11108415573835373
