-0.470289945602417,-0.12439242005348206,0.22101575136184692,0.010048498399555683,-0.1640963852405548,-0.1842980533838272,-0.03491755574941635,-0.8076444864273071
0.0390031635761261,0.2888215482234955,0.053252559155225754,0.4769293963909149,-0.4433438777923584,0.27532145380973816,0.640457808971405,-0.047126516699790955
-0.37733668088912964,-0.021193020045757294,0.48410654067993164,-0.35870155692100525,-0.37900030612945557,-0.29435262084007263,0.15950779616832733,0.48827728629112244
0.13544577360153198,0.4887039065361023,0.5321091413497925,0.3396802246570587,0.4505698084831238,-0.37177252769470215,-0.05474717915058136,-0.00864361971616745
-0.15182776749134064,0.6833187341690063,-0.5265774130821228,-0.3412103056907654,-0.06675895303487778,-0.3134501576423645,0.08135055005550385,-0.08360664546489716
0.10107605904340744,-0.3078942894935608,-0.31560251116752625,0.4716813266277313,-0.26000553369522095,-0.6972755193710327,-0.06351659446954727,0.12275329232215881
0.7554385662078857,-0.05827692523598671,0.2001207172870636,-0.41131478548049927,-0.24696990847587585,-0.20789866149425507,0.16693761944770813,-0.2908661961555481
0.11234185099601746,0.3109784722328186,0.11781716346740723,0.1424872726202011,-0.5448043346405029,0.19419051706790924,-0.7222411036491394,0.018305843695998192
