-0.47968244552612305,0.4539966881275177,-0.16237427294254303,-0.23476402461528778,-0.048844121396541595,0.15812885761260986,0.13815900683403015,-0.05185559764504433,-0.5369386672973633,0.0775999128818512,-0.2645261883735657,0.262383371591568
-0.5790688991546631,-0.26231905817985535,-0.09132746607065201,0.3282984495162964,0.08308733999729156,-0.11124387383460999,0.18280965089797974,0.18320892751216888,0.4524587094783783,0.23565447330474854,-0.21295331418514252,0.2964498698711395
-0.05890726298093796,0.36810246109962463,0.051727551966905594,0.32878896594047546,-0.17401272058486938,0.28118252754211426,0.13845860958099365,0.2876485586166382,0.12330828607082367,-0.4095911979675293,0.5308883190155029,0.2723669707775116
0.1059613823890686,0.27870067954063416,-0.20669513940811157,0.003270742716267705,0.3622366487979889,-0.3122732937335968,0.3209174871444702,0.26731646060943604,-0.08209047466516495,0.5113269090652466,0.4021437466144562,-0.18781191110610962
-0.4592054784297943,-0.021192971616983414,0.5830622315406799,0.07670793682336807,0.05149509385228157,0.1612214744091034,0.16480571031570435,-0.23119652271270752,-0.06345757842063904,0.05465032532811165,0.2039695680141449,-0.5338150858879089
0.07767438888549805,-0.19600100815296173,0.10836726427078247,-0.5071385502815247,-0.2239082008600235,-0.16714581847190857,0.7273099422454834,-0.039241090416908264,0.13313131034374237,-0.20173098146915436,0.03922800347208977,0.13442236185073853
-0.1499244123697281,-0.16416729986667633,-0.4651995897293091,0.07776981592178345,0.5576700568199158,0.00738246226683259,0.13999953866004944,-0.32053494453430176,-0.06575499475002289,-0.5136456489562988,0.09669604152441025,-0.13120198249816895
-0.19490249454975128,0.3190671503543854,-0.4319170117378235,-0.09353379160165787,-0.48838216066360474,-0.19103990495204926,-0.11336662620306015,-0.30891069769859314,0.3916235864162445,0.016551945358514786,0.09407948702573776,-0.345142126083374
0.017322182655334473,0.0639953464269638,-0.10991571843624115,0.10628349334001541,-0.0877278596162796,0.02533741295337677,0.17090249061584473,0.6098724007606506,-0.05195881053805351,-0.28158214688301086,-0.4487733840942383,-0.5285367369651794
-0.001842395169660449,0.4327540695667267,0.3827556371688843,0.08125316351652145,0.21627146005630493,-0.6574957370758057,-0.08759459853172302,-0.09076714515686035,0.1121552512049675,-0.3002927899360657,-0.21691790223121643,0.12174279987812042
-0.09045781940221786,-0.34123456478118896,-0.080316461622715,0.3785872757434845,-0.4074125587940216,-0.47863930463790894,0.024190017953515053,-0.014452761970460415,-0.5388054251670837,-0.06820198893547058,0.18575744330883026,0.01595296710729599
0.3661024868488312,0.1909681260585785,-0.013871148228645325,0.5384190082550049,-0.08037406206130981,0.1830875128507614,0.44640544056892395,-0.4195159375667572,-0.0006458935677073896,0.16528752446174622,-0.3111514747142792,0.004865890834480524
