0.13768048584461212,-0.4775639474391937,0.10439206659793854,-0.6155719757080078,-0.03188304230570793,0.004314030054956675,0.20403052866458893,0.5661138892173767
0.3678200840950012,-0.29534849524497986,-0.6982919573783875,0.14858905971050262,-0.43478694558143616,0.06735382229089737,-0.271316260099411,0.024513229727745056
0.37944892048835754,-0.4678185284137726,0.035605140030384064,0.17015275359153748,0.7179524302482605,-0.13687670230865479,-0.17762422561645508,-0.20297935605049133
0.1424810290336609,-0.08822811394929886,0.2978741228580475,0.04386328160762787,-0.36949387192726135,-0.8531002402305603,-0.08220585435628891,-0.10099360346794128
-0.4099651575088501,0.07047126442193985,-0.6286810040473938,-0.1249777302145958,0.32054948806762695,-0.47517868876457214,0.2905258536338806,0.05615358427166939
-0.505022406578064,-0.6479748487472534,0.0787292867898941,0.07868775725364685,-0.22309622168540955,0.1427127718925476,0.2140500843524933,-0.44354894757270813
0.5076730847358704,0.12368312478065491,-0.057950060814619064,-0.066789411008358,-0.07288277894258499,0.049076225608587265,0.7625952959060669,-0.36039063334465027
-0.02486845664680004,-0.13389955461025238,0.08186125755310059,0.7360999584197998,-0.011177300475537777,-0.018994005396962166,0.3669857680797577,0.5456593632698059
