-0.22696490585803986,0.008979911915957928,-0.24506069719791412,0.09503250569105148,0.15634296834468842,0.5182055234909058,0.15410153567790985,0.0035434432793408632,-0.35099267959594727,0.37808141112327576,-0.29116523265838623,0.0056234486401081085,0.04332614317536354,0.15444816648960114,0.3789708614349365,0.20561762154102325
0.48761066794395447,-0.04104796051979065,0.23833425343036652,-0.19925910234451294,0.15725526213645935,0.10774515569210052,0.015415355563163757,-0.3648685812950134,-0.6015826463699341,-0.08030510693788528,-0.02640821598470211,-0.22434453666210175,-0.010086518712341785,-0.2558801770210266,-0.09414232522249222,-0.022874517366290092
-0.5418269634246826,-0.21878975629806519,-0.09688334167003632,-0.17176809906959534,-0.324884831905365,0.05540985241532326,-0.1938983052968979,-0.3032195270061493,-0.15884914994239807,-0.061151426285505295,0.033446043729782104,-0.45135512948036194,-0.00427948497235775,0.19733931124210358,-0.3297012150287628,-0.005345379933714867
-0.24217483401298523,0.08993924409151077,0.33354005217552185,-0.07320043444633484,-0.322274774312973,-0.28636977076530457,0.15060955286026,0.253642737865448,-0.4029100835323334,0.0476970411837101,-0.37247613072395325,0.391186386346817,-0.06945064663887024,-0.08520817011594772,-0.21488089859485626,0.17068757116794586
0.01269421074539423,-0.35103023052215576,0.19340477883815765,0.02549407072365284,-0.1338321417570114,-0.25983190536499023,-0.47430360317230225,-0.12885960936546326,-0.10576751828193665,0.3854353129863739,0.2726210951805115,0.15302176773548126,-0.237845316529274,0.010883369483053684,0.4332757890224457,0.09831827133893967
-0.30370306968688965,-0.06448092311620712,0.41444599628448486,-0.12229153513908386,0.24440905451774597,0.10310027003288269,0.5160634517669678,-0.40231040120124817,0.17766791582107544,0.12858116626739502,0.2721804082393646,0.22776831686496735,-0.16952258348464966,0.053189899772405624,-0.031048957258462906,-0.10842050611972809
-0.004164291545748711,0.2533378005027771,-0.03962425887584686,0.012733811512589455,0.01495316345244646,0.1668141633272171,-0.05816412717103958,0.10388002544641495,0.17561063170433044,0.22452965378761292,0.016804618760943413,-0.22874510288238525,-0.689988911151886,-0.36711254715919495,-0.2314271628856659,0.305897057056427
0.043370138853788376,-0.4201531410217285,0.2191091626882553,0.300017386674881,0.12680648267269135,0.1106281727552414,0.18717537820339203,0.5817515254020691,-0.21506188809871674,-0.0002272436540806666,0.31134089827537537,-0.24577537178993225,-0.09016699343919754,0.1893181949853897,-0.17758357524871826,-0.05183660611510277
-0.10536465048789978,0.09619824588298798,-0.03498871996998787,0.28817689418792725,-0.21469101309776306,-0.0010647367453202605,0.06063564494252205,0.0027061563450843096,-0.06817220151424408,0.3406780958175659,-0.049054719507694244,-0.106934554874897,0.03568318858742714,-0.39858096837997437,0.026760973036289215,-0.7417467832565308
0.2542193830013275,0.08596684783697128,0.12412627041339874,-0.5024750232696533,0.029389575123786926,0.1143077164888382,-0.15746939182281494,0.17714060842990875,0.13629940152168274,0.45378217101097107,-0.17278604209423065,0.0034908626694232225,-0.029026871547102928,0.44525080919265747,-0.23015309870243073,-0.28907349705696106
-0.2154596745967865,0.34529247879981995,0.5294517278671265,0.3158358931541443,0.2779965400695801,0.23293809592723846,-0.5120226144790649,-0.009315471164882183,0.02765355259180069,-0.07575991749763489,-0.05365288257598877,-0.019230956211686134,0.2072344571352005,0.034597236663103104,-0.08077437430620193,0.0078779561445117
-0.28122302889823914,0.3218059539794922,-0.2729189395904541,-0.29949328303337097,0.3569650650024414,-0.14502012729644775,-0.14415152370929718,0.2047007828950882,-0.37488362193107605,-0.1995333433151245,0.342069149017334,0.13811330497264862,-0.21764005720615387,0.03352620080113411,0.09560082852840424,-0.26070648431777954
0.13057710230350494,-0.22707760334014893,-0.17191602289676666,0.2634149491786957,-0.08097834885120392,0.3399050831794739,-0.19049596786499023,-0.18024101853370667,-0.05511528626084328,-0.2778194546699524,-0.1377367228269577,0.4934486448764801,-0.39529016613960266,0.17920632660388947,-0.2310427576303482,-0.23904180526733398
0.14172127842903137,0.4000328481197357,0.12937340140342712,0.2803679406642914,-0.21318422257900238,-0.22471143305301666,0.19132991135120392,-0.14495804905891418,-0.08698980510234833,-0.1293555200099945,-0.0713229551911354,-0.28321707248687744,-0.32965749502182007,0.520678699016571,0.2742578983306885,-0.07991089671850204
0.15315774083137512,0.3476952910423279,-0.0630682185292244,0.04825763404369354,-0.4649258255958557,0.2904827296733856,0.04089098796248436,-0.020347611978650093,-0.13417017459869385,0.14751844108104706,0.5936090350151062,0.21312390267848969,0.23471787571907043,0.060409098863601685,-0.15126191079616547,0.16595637798309326
0.04870777949690819,0.047674745321273804,-0.2864464819431305,0.3678680956363678,0.35727164149284363,-0.4216618537902832,0.00663346191868186,-0.23581743240356445,-0.11981982737779617,0.38193321228027344,0.02158975973725319,0.06964049488306046,0.10586953163146973,0.15684831142425537,-0.444999635219574,0.13229316473007202
