0.6146684885025024,-0.32184794545173645,-0.17245064675807953,-0.4411678910255432,-0.43707799911499023,-0.2662990689277649,-0.11853357404470444,0.13500097393989563
-0.3330495357513428,0.1630689650774002,0.2535775899887085,-0.6754400730133057,-0.2513003945350647,0.4539334177970886,-0.24544034898281097,-0.11187256872653961
0.1482505053281784,0.8158411383628845,-0.3609433174133301,0.13421708345413208,-0.40120598673820496,0.024229126051068306,0.03988315165042877,0.031411752104759216
-0.34857603907585144,-0.15495142340660095,-0.21932333707809448,-0.2049519419670105,-0.21359163522720337,0.0009393876534886658,0.8000344038009644,0.2805357873439789
-0.49858665466308594,-0.1976010501384735,-0.6464365124702454,-0.023890474811196327,-0.08700309693813324,-0.2822425067424774,-0.3682594895362854,-0.2665875256061554
0.1696181297302246,0.28538867831230164,-0.260944128036499,-0.524655818939209,0.6988345384597778,-0.17181487381458282,0.1420610100030899,-0.09140367060899734
-0.2963714301586151,0.24162304401397705,0.41743895411491394,-0.1123073548078537,-0.061330024152994156,-0.7254688739776611,-0.1332027018070221,0.3451160788536072
0.0508122444152832,0.03662392124533653,0.25951480865478516,-0.026115326210856438,-0.19880232214927673,-0.29488155245780945,0.3324519097805023,-0.831292450428009
