0.337331086397171,-0.01617462933063507,-0.2588019073009491,-0.8513182997703552,-0.07826578617095947,-0.27433231472969055,0.06731585413217545,-0.09117797762155533
-0.1171836405992508,-0.2627546489238739,0.12517817318439484,-0.011666931211948395,0.3009667992591858,-0.5524266958236694,-0.08777747303247452,0.7056616544723511
-0.25199180841445923,0.3379212021827698,0.14619062840938568,0.002325870795175433,-0.797857403755188,-0.33382749557495117,-0.20090296864509583,0.11204642057418823
0.7988531589508057,0.024080371484160423,-0.039086468517780304,0.4211195409297943,-0.21735171973705292,-0.20011915266513824,0.28122076392173767,0.1265403777360916
-0.36643293499946594,-0.5008378624916077,-0.36732542514801025,0.121599942445755,-0.2533408999443054,-0.187131866812706,0.5871827602386475,-0.1455729454755783
0.11789218336343765,-0.5165860056877136,0.7540592551231384,-0.20495519042015076,-0.2348012775182724,0.20437175035476685,0.10173073410987854,-0.03713667392730713
-0.06310219317674637,0.2568815052509308,-0.08185917139053345,-0.1971888542175293,-0.13247470557689667,0.5337271094322205,0.4372803568840027,0.625153124332428
-0.13660022616386414,0.4819132387638092,0.42920759320259094,-0.045823775231838226,0.2874240577220917,-0.3262319564819336,0.5674229264259338,-0.22753483057022095
