0.6927065849304199,0.027038736268877983,0.21717248857021332,-0.2692278027534485,-0.4728117287158966,0.3984639644622803,0.09614239633083344,-0.09062189608812332
-0.4330306649208069,-0.22805258631706238,0.586042046546936,-0.23152557015419006,-0.4447823166847229,-0.27346351742744446,-0.10740020871162415,-0.2815631031990051
0.1541803926229477,-0.46017515659332275,-0.4168703258037567,-0.004517215769737959,-0.13737142086029053,-0.38697171211242676,0.550225555896759,-0.34539666771888733
-0.3435041010379791,0.3059816360473633,-0.2720337510108948,-0.7023152709007263,0.13044287264347076,0.29255160689353943,0.20496582984924316,-0.27661553025245667
-0.05251752585172653,-0.5222808122634888,-0.12485987693071365,-0.45517775416374207,-0.043183207511901855,0.014983219094574451,-0.07980755716562271,0.7023025751113892
0.3182627856731415,0.0077444082126021385,0.4990781843662262,-0.294047087430954,0.6393848061561584,-0.3206363618373871,0.2269102931022644,-0.0003495622659102082
-0.2520025372505188,-0.39400988817214966,0.2818569242954254,0.28038662672042847,0.20223656296730042,0.6295602917671204,0.4300103187561035,-0.03215375542640686
-0.15271520614624023,0.46237653493881226,0.13226625323295593,0.0915248692035675,-0.30191871523857117,-0.17813657224178314,0.625856339931488,0.47162726521492004
