-0.13171882927417755,-0.09984493255615234,0.32271862030029297,-0.050772204995155334,0.2551511526107788,-0.3095036745071411,0.048072993755340576,-0.6093831062316895,-0.21672897040843964,0.049335040152072906,-0.054760001599788666,-0.05554158240556717,0.3326611816883087,0.0036578753497451544,0.3801761865615845,-0.14388500154018402
-0.2917262315750122,0.3434293270111084,-0.24944496154785156,0.02634243853390217,-0.14078225195407867,0.42921870946884155,-0.03688894584774971,-0.3025798797607422,-0.15836507081985474,-0.0943174883723259,0.10553716123104095,-0.2677822411060333,0.11534065753221512,-0.5032481551170349,0.05509401485323906,0.22506356239318848
-0.03330037742853165,0.11494521796703339,0.11154941469430923,-0.23246318101882935,0.07327169179916382,-0.010682794265449047,0.5161570906639099,0.23416408896446228,-0.28564196825027466,-0.28847768902778625,0.37038654088974,-0.39865049719810486,-0.12411774694919586,0.0787709504365921,-0.0028129469137638807,-0.3315512537956238
0.3003908097743988,-0.11722669750452042,0.17397645115852356,0.02273789420723915,-0.03570685535669327,0.3346603512763977,0.0037133696023374796,-0.3373801112174988,0.34113991260528564,-0.14976944029331207,0.3720194697380066,0.29413169622421265,0.02530662901699543,-0.21045275032520294,-0.19195960462093353,-0.438895046710968
-0.30537155270576477,-0.1861855536699295,0.12432435899972916,-0.18037773668766022,-0.12388640642166138,-0.042921628803014755,0.23822879791259766,0.03905470296740532,0.4606819152832031,0.4450371563434601,-0.23433002829551697,-0.3639296889305115,0.08476532250642776,-0.2373712658882141,-0.22858788073062897,-0.18761424720287323
-0.20617437362670898,-0.005658716429024935,0.3000210225582123,-0.1766127347946167,-0.2177581787109375,-0.10792811959981918,0.07071749866008759,0.13047583401203156,-0.29505836963653564,0.3240725100040436,0.1841060370206833,0.47696995735168457,-0.3630070090293884,-0.3872012794017792,0.1328764408826828,0.048290032893419266
0.043853651732206345,-0.027627386152744293,-0.05363553389906883,-0.3470175564289093,-0.536169707775116,-0.0022669509053230286,-0.13127240538597107,-0.41574010252952576,-0.23033010959625244,0.136692613363266,0.056995902210474014,-0.11040975153446198,-0.13656505942344666,0.4361242949962616,-0.31564873456954956,0.02822001837193966
-0.2185431569814682,-0.0589480847120285,-0.29532426595687866,0.6350149512290955,-0.4140416979789734,-0.3271397650241852,0.2998929023742676,-0.1254795640707016,0.07527261972427368,-0.051776573061943054,0.1436564177274704,0.07338617742061615,-0.058646269142627716,0.05900515243411064,0.08874277770519257,-0.1581304669380188
-0.042023975402116776,0.39770400524139404,0.5840482711791992,0.2533843517303467,0.00587042048573494,-0.09336879849433899,0.15721966326236725,-0.1579076498746872,0.13444261252880096,-0.2520228624343872,-0.19724735617637634,-0.017374655231833458,-0.21249088644981384,0.0391116626560688,-0.349659264087677,0.294283926486969
-0.026003867387771606,-0.4890551269054413,0.2537853717803955,0.04922901466488838,-0.30321693420410156,0.43796950578689575,0.3294866681098938,0.11330771446228027,-0.11970163881778717,-0.2048482447862625,-0.19109418988227844,0.09617383033037186,0.2825089395046234,0.10977107286453247,0.1513974666595459,0.2670615613460541
-0.11852560937404633,0.09976430982351303,-0.0027529997751116753,-0.13824863731861115,-0.08856751024723053,0.23331445455551147,-0.04797014966607094,-0.11303374916315079,0.2888951003551483,-0.16669951379299164,-0.3120459318161011,-0.03936050459742546,-0.53041672706604,0.16775614023208618,0.5617172718048096,-0.21057265996932983
0.09635370224714279,0.3191525936126709,-0.3522411584854126,-0.29295220971107483,0.12573044002056122,0.009627172723412514,0.5898905396461487,-0.15285331010818481,0.07862326502799988,0.08103004097938538,-0.23355524241924286,0.4364815652370453,0.14216268062591553,0.0786624625325203,-0.05416686832904816,0.06767672300338745
-0.30910050868988037,-0.427120566368103,-0.22820687294006348,-0.10502607375383377,0.23677532374858856,-0.1092308759689331,-0.038283251225948334,-0.13995559513568878,-0.18105365335941315,-0.4289510250091553,-0.2763431668281555,0.12012053281068802,-0.2704245150089264,-0.20511138439178467,-0.3725666403770447,-0.09104623645544052
-0.45215973258018494,-0.15200923383235931,-0.026877548545598984,0.03446066379547119,0.3876032829284668,0.21331854164600372,0.06932110339403152,-0.11365027725696564,0.20834095776081085,0.18000032007694244,0.4667724668979645,0.07088771462440491,-0.14883330464363098,0.37269479036331177,-0.02938639186322689,0.3105631470680237
-0.3726655840873718,0.25508883595466614,0.09893238544464111,0.22087404131889343,0.06257649511098862,0.33538323640823364,-0.14442755281925201,0.1453734040260315,-0.28644704818725586,0.1626514345407486,-0.22112205624580383,0.19567854702472687,0.1893901824951172,0.25312405824661255,-0.17976902425289154,-0.5011357665061951
0.3951112926006317,-0.16258588433265686,-0.05629165470600128,0.3495895564556122,0.2468147873878479,0.24974122643470764,0.22425831854343414,-0.1837197095155716,-0.3028101325035095,0.4193894565105438,-0.16464412212371826,-0.20709683001041412,-0.3758680820465088,-0.057668089866638184,-0.05025395378470421,-0.005743507295846939
