9.768974251755935e-08,-5.922752777109963e-08,1.5432181044161553e-07,-8.125073236442404e-08,-2.3791988823518295e-08,7.108676669531633e-08,0.9999991059303284,2.4671416909427535e-08
-1.1234720176389601e-07,-6.53166587483156e-09,-1.0095089209016805e-07,3.3245206054743903e-07,0.9999983310699463,2.1749937673121167e-07,-1.7893535542157224e-08,-8.582557597947016e-08
-2.7336378138898e-07,-2.0350091745058307e-07,8.481553948058718e-08,1.4437470952088916e-07,-3.6828478755523975e-07,1.0000017881393433,1.0733771915738544e-07,4.160193523006228e-09
2.5182777108057053e-07,-1.086294858509973e-07,-3.2758396883991736e-08,4.4850938962781584e-08,6.598751411956982e-08,2.2469806992830854e-07,7.638522703246053e-08,1.0000008344650269
-7.203896146279476e-09,4.813543696968736e-08,0.999997615814209,6.833876398104621e-08,-9.631148856215077e-08,-3.284946004100675e-08,5.218047860466868e-08,-2.3760092560110024e-08
1.000001072883606,-4.668604347557448e-08,9.87185870826579e-08,4.830497459806793e-07,-2.539790102673578e-07,-9.799139633059895e-08,-4.074285797628363e-08,8.744606105892672e-08
2.737655790951976e-07,-1.420106476857086e-09,7.366868715052988e-08,0.9999992847442627,2.3654722269839112e-07,7.392493017732704e-08,8.527527484147868e-08,8.754403779676068e-08
6.073904046388634e-08,1.0000011920928955,5.362387156537807e-08,3.4084941535894586e-09,-1.5177234047314414e-07,-1.1585449755102672e-07,1.0314393961152746e-07,-6.462153123720782e-08
