-0.1126595288515091,0.020930921658873558,0.21668244898319244,0.2062625288963318,0.3564705550670624,0.008181174285709858,0.13759489357471466,0.014315219596028328,0.08047855645418167,-0.05484672635793686,0.4116457998752594,-0.45013120770454407,0.27335649728775024,0.2342681884765625,-0.4238719046115875,0.24550223350524902
-0.23849128186702728,-0.2236098051071167,-0.14064113795757294,0.394688218832016,-0.14173762500286102,0.15951363742351532,0.02905545011162758,-0.4337300956249237,0.07717861235141754,0.263860285282135,-0.1732499897480011,0.04812997579574585,-0.29518166184425354,0.42650431394577026,0.04457724466919899,0.3226848542690277
0.1973956823348999,0.1632160097360611,-0.16605651378631592,0.31819212436676025,0.047379061579704285,-0.1342892348766327,0.05998990312218666,0.5058866739273071,0.15356989204883575,0.28976771235466003,0.42097026109695435,0.045823972672224045,-0.4266398251056671,0.11077868938446045,0.20253437757492065,-0.05996892601251602
0.0963142141699791,0.2624363601207733,0.017312493175268173,-0.15956400334835052,-0.16431717574596405,0.14896538853645325,-0.2988532781600952,-0.42563578486442566,0.4851660430431366,0.11465856432914734,0.4809267222881317,0.2589392364025116,0.10970278084278107,-0.12188789993524551,-0.031993623822927475,0.04041428118944168
0.2325931191444397,0.2867289185523987,-0.1998763233423233,0.11006859689950943,0.27211612462997437,-0.4299001097679138,-0.24289476871490479,-0.18149028718471527,0.2466716170310974,0.1348339170217514,-0.36826759576797485,-0.37137681245803833,0.1613398939371109,-0.048203498125076294,0.2543065845966339,0.12340464442968369
0.3212645947933197,-0.20224598050117493,-0.1404593139886856,-0.3349349796772003,0.07818770408630371,0.15895621478557587,0.2572101652622223,0.13584518432617188,0.19700384140014648,-0.03662169724702835,-0.07195566594600677,-0.007395836990326643,-0.18038365244865417,-0.25149476528167725,-0.05398252233862877,0.6811019778251648
0.12466732412576675,-0.335620254278183,-0.13002842664718628,0.16316841542720795,0.07349507510662079,-0.09471919387578964,-0.2819172739982605,-0.14280106127262115,0.08348078280687332,-0.03789743036031723,-0.024930862709879875,-0.1698193997144699,-0.41887056827545166,-0.37277573347091675,-0.5333953499794006,-0.27794378995895386
-0.16867049038410187,0.056245356798172,0.20525680482387543,-0.3380123972892761,-0.31900298595428467,-0.05884566903114319,-0.4812883138656616,0.3387581408023834,-0.048282697796821594,0.4196469187736511,-0.13203483819961548,-0.1895889937877655,-0.05277097597718239,0.17293833196163177,-0.24619194865226746,0.18780061602592468
0.12930700182914734,-0.37493494153022766,-0.11243239790201187,0.008617551997303963,-0.11391220986843109,0.26505330204963684,-0.22038067877292633,0.2738698720932007,0.5018175840377808,-0.34821170568466187,-0.09773994982242584,-0.1526208370923996,0.18388214707374573,0.350739449262619,0.14640124142169952,-0.19749516248703003
0.05726206302642822,-0.24652016162872314,0.346394419670105,0.4673883020877838,-0.3221603035926819,0.11102251708507538,0.0054842280223965645,0.09229230880737305,0.028318697586655617,0.23274007439613342,0.004644402302801609,-0.13441453874111176,0.3032212257385254,-0.4980248808860779,0.21904663741588593,0.10878447443246841
-0.3597891330718994,0.1155506893992424,-0.6192030310630798,-0.04364732280373573,0.028283093124628067,0.34480899572372437,0.18371769785881042,0.12845942378044128,0.09027761965990067,0.33596912026405334,-0.056202709674835205,-0.1421385407447815,0.25369584560394287,-0.22330114245414734,-0.1272149682044983,-0.16473545134067535
-0.27932730317115784,0.05042587220668793,-0.1490408182144165,0.14306481182575226,-0.4033920168876648,-0.5706279277801514,0.20908385515213013,0.14029067754745483,0.29737335443496704,-0.26345857977867126,-0.055133938789367676,0.22771409153938293,0.12330775707960129,-0.04302830249071121,-0.2692309021949768,0.15078790485858917
0.27555742859840393,0.5098572969436646,0.2069208025932312,0.29367753863334656,-0.017132608219981194,0.3665134906768799,0.08321332931518555,0.12671414017677307,0.1320672333240509,-0.05055217072367668,-0.42296627163887024,0.19039735198020935,-0.035185180604457855,0.052780862897634506,-0.37024497985839844,-0.03446711227297783
-0.45110374689102173,-0.05068158358335495,0.4387582242488861,-0.1543891727924347,0.35913681983947754,-0.027299748733639717,0.18056920170783997,0.046025946736335754,0.48803189396858215,0.13309934735298157,-0.18069176375865936,0.06157612428069115,-0.23859843611717224,-0.14001353085041046,0.1411518007516861,-0.15606383979320526
0.06172320991754532,-0.3045448660850525,-0.06270096451044083,0.11971811205148697,0.4460863173007965,-0.10587725788354874,-0.253333181142807,0.15608374774456024,-0.0444246344268322,0.24503681063652039,-0.06066562980413437,0.6065459251403809,0.3470744490623474,0.05629042536020279,-0.14409713447093964,0.09192030131816864
-0.41252800822257996,0.20642776787281036,-0.09573141485452652,0.21090920269489288,0.16648456454277039,0.1958829015493393,-0.47039228677749634,0.16062557697296143,-0.11333326995372772,-0.4417899549007416,0.046574801206588745,0.04241451248526573,-0.15274609625339508,-0.23091237246990204,0.1665608435869217,0.3225204348564148
