-0.0230843685567379,-0.809794008731842,0.07262073457241058,0.518193244934082,-0.040899861603975296,0.2582678496837616,-0.0035005181562155485,-0.0389583520591259
-0.05620400235056877,-0.20958054065704346,0.0938492864370346,-0.6653133034706116,-0.00868514459580183,0.6071886420249939,0.24208518862724304,-0.2722298204898834
0.3145543336868286,0.16724108159542084,-0.3187336325645447,0.2486076056957245,-0.5009083151817322,-0.004965363070368767,0.4587448537349701,-0.49830490350723267
-0.2321193665266037,-0.08280868828296661,-0.8971767425537109,-0.02781134843826294,0.30040088295936584,0.10070062428712845,0.08510327339172363,0.16104909777641296
-0.4025154709815979,0.1509523242712021,-0.10768180340528488,0.09774288535118103,-0.15034820139408112,0.15567100048065186,-0.666806697845459,-0.550068736076355
-0.00026208048802800477,0.4431382417678833,0.17974631488323212,0.4492672383785248,0.5123271346092224,0.509979784488678,0.20305897295475006,-0.07541630417108536
-0.405979186296463,0.20692259073257446,0.024904899299144745,0.1176915243268013,-0.6001570224761963,0.35585904121398926,0.08389732241630554,0.5329431295394897
0.7187803387641907,0.05924196168780327,-0.18674476444721222,-0.03178440406918526,-0.10876084864139557,0.37882205843925476,-0.48040711879730225,0.24048851430416107
