-0.3468238115310669,-0.07510004937648773,-0.34052640199661255,-0.25861063599586487,0.3188937306404114,0.6556329131126404,-0.3001634478569031,0.26379385590553284
-0.1742497980594635,0.4869028329849243,0.2647501528263092,0.5149945616722107,-0.02461799792945385,0.22709204256534576,0.26574432849884033,0.5238833427429199
0.7388507723808289,0.06149530038237572,0.18511025607585907,0.24440176784992218,0.4080471694469452,0.312089741230011,-0.27951377630233765,-0.11952942609786987
-0.3644673824310303,-0.553891122341156,0.2776743769645691,0.47262081503868103,0.15890388190746307,0.23166459798812866,0.1693822741508484,-0.39023593068122864
-0.24364346265792847,0.43253758549690247,0.5900521874427795,-0.46093738079071045,0.2120361626148224,0.09998837858438492,0.018677759915590286,-0.37096938490867615
0.30874332785606384,-0.29600730538368225,0.2582789361476898,-0.3400980830192566,-0.48403239250183105,0.4776284098625183,0.3842501938343048,0.1569031924009323
0.027777643874287605,-0.3850803077220917,0.3248913586139679,-0.2257268875837326,0.5144738554954529,-0.3544245660305023,0.1329415738582611,0.535220205783844
-0.12310352176427841,-0.15398572385311127,0.4267994463443756,0.07560794055461884,-0.4025143086910248,-0.06131768226623535,-0.7528569102287292,0.20171694457530975
