0.43141695857048035,-0.14633925259113312,0.14822541177272797,-0.06594782322645187,0.06697653234004974,0.010350458323955536,0.06332120299339294,-0.02085704542696476,-0.24389463663101196,-0.07946839928627014,0.21684060990810394,-0.6995108127593994,0.36208248138427734,0.10083751380443573,0.1136026605963707,-0.028171656653285027
0.5683635473251343,-0.13823232054710388,0.25802212953567505,0.1870291829109192,-0.12711527943611145,-0.12431491166353226,-0.026118304580450058,0.15788142383098602,0.24563303589820862,-0.4479376971721649,0.15379579365253448,0.21528561413288116,-0.32711660861968994,-0.16807860136032104,0.04655331000685692,0.17513138055801392
0.07329277694225311,0.20565064251422882,0.06389421224594116,0.19830508530139923,0.4269713759422302,-0.1304161250591278,-0.03640620782971382,0.30987587571144104,-0.4344254732131958,0.25064289569854736,-0.17751732468605042,-0.09200096130371094,-0.2598741948604584,-0.47366395592689514,0.1423647403717041,0.09263935685157776
0.16845566034317017,0.12468837946653366,-0.09811802208423615,0.029120352119207382,0.17829452455043793,-0.09737777709960938,-0.08819680660963058,0.14576677978038788,0.1444021314382553,-0.2199832648038864,-0.4651501774787903,0.07990817725658417,0.1147206649184227,0.24790149927139282,0.46085748076438904,-0.5443381071090698
0.14788973331451416,0.024406006559729576,-0.3053518235683441,0.2133786678314209,0.16465865075588226,0.19324186444282532,-0.345277339220047,-0.15351985394954681,0.3403228521347046,0.20774206519126892,0.3285248279571533,-0.2051711082458496,-0.22729156911373138,-0.19946685433387756,-0.18165680766105652,-0.44505658745765686
-0.35790762305259705,-0.29030364751815796,-0.3831387758255005,-0.15293265879154205,-0.04683736339211464,-0.35039108991622925,-0.22782708704471588,0.3072720468044281,-0.1373572200536728,-0.3651331663131714,0.16000381112098694,-0.2611613869667053,-0.29945406317710876,0.08321069926023483,0.0587027445435524,0.010700885206460953
0.1409246325492859,0.4703131914138794,-0.32239776849746704,-0.5018046498298645,-0.060948386788368225,0.1382378190755844,-0.003355409950017929,0.3505355417728424,0.24811626970767975,-0.042560748755931854,0.15653802454471588,0.00963678490370512,0.22610056400299072,-0.252695769071579,0.1080440878868103,0.20704397559165955
0.07962899655103683,-0.24599722027778625,-0.0007998119690455496,-0.2683577537536621,-0.5176510214805603,0.006623505614697933,0.043717239052057266,-0.06585947424173355,-0.31430545449256897,0.05318830534815788,-0.0544595941901207,0.14207465946674347,0.03531673178076744,-0.5031861066818237,0.05727236345410347,-0.45208483934402466
-0.08393345028162003,0.07766744494438171,0.049535784870386124,-0.07086910307407379,-0.08176980912685394,-0.26127299666404724,-0.3457062542438507,-0.5862523913383484,0.15957322716712952,0.046416494995355606,-0.059971995651721954,-0.12589746713638306,-0.022027011960744858,-0.21250313520431519,0.5148890018463135,0.2889190912246704
0.0061320955865085125,0.2044975757598877,-0.22359220683574677,0.4196290969848633,-0.46040597558021545,-0.34293726086616516,0.3582780063152313,0.08860059827566147,0.23771992325782776,0.13262997567653656,-0.24125850200653076,-0.34028515219688416,0.013957270421087742,-0.07858370244503021,-0.10351229459047318,0.0329010896384716
0.3956753611564636,0.1132967546582222,-0.25152555108070374,-0.17322784662246704,-0.029678825289011,-0.2057892084121704,-0.38124772906303406,-0.1979873925447464,-0.24041545391082764,-0.027347268536686897,-0.3825325071811676,0.04958316311240196,0.0003337554808240384,0.14506648480892181,-0.5132015943527222,0.13339751958847046
0.12465795129537582,0.41039392352104187,0.03845963999629021,-0.1410713493824005,-0.2817303240299225,0.16477075219154358,0.11408545821905136,-0.09336253255605698,-0.2670867443084717,0.1226697713136673,0.15827485918998718,-0.07714129239320755,-0.5813486576080322,0.40413516759872437,0.20298925042152405,-0.08075033128261566
-0.08177463710308075,-0.1257971227169037,-0.09399301558732986,-0.032379940152168274,0.007387207821011543,0.630171537399292,0.10268564522266388,-0.11119457334280014,0.06769497692584991,-0.32715195417404175,-0.4722210466861725,-0.3111129403114319,-0.23777087032794952,-0.18468362092971802,-0.02400914952158928,0.1578395813703537
0.08042652904987335,-0.14060768485069275,-0.25228235125541687,0.4314305782318115,-0.32030487060546875,0.3503588140010834,-0.39312583208084106,0.23349529504776,-0.21131904423236847,0.15599976480007172,0.030913488939404488,0.14926813542842865,0.21581768989562988,0.1415453553199768,0.27285999059677124,0.23722220957279205
0.03511739522218704,0.17700964212417603,-0.4574488699436188,0.26042136549949646,0.17172132432460785,-0.003004899714142084,0.3398001790046692,-0.3790062665939331,-0.3146476149559021,-0.40600261092185974,0.2421960085630417,0.21689939498901367,0.13159629702568054,-0.10244239866733551,0.06551789492368698,-0.009928470477461815
-0.29555749893188477,0.4888952076435089,0.3934922218322754,0.20429781079292297,-0.1822861135005951,0.05861383676528931,-0.3554740250110626,0.046734727919101715,-0.12733471393585205,-0.4110458791255951,0.0682377964258194,-0.1128600686788559,0.1685728281736374,-0.10800397396087646,-0.2028394192457199,-0.16748930513858795
