0.47200724482536316,0.06926741451025009,-0.05663378909230232,-0.384812593460083,-0.45856091380119324,0.4294644594192505,-0.36374688148498535,0.3043004274368286,-0.0061487844213843346,-0.03815574571490288
0.3878295421600342,0.030432766303420067,-0.3429175019264221,-0.0793541818857193,0.3258228600025177,-0.19476863741874695,-0.05176667869091034,-0.16072030365467072,-0.27720537781715393,-0.6894375085830688
-0.23041494190692902,0.14615754783153534,-0.2291741520166397,0.014125636778771877,0.2248927503824234,-0.14668934047222137,-0.22800332307815552,0.5922389030456543,-0.5796388983726501,0.2490374743938446
-0.09735443443059921,0.3594532012939453,0.02200145646929741,0.18578869104385376,0.15006493031978607,-0.13874725997447968,-0.18619845807552338,0.4806777834892273,0.6458688378334045,-0.318869948387146
0.5075576901435852,-0.1403733491897583,-0.3657642900943756,0.380605012178421,-0.2733301818370819,-0.44254055619239807,0.19454899430274963,0.1449861377477646,0.12880273163318634,0.31308862566947937
0.26696154475212097,0.5434675812721252,0.10207565873861313,-0.48890912532806396,0.260732501745224,-0.10950899869203568,0.47547149658203125,0.01412965077906847,0.05252339318394661,0.27370917797088623
-0.2225942760705948,-0.10202212631702423,0.09041737765073776,-0.5107003450393677,-0.3297273516654968,-0.6968246102333069,-0.2525489628314972,-0.08204751461744308,0.053450871258974075,-0.05828310549259186
-0.003938693553209305,-0.6656221747398376,-0.2229589968919754,-0.3852366805076599,0.4071056544780731,0.10137569904327393,0.1184084489941597,0.2590753734111786,0.3040948808193207,0.09584176540374756
0.10757847875356674,-0.24863523244857788,0.5787334442138672,0.06254975497722626,-0.15954376757144928,-0.09324800223112106,0.43602898716926575,0.44206613302230835,-0.23516680300235748,-0.3358079791069031
-0.41738080978393555,0.1155954897403717,-0.5377495288848877,-0.11779879778623581,-0.4097127318382263,0.15647625923156738,0.496498703956604,0.0963253304362297,0.003046381985768676,-0.24745041131973267
