-1.2694712836491817e-07,3.790107712120516e-07,4.6551672738814887e-08,1.5661946406453353e-07,-1.4805227976921742e-07,-2.3666832760227408e-07,-1.5574617862057494e-07,0.9999977946281433
-1.3421070832464466e-07,9.092726571680032e-08,-1.2649768166284048e-07,9.81081598183664e-08,-5.465857988440348e-09,1.0000017881393433,-1.0587309162701786e-07,-5.9063577140250345e-08
-2.0992107607753496e-08,1.0000003576278687,-5.493488330898799e-09,-1.0119006788045226e-07,6.057053525410083e-08,4.8128441676453804e-08,-3.67377204213426e-08,-1.7759298032160586e-08
1.0000016689300537,-8.372583693017077e-08,-3.5210593551937563e-08,4.800917885461331e-09,-6.751719183739624e-08,1.7497195869964344e-07,4.794845409605841e-08,4.7562220828467616e-08
-8.558797048863198e-08,-1.8295163783932367e-07,-8.817544738803917e-08,6.375822891868665e-08,1.542352556782589e-08,8.139370066828633e-08,1.0000007152557373,3.1529435773336445e-07
9.262652156394324e-08,-8.256095895831095e-08,1.000002145767212,-2.5967878514165932e-08,-8.088174041631646e-08,9.233793285545744e-09,3.093637701567786e-08,5.638065658786218e-08
1.6313113349042396e-07,-2.370988312350164e-07,-3.728725772589314e-08,-1.0772469138942142e-08,1.000001311302185,3.2286347817489514e-08,4.562360800264287e-08,-2.563637357955173e-10
-6.644809502631688e-08,-1.131874896032059e-07,2.7638870747637156e-08,1.000001072883606,-4.619768745328656e-08,-1.7613023928220173e-08,6.703952948328151e-08,1.0914246928450666e-07
