-7.742671215282826e-08,2.5146633220174408e-08,0.9999983310699463,-2.0244388565515692e-07,1.4195077824297186e-07,-1.3561927403316076e-07,-7.702055171421307e-08,-3.973622852981862e-08,-8.188263933561757e-08,9.877774687083729e-08
4.374708240106884e-08,-5.308911354973134e-08,8.890292235719244e-08,1.1170176605901361e-07,-1.7775889205040585e-07,7.604633367463975e-08,1.0000015497207642,-7.608196739283812e-09,2.698362493447348e-07,3.7105218098076875e-07
9.492999453186712e-08,2.3003954652267566e-07,-1.990646438798649e-07,0.9999979138374329,9.562324976286618e-08,2.647320584969748e-08,8.957086095051636e-08,-9.415415114233383e-09,-7.664350221148197e-08,-4.22715507042426e-09
8.964934039568107e-08,8.386439986907135e-08,-6.766299520677421e-08,1.0024596264202046e-07,8.692401110010906e-08,1.1507391661780275e-07,-7.713647676155233e-08,6.715966804904383e-08,0.9999986886978149,2.418181210828152e-08
-5.067790453949783e-08,-2.43815012623827e-08,2.005504313729034e-07,-3.735582154718031e-08,3.048277852357728e-09,2.977051849484269e-08,4.6402725217831176e-08,0.999997615814209,-1.3821392030877178e-07,1.5116132345838196e-08
1.3154718203622906e-07,1.0000017881393433,-7.098356746837453e-08,8.427146980238831e-08,-1.1899375351731578e-07,-4.152697385961801e-08,-1.416246533381127e-07,2.5455227614656906e-07,1.331595740339253e-07,2.539235595122591e-07
1.000002145767212,7.759096121162656e-08,-3.171329865381267e-07,-4.117849172757815e-08,-1.0647525527929247e-07,7.153837344731073e-08,1.2879996802439564e-07,-1.9757499103434384e-07,-1.7972692489820474e-07,-3.513184054781959e-08
5.802044000802198e-08,-1.9563998421290307e-07,8.953417562906907e-09,2.0010945789294965e-08,1.0000016689300537,7.496209519786134e-08,6.536794217026909e-08,2.3401824478241906e-07,4.956864430027963e-08,1.4781082313675142e-07
3.1389117083335805e-08,7.413530767053089e-08,-1.132635745193511e-07,6.495932325378817e-08,-6.691091414268158e-08,-2.7334456831340503e-07,8.30584099276166e-08,-1.4511942936223932e-07,-6.754124370900172e-08,1.0000017881393433
5.7706170508708965e-08,9.442072901322263e-09,7.88388092587411e-08,1.8015699154716458e-08,5.6788035607269194e-08,1.000001072883606,7.040332405949812e-08,6.121940288039696e-08,1.9607307422120357e-07,-6.626194704040245e-08
