1.3581275482010824e-07,-2.204494506941046e-07,-4.1872869616099706e-08,-3.0477377066517874e-08,1.0000020265579224,-7.344308983192605e-08,1.0729536370490678e-08,-1.0435310571210721e-07
2.936990881607926e-07,6.618544290404316e-08,6.086193593546341e-08,1.2806660265596292e-07,-1.5240996731336054e-07,7.935333456998706e-08,3.947246796087711e-08,1.0000017881393433
-6.981883160506186e-08,1.0000017881393433,7.111687239103048e-08,1.4505134515729878e-07,-6.920223682982396e-08,4.9537884905248575e-08,-7.616680619548788e-09,-5.297850336205556e-08
0.9999977946281433,7.137616364616406e-08,3.149955318804132e-08,2.448716998060263e-07,1.19152318234228e-07,-1.3874776527700305e-07,3.7820555576217885e-08,9.37626367658595e-08
2.8193438694756878e-08,1.3457054137688829e-07,-1.8548519165051403e-07,0.999997615814209,1.1291681545344545e-07,3.168442219703138e-07,1.4504148282412643e-07,-3.049510155506141e-08
-8.80501573874426e-08,-4.764973127180383e-08,3.6955995597054425e-08,1.6775017286363436e-07,-3.3108895536315686e-07,1.5947195564081085e-08,0.999998152256012,6.4594352977565e-08
-1.2939546323309514e-08,-2.1119652160450642e-07,7.74790080981802e-08,-1.8196767825884308e-07,1.463565268977618e-08,0.9999976754188538,-7.699284765294578e-08,-5.8075393383205665e-08
2.153941380811375e-07,-3.6564173910846876e-08,0.9999979734420776,-6.61703865034724e-08,-1.6181340356524743e-07,1.788721988305042e-07,-6.167879718077529e-08,2.3660551562443288e-07
