-0.015228688716888428,0.6369243264198303,0.04149802401661873,-0.15856708586215973,0.21758200228214264,0.035877861082553864,-0.14233152568340302,0.3847391903400421,0.1397249698638916,0.17626953125,-0.2594907879829407,0.3476598560810089,-0.1924639642238617,-0.06882567703723907,-0.2610454261302948,-0.039984140545129776
0.0543990395963192,-0.09298067539930344,0.461372047662735,-0.4342605769634247,-0.20081064105033875,-0.3702924847602844,-0.06414013355970383,-0.00028011578251607716,0.13223890960216522,0.1077033057808876,-0.008122973144054413,-0.25630509853363037,0.13041622936725616,-0.07966288179159164,-0.27069416642189026,-0.4625130295753479
0.06115579605102539,-0.008925061672925949,-0.13723360002040863,-0.5035400986671448,0.19562965631484985,0.043533504009246826,-0.05158134177327156,-0.47161567211151123,0.3657330274581909,0.012779834680259228,0.06191454082727432,0.15711770951747894,-0.3605648875236511,0.2188735455274582,0.3336835503578186,-0.08275309205055237
-0.17634937167167664,0.1494412124156952,0.1269645243883133,-0.34248778223991394,-0.14658552408218384,-0.12131087481975555,-0.010285766795277596,0.1268060803413391,-0.2928677201271057,0.25897014141082764,0.34318432211875916,-0.20770959556102753,-0.24841643869876862,-0.3021249771118164,0.24590584635734558,0.48326587677001953
-0.3829999566078186,-0.2694501578807831,-0.3639048933982849,-0.11303110420703888,-0.11278977245092392,-0.11028802394866943,-0.13900844752788544,0.38964229822158813,0.28596723079681396,-0.41626861691474915,-0.1234561949968338,-0.2065439671278,-0.32127317786216736,-0.11968870460987091,-0.09462564438581467,-0.004589831922203302
-0.12891118228435516,0.16049189865589142,0.39012688398361206,-0.10590147227048874,0.09126665443181992,0.15993967652320862,0.20569226145744324,0.14441750943660736,0.19116400182247162,-0.2774460017681122,-0.4199848175048828,-0.23601070046424866,0.2874649167060852,0.05950505658984184,0.49070537090301514,0.15670989453792572
0.049249257892370224,-0.13627229630947113,0.1805495321750641,-0.00047365602222271264,-0.49832552671432495,0.32291901111602783,0.5129358172416687,0.11764061450958252,-0.07844610512256622,0.10049957036972046,-0.1661357283592224,0.1869969367980957,-0.4547223150730133,0.11055520921945572,-0.016481004655361176,-0.13698992133140564
0.13607826828956604,0.03858714550733566,0.2699272930622101,0.4108099639415741,-0.2731498181819916,0.11955036222934723,-0.6343895196914673,-0.1119735836982727,0.19363483786582947,0.10988695174455643,-0.12699556350708008,-0.14624904096126556,-0.3003012239933014,-0.10826922208070755,0.2120129019021988,-0.02316633053123951
0.8144720196723938,0.11628465354442596,-0.24708135426044464,-0.17754556238651276,-0.18104813992977142,0.052514903247356415,-0.005955267231911421,0.29095423221588135,0.06756699830293655,-0.21341492235660553,0.11547012627124786,-0.1807163506746292,0.06031497195363045,0.00018106975767295808,0.07435506582260132,0.07105489075183868
-0.06067175790667534,0.11571358144283295,-0.2561088502407074,0.2551027238368988,0.06468667834997177,-0.12172107398509979,0.28643545508384705,0.19061243534088135,0.27121996879577637,0.381305068731308,0.18407830595970154,-0.12430432438850403,0.04439191520214081,-0.272102415561676,0.41367414593696594,-0.44660326838493347
-0.014110444113612175,-0.2257498800754547,-0.030394887551665306,-0.22862128913402557,0.3194356858730316,0.7190729975700378,-0.16729702055454254,0.10547652095556259,-0.1822839081287384,0.18386727571487427,0.0037346845492720604,-0.27497434616088867,0.03667250648140907,-0.18644867837429047,-0.0910288393497467,-0.2244464010000229
0.14659817516803741,-0.17058363556861877,-0.18557903170585632,-0.13277998566627502,0.01109351683408022,-0.2446187287569046,-0.08557960391044617,-0.10215780884027481,-0.4387718439102173,-0.011658065021038055,-0.5555046200752258,0.23435455560684204,-0.01276082918047905,-0.419630229473114,0.2609265446662903,-0.13827084004878998
-0.2136189490556717,0.08290578424930573,-0.0030894940719008446,-0.1689131259918213,-0.40050220489501953,0.23355484008789062,-0.24698381125926971,0.08215963840484619,-0.020609373226761818,-0.246223583817482,0.32738232612609863,0.48742979764938354,0.3571830689907074,-0.11026500165462494,0.21530383825302124,-0.21057099103927612
0.16876494884490967,-0.34117427468299866,0.22622719407081604,0.03321900963783264,0.13965335488319397,0.05734016001224518,0.14837703108787537,-0.02059946395456791,0.4615733325481415,0.016259770840406418,0.06828942149877548,0.3190632462501526,0.0648248940706253,-0.5598595142364502,-0.1466795653104782,0.314110666513443
-0.08519500494003296,0.4526655375957489,-0.18948639929294586,0.009087049402296543,-0.22976617515087128,0.17825520038604736,0.19208663702011108,-0.5135520696640015,0.05908203125,-0.22200319170951843,-0.07470305263996124,-0.2676619589328766,0.017238497734069824,-0.4130403995513916,-0.2548978924751282,-0.027831707149744034
-0.08725232630968094,-0.09848367422819138,-0.3335842192173004,-0.1626480221748352,-0.36981189250946045,0.06770821660757065,-0.09146655350923538,-0.030984049662947655,0.2462715059518814,0.5316131711006165,-0.3199852705001831,-0.03488686680793762,0.3636346161365509,0.16378270089626312,-0.0770169347524643,0.28710421919822693
