0.30934032797813416,0.5423211455345154,-0.6553311347961426,-0.061248116195201874,0.033266063779592514,-0.16275112330913544,-0.3094329237937927,-0.23160651326179504
-0.05625016614794731,-0.4300495982170105,0.09672343730926514,0.03955315053462982,-0.3159183859825134,-0.5840583443641663,-0.4864549934864044,-0.35129228234291077
-0.06033780425786972,0.04541749879717827,-0.002366828266531229,0.41762641072273254,-0.5054507255554199,0.6407679915428162,-0.19506357610225677,-0.3402431309223175
0.21736806631088257,0.4595659673213959,0.6638559103012085,0.2396557480096817,0.25498825311660767,-0.0604848749935627,-0.41409778594970703,0.057039301842451096
-0.4066326320171356,-0.02396584488451481,-0.03795180097222328,-0.5592396259307861,0.07539132982492447,0.3284989595413208,-0.5943984985351562,0.230170339345932
0.30225640535354614,-0.4970550239086151,-0.13998310267925262,0.1651397943496704,0.658662736415863,0.28163790702819824,-0.19236186146736145,-0.2540725767612457
-0.4088822305202484,0.23044590651988983,0.1855742633342743,-0.25973066687583923,0.25263768434524536,-0.007470577955245972,0.24232569336891174,-0.7451249361038208
0.6529642939567566,-0.08329679816961288,0.2549503445625305,-0.5961177349090576,-0.27430883049964905,0.17565874755382538,0.09513740241527557,-0.1766110211610794
