-0.4425792098045349,-0.0047473423182964325,-0.47412368655204773,-0.3397214710712433,0.2641316056251526,0.1969406008720398,-0.15725792944431305,0.060939937829971313,0.5165062546730042,-0.16304977238178253,-0.18083173036575317,0.02896588295698166
0.5981520414352417,-0.06483734399080276,-0.22256067395210266,0.09357679635286331,-0.06321998685598373,0.26107659935951233,-0.07377985864877701,-0.38057515025138855,0.10643444210290909,-0.18732456862926483,-0.38986819982528687,0.39858004450798035
0.07162650674581528,-0.30642348527908325,-0.005587461404502392,-0.07824734598398209,-0.10997384041547775,0.2542996108531952,0.25164714455604553,0.69190514087677,-0.17625099420547485,-0.4127601981163025,0.037126779556274414,0.27052193880081177
-0.3900318741798401,-0.549038290977478,-0.12165810167789459,-0.06769181042909622,-0.23162278532981873,-0.09225499629974365,0.22264060378074646,-0.523607611656189,-0.2007170021533966,-0.15533727407455444,0.203202024102211,0.18827350437641144
0.02258872054517269,0.12946276366710663,-0.31113743782043457,-0.18203170597553253,0.14621393382549286,0.4560336768627167,-0.019499650225043297,0.0013283677399158478,-0.3604400157928467,0.5434282422065735,0.35095757246017456,0.2732390761375427
-0.13904282450675964,0.21031077206134796,-0.23386040329933167,0.3208663761615753,0.3017934262752533,-0.31271788477897644,-0.45209577679634094,0.0306809414178133,-0.39167216420173645,-0.3776994049549103,0.11468839645385742,0.27453377842903137
0.26614686846733093,-0.42641106247901917,-0.1570737212896347,0.21457460522651672,-0.11565759778022766,0.10412255674600601,-0.47553005814552307,0.07710642367601395,0.2808172106742859,-0.0017030888702720404,0.5106319785118103,-0.2841249108314514
0.3151252567768097,-0.19308534264564514,-0.055116865783929825,-0.07257194817066193,0.7482427954673767,-0.2064894139766693,0.42346131801605225,-0.08354280889034271,0.06103028357028961,-0.07567910104990005,0.21107687056064606,-0.1109081506729126
0.1372821033000946,-0.4008241891860962,0.12164735049009323,-0.5226123929023743,0.08228788524866104,-0.3712877631187439,-0.40986356139183044,0.1317991018295288,-0.18293309211730957,0.26697713136672974,-0.29062581062316895,0.11567779630422592
0.1255759447813034,0.3089883327484131,0.2427755445241928,-0.37668105959892273,-0.16249574720859528,-0.22892162203788757,-0.020022809505462646,-0.05663536861538887,0.3555576801300049,-0.14590325951576233,0.4893145263195038,0.4673033058643341
0.19891859591007233,0.14192406833171844,-0.6764636039733887,-0.06728212535381317,-0.36912044882774353,-0.4728320837020874,0.2555486559867859,0.157038614153862,-0.02483910694718361,0.10133205354213715,0.002535821171477437,-0.1322120726108551
0.1578482836484909,0.2099001705646515,-0.01711934432387352,-0.5081214904785156,-0.07325483113527298,0.2163453996181488,-0.11409584432840347,-0.198600172996521,-0.35232555866241455,-0.444173127412796,0.08433427661657333,-0.48926112055778503
