0.35958078503608704,0.1962236911058426,-0.27717092633247375,0.5635260939598083,0.1985914260149002,0.3621262311935425,-0.3900867700576782,-0.3392210900783539
0.4093092679977417,-0.5830826759338379,-0.100281722843647,0.23322857916355133,0.09759733825922012,0.17651373147964478,0.6132137775421143,0.10638393461704254
-0.07866936177015305,0.04045417159795761,0.6229145526885986,0.32587510347366333,0.5066187977790833,0.06872422993183136,-0.11356111615896225,0.4729405343532562
0.18705764412879944,0.17043407261371613,0.43776509165763855,-0.06921696662902832,-0.606492817401886,0.6048144102096558,0.04701368138194084,0.06072841212153435
-0.31836289167404175,-0.44576066732406616,-0.3103550672531128,0.25610020756721497,-0.3511051833629608,0.11054545640945435,-0.41822612285614014,0.4771038591861725
-0.7420179843902588,-0.027566183358430862,-0.02964654564857483,0.1514623761177063,0.15057997405529022,0.43621906638145447,0.315267950296402,-0.33537521958351135
0.03260026499629021,-0.6249964833259583,0.4009062945842743,-0.2005421370267868,0.06411150842905045,-0.002176516456529498,-0.3979322016239166,-0.49488478899002075
0.0947667807340622,-0.027320772409439087,-0.2748311460018158,-0.6231457591056824,0.4200934171676636,0.5144636034965515,-0.15505295991897583,0.2474595457315445
