1.4353356903029635e-07,-1.4683932647585607e-07,4.417369936504656e-08,-6.914513761557828e-08,0.9999983906745911,-1.2413165961788764e-07,5.018819138058461e-08,-7.027553294847166e-08
-2.637189879806101e-07,6.452685141766779e-08,-6.461723245365647e-08,2.607886528949166e-08,1.2853672615165124e-07,9.838952763630004e-08,1.0000007152557373,8.624433434079037e-08
-6.720752310229727e-08,1.082452811829171e-07,1.964700757639548e-08,-1.893012857578924e-08,4.0739567452874326e-07,1.0000007152557373,1.7303382549016533e-07,2.2398828036784835e-07
2.0139590617418435e-07,-7.394022816242796e-08,0.9999999403953552,1.9150839136727882e-07,1.1151213641369395e-07,-9.488568508686512e-08,-8.297856846084528e-10,1.539603005085155e-07
1.713325445962255e-07,4.258977526205854e-08,-2.4299430378960096e-07,0.9999982714653015,1.319787230613656e-07,1.4115065027908713e-07,-5.4324605258671e-08,-1.8821377523181582e-07
0.9999983310699463,-2.0667711098099062e-08,-1.0940151895511008e-07,5.195486707521013e-08,-5.8230444466289555e-08,-4.327301326156885e-07,1.328724010818405e-07,1.78485748847379e-07
6.981548494877643e-08,1.0000008344650269,1.0263385519238e-07,-1.254945658502038e-07,5.996867002977524e-08,7.078993036202519e-08,-1.9379237770067448e-08,6.211762126895337e-08
7.825514813930567e-08,-1.6475405573146418e-07,-7.086580211534965e-08,-1.1809226485581803e-08,1.2706911434179347e-07,-6.907997374128172e-08,-3.331600737510598e-07,1.0000001192092896
