-0.27458634972572327,0.29696768522262573,0.3547109365463257,0.33636513352394104,-0.5511670708656311,-0.2194814532995224,0.133697047829628,-0.3965209126472473,0.23012025654315948,0.13204652070999146
-0.09337187558412552,-0.10189513862133026,-0.016529584303498268,0.06122833490371704,-0.006932963617146015,-0.6404619812965393,-0.6209953427314758,0.12233136594295502,0.12307856976985931,-0.3884403109550476
-0.38804808259010315,0.44400209188461304,-0.22903788089752197,-0.1076686680316925,-0.40823060274124146,0.24749180674552917,-0.09889397770166397,0.4355929493904114,-0.32262977957725525,-0.23814338445663452
-0.23376478254795074,-0.24657835066318512,0.3489677608013153,0.16218480467796326,0.13883231580257416,0.3775288164615631,0.14230987429618835,-0.11807575076818466,0.08947928249835968,-0.7297042012214661
0.31940725445747375,0.2066309154033661,0.05206339433789253,-0.5480018258094788,-0.12953121960163116,-0.3770301640033722,0.4412958323955536,-0.15751872956752777,-0.1363774836063385,-0.3939298689365387
-0.021327462047338486,0.3408066928386688,-0.09262051433324814,0.1814902126789093,0.2853539288043976,-0.13920913636684418,0.3625509738922119,0.47919774055480957,0.6133488416671753,-0.06164196878671646
0.3265414535999298,-0.32531148195266724,-0.4323340654373169,0.557073175907135,-0.352814257144928,-0.10739441961050034,0.28658318519592285,0.10464372485876083,-0.16768023371696472,-0.18191476166248322
0.4755297899246216,-0.1581694632768631,0.4604135751724243,-0.1459185779094696,-0.436852365732193,0.2150738388299942,-0.18282757699489594,0.4256893992424011,0.24899065494537354,0.043014708906412125
-0.005290187895298004,0.07305284589529037,0.5379588603973389,0.2913500964641571,0.2544955909252167,-0.2685554027557373,0.15929488837718964,0.3404059112071991,-0.57374507188797,0.1141391471028328
-0.5247796177864075,-0.5903037786483765,0.009472545236349106,-0.30896827578544617,-0.17874309420585632,-0.21543484926223755,0.31517982482910156,0.24828004837036133,0.07553832232952118,0.18853580951690674
