-0.20240354537963867,0.4463590681552887,0.5197612643241882,0.36540719866752625,-0.22355002164840698,0.29511526226997375,-0.20410683751106262,-0.3748083710670471,-0.19076651334762573,0.022815357893705368
-0.08755923807621002,-0.11643161624670029,-0.35226696729660034,-0.34910517930984497,0.2855747938156128,0.20620286464691162,-0.14977142214775085,-0.6181705594062805,-0.4337204098701477,0.12672069668769836
-0.11736942082643509,0.5147005319595337,0.115774966776371,-0.7479063272476196,-0.18201006948947906,-0.08607069402933121,0.08883269131183624,0.08743000030517578,-0.011343440972268581,-0.3038748502731323
-0.023529138416051865,-0.16019445657730103,0.2801384925842285,-0.17949359118938446,-0.043371450155973434,0.4146784245967865,0.6942896246910095,0.09529653936624527,-0.11678777635097504,0.4295225441455841
0.03392672911286354,0.4028872549533844,-0.6301007270812988,0.3358815312385559,-0.15863089263439178,0.2609519362449646,0.37392333149909973,0.08632560074329376,-0.17498891055583954,-0.2356630563735962
-0.06869598478078842,0.09292755275964737,0.16333112120628357,0.15072625875473022,0.2436046153306961,-0.5622871518135071,0.18468034267425537,0.19059668481349945,-0.7005394697189331,0.023518893867731094
-0.23972338438034058,0.39429059624671936,-0.019600264728069305,0.0970759317278862,0.6195666193962097,-0.17942993342876434,0.2513551712036133,-0.20770546793937683,0.46772709488868713,0.1900264322757721
0.5021404027938843,-0.03811507299542427,0.06862068176269531,0.03417006507515907,-0.3023834526538849,-0.3969258964061737,0.3620828688144684,-0.5821847319602966,0.11656883358955383,-0.08892761170864105
0.4697560667991638,0.4016904830932617,-0.14993426203727722,-0.08270404487848282,-0.09708510339260101,-0.05789833143353462,-0.2772560119628906,0.16110765933990479,-0.03902605548501015,0.6866778135299683
0.6331510543823242,0.08602902293205261,0.25019481778144836,-0.007406442891806364,0.5140336751937866,0.3371390700340271,-0.02997920848429203,0.09404387325048447,-0.08044010400772095,-0.3673652708530426
