4.6583018331602943e-08,-8.24799073484428e-08,-6.900827287381617e-08,1.4126338498954283e-07,8.922002336930746e-08,-1.155279463205261e-07,0.999997615814209,-8.862543410259605e-08,1.0071315870163744e-07,1.7801001783723791e-09
1.0000009536743164,-8.168186127477384e-08,2.411493369436357e-07,-1.0128624694516475e-07,2.391823628045131e-08,-1.0864347643746441e-07,2.7106946731692005e-07,-9.658810284918218e-08,-5.09226509848304e-08,2.2229999174783188e-08
-1.1677509803575958e-07,-1.2374997027109202e-07,-6.269817731663352e-08,6.278811071069867e-08,4.0168639969806463e-08,1.831539897523271e-08,6.580887657037238e-08,-7.651128441921173e-08,5.344111642102689e-08,0.9999983906745911
-2.1225318391770998e-08,-5.96231828353666e-08,-1.9153168295815703e-07,3.0058095035201404e-07,-1.3174471291677037e-07,7.465189355571056e-09,3.54245095479655e-08,1.0000011920928955,-1.0431531904941949e-07,-1.5177272771893513e-08
-4.9309701211086576e-08,0.9999995231628418,-4.201093517508525e-08,2.676470387541485e-07,-3.776597878868415e-08,-4.271559248536505e-07,7.576796434705102e-08,-1.2728632725611533e-07,1.4875740816933103e-07,-6.0544330438006e-08
9.449283311369072e-08,9.97440068317701e-08,0.9999975562095642,1.3488434547070938e-07,-1.0354887081120978e-07,1.5747036741231568e-07,-5.143388293049611e-08,-5.4935995308369456e-08,3.4606518539703757e-08,1.0479709544597426e-07
9.015754898200612e-08,-1.7973428612094722e-07,4.855878046328144e-07,-2.164458479114728e-08,-1.8347409991292807e-07,0.9999979734420776,5.6426188166369684e-08,2.8735428259096807e-07,-6.7333956188520006e-09,-6.007405772834318e-08
-1.901711499385783e-07,-9.369548337190281e-08,1.935863451762998e-07,1.000000238418579,-5.887710941010482e-08,-9.800713485219603e-08,7.138734758882492e-08,1.4599196518361168e-08,-4.3070784272458695e-08,1.4539560311277455e-07
2.6131749208957444e-08,-7.688722547527505e-08,9.834076308834483e-08,-7.16358954377938e-08,0.9999998807907104,-1.8216421437955432e-07,2.7679242009526206e-08,6.581274192285491e-08,-1.9162914810522125e-08,-6.124572848875687e-08
2.0041373716139788e-07,1.4663974923223577e-07,6.816659237074418e-08,-3.4294288298042375e-08,-1.6990199469546496e-07,1.0101858238797945e-09,-8.749050550704851e-08,5.821203075129233e-08,0.9999982714653015,8.538967222193605e-08
