-0.19205527007579803,-0.49857935309410095,-0.4192478358745575,0.29300457239151,0.21293038129806519,0.14687980711460114,0.4129129648208618,-0.025547470897436142,-0.43569931387901306,-0.15816554427146912
0.640197217464447,-0.11542508751153946,0.2709900438785553,0.43574944138526917,0.0855151116847992,0.07030095160007477,0.34330427646636963,-0.11161524802446365,0.355922132730484,-0.21037957072257996
-0.12133552879095078,-0.32148417830467224,-0.11220475286245346,-0.0013772157253697515,-0.6991537809371948,-0.32310134172439575,0.3216087222099304,0.21498176455497742,0.3015475869178772,0.18852242827415466
-0.19240279495716095,0.4182899296283722,-0.23380310833454132,0.3162628412246704,0.39000242948532104,-0.46953433752059937,0.16788753867149353,0.42628955841064453,0.2228296846151352,-0.03467908129096031
0.16198410093784332,-0.0048411875031888485,-0.4462015628814697,-0.3849516212940216,-0.06791902333498001,0.2326756864786148,-0.08788622915744781,0.27252835035324097,0.28195658326148987,-0.6373440027236938
-0.34941092133522034,0.2946043610572815,0.1311633586883545,-0.3179190754890442,0.09610942006111145,0.34920263290405273,0.6508777737617493,-0.2266465574502945,0.25296157598495483,0.051636453717947006
-0.19369755685329437,-0.5049886107444763,0.5141268372535706,-0.3398303687572479,0.37083449959754944,-0.30294403433799744,0.010202687233686447,0.19533967971801758,0.09877200424671173,-0.2243749499320984
0.19273875653743744,-0.1965397596359253,-0.4448797106742859,-0.27150556445121765,0.3090466260910034,-0.3227139115333557,-0.04644954949617386,-0.5189892649650574,0.30685701966285706,0.2954137623310089
-0.40590032935142517,-0.2552010118961334,-0.030431680381298065,0.37315139174461365,0.10230714827775955,0.41384801268577576,-0.36956754326820374,0.00819468405097723,0.5429413318634033,0.12954039871692657
-0.3373001515865326,0.11913744360208511,0.06379794329404831,0.2157430499792099,-0.2215469479560852,-0.3245886266231537,-0.09909556061029434,-0.5707324743270874,0.02666434459388256,-0.5750754475593567
