-1.4846024853909512e-08,1.0000007152557373,-3.3741932270459074e-07,4.4383916986134864e-08,4.577190182430968e-08,7.63700995776162e-08,-6.519669426552355e-08,6.80735467994964e-08
-4.64683971301838e-08,7.421682113317729e-08,-1.6234328370501316e-07,7.59004592509882e-08,1.1107886876970952e-07,1.0000014305114746,-2.1928333637788455e-07,3.141655326999171e-07
6.757004200608208e-08,-1.1908684882655507e-07,-6.756098969162849e-08,0.999997615814209,-1.4525460301229032e-07,6.715896461173543e-08,1.2119787839992568e-08,4.70074503766682e-08
-1.0337712552654921e-07,1.8193086148698967e-08,-9.06666244304688e-08,-5.529658864134035e-08,1.4587521945941262e-07,-2.9520558086915116e-07,1.0,-3.552688809804749e-08
1.4020166361206066e-08,7.092299370015098e-08,0.9999986886978149,2.1652377313330362e-07,-5.5228301931720125e-08,5.707813599542533e-08,1.3347050753509393e-07,-2.502538904991525e-07
2.3224951917200087e-07,3.848541041406861e-08,8.329264744588727e-08,-3.222908446787187e-07,0.9999995827674866,-1.5607876946432953e-07,6.758910586768252e-08,-7.753489938977509e-08
3.9876390189874655e-08,1.717790887312276e-08,-1.1268050315038636e-07,1.7488163450707361e-07,9.080932983351886e-08,1.8728843542703544e-07,7.74518085222553e-08,0.999998927116394
1.0000017881393433,3.036958062807571e-08,-1.3566162238021207e-07,-5.837184957613317e-08,6.419931253276445e-08,1.7984669398174447e-07,8.565822895434394e-08,5.451194695638151e-08
