-0.5635112524032593,-0.18876628577709198,-0.19612713158130646,0.20621487498283386,-0.29257357120513916,-2.9693437681999058e-05,0.03950003534555435,-0.15346206724643707,0.3651447296142578,-0.21381637454032898,-0.5238524675369263,0.040654364973306656
-0.14198221266269684,0.025260092690587044,-0.48022544384002686,0.1915210634469986,0.2357289046049118,-0.26506826281547546,0.3996626138687134,0.4993407726287842,0.23205213248729706,0.24987603724002838,0.19957083463668823,-0.14453808963298798
-0.09308582544326782,0.3063674569129944,0.2764533460140228,0.12734250724315643,-0.580662727355957,0.14636863768100739,0.4220845699310303,0.2531985938549042,-0.23736150562763214,-0.17611552774906158,0.09938745200634003,-0.3267063498497009
0.18292149901390076,-0.022982092574238777,0.275802344083786,-0.3003107011318207,-0.010038483887910843,0.007591561879962683,0.3278992176055908,-0.27588337659835815,0.733614981174469,-0.04206487163901329,0.21645858883857727,-0.1707521378993988
-0.48161596059799194,0.19011646509170532,0.21133923530578613,-0.2212289273738861,0.1398298144340515,0.46776264905929565,-0.22410716116428375,0.142886221408844,0.10116536170244217,0.5362039804458618,-0.015595214441418648,-0.17694154381752014
-0.4044378399848938,-0.062391020357608795,0.05842899531126022,-0.10181228816509247,-0.24357128143310547,-0.6115558743476868,-0.21784748136997223,-0.2916128933429718,-0.12672661244869232,0.16540412604808807,0.4333810806274414,-0.14729629456996918
-0.21386833488941193,-0.2699582874774933,0.3778947591781616,0.5390175580978394,0.503134548664093,0.09451577067375183,0.10102374106645584,-0.1490248590707779,-0.09531787037849426,-0.21774688363075256,0.17050883173942566,-0.26071697473526
0.2763758897781372,-0.10211450606584549,0.36593008041381836,0.08946295827627182,-0.017976904287934303,-0.42511487007141113,-0.20887528359889984,0.27862292528152466,0.09984742850065231,0.2284977287054062,-0.5036332607269287,-0.3913424611091614
0.12059127539396286,0.4473918378353119,-0.04342818260192871,0.35575994849205017,0.037429023534059525,-0.07419202476739883,0.2856350541114807,-0.5423303246498108,-0.07711928337812424,0.46590736508369446,-0.2131318300962448,0.07609082758426666
0.018759462982416153,0.31471312046051025,-0.39976561069488525,-0.22655858099460602,0.21816638112068176,0.029112443327903748,-0.1421503722667694,-0.22250673174858093,-0.09131570160388947,-0.31962165236473083,-0.12545041739940643,-0.6671344637870789
-0.22857773303985596,-0.1319364458322525,0.1651502251625061,-0.526882529258728,0.283063143491745,-0.1989622563123703,0.5242632627487183,-0.027601314708590508,-0.347698837518692,-0.02213395945727825,-0.31111305952072144,0.10938174277544022
0.1881031095981598,-0.655277669429779,-0.2542884647846222,-0.032277416437864304,-0.24513736367225647,0.28259414434432983,0.15770970284938812,-0.19287392497062683,-0.19432462751865387,0.3533293902873993,0.016799718141555786,-0.32343941926956177
