1.3315820979187265e-07,4.574954104441531e-08,1.0932809857422399e-07,-1.1091268703466994e-07,1.0000011920928955,1.0886205359383894e-07,3.8815258562863164e-08,-8.11268776601537e-08,1.1879044592433274e-07,3.4688266481452956e-08,-8.576375876145903e-08,7.59479874545832e-08,-5.7566520439422675e-08,-1.3688834599179245e-07,7.378604038876801e-08,-1.0994865817792743e-07
-1.3231699291793575e-08,6.508931704729548e-08,-8.531464601446714e-08,6.755294634785969e-08,-4.0111061139214144e-08,-2.606472264687909e-07,2.04865706621149e-08,9.531868272460997e-08,5.999638119646988e-08,-1.0408506767589643e-07,-6.25484943839183e-08,-9.992200489250536e-08,1.0000003576278687,-1.5408346598633216e-07,-7.230966758697832e-08,-2.371246381471792e-07
-2.5993440999627637e-07,2.2943164879052347e-07,1.868533416882201e-08,2.031579668937411e-07,2.5905876555043506e-07,1.8114877775587956e-07,8.487084812713874e-08,0.9999984502792358,-3.894704292406459e-08,9.889073737667786e-08,5.958751003731777e-08,-1.5284186360986496e-08,-7.876247565263839e-08,5.7060525193719513e-08,-2.0167771452861416e-08,-4.013672949554348e-08
7.362580163317034e-07,2.8122383355366765e-07,1.8116466549145116e-07,7.128151935376081e-08,-1.1262256549571248e-07,8.154306385677046e-08,0.9999983906745911,1.5313231926938897e-07,2.8811567176489916e-07,-8.210475499481618e-08,-7.76056197082653e-08,2.840488377842121e-07,5.8399059810199105e-08,-6.737033686476934e-08,6.99966165029764e-08,-2.530914002818463e-07
2.2184285342063959e-07,1.5643558981537353e-07,-9.847728676959377e-08,1.4312078633338388e-07,1.8734193929503817e-07,-1.5780348405769473e-07,-2.3194107257040741e-07,1.385021306532508e-07,-1.406023528716105e-07,-1.3642037721695033e-08,-1.1743293981680836e-07,-3.6355835675294657e-08,-2.7825629445032973e-07,1.0000003576278687,-1.1798825028108695e-07,-1.6407146574692888e-07
1.0000015497207642,-2.0306657688706764e-07,-2.0129693467652032e-08,-8.167552323357086e-08,-1.604575317060153e-07,4.329202241137864e-08,-3.7817557085872977e-07,-1.003809444455328e-07,1.2560772688630095e-07,1.0356378510323339e-07,-1.3921204811140342e-07,-2.5978209805543884e-07,-3.170510751715483e-07,-4.554736676709581e-08,1.738193020628387e-07,7.761300224728984e-08
-5.4207770716629966e-08,-1.0423963203720632e-07,1.1904300123433131e-07,1.000001072883606,-1.2174682240129187e-07,-1.297438823044672e-09,-1.7589739798040682e-07,8.77331203241738e-08,1.5491599469896755e-07,1.842641417226787e-08,1.601596295586205e-07,-5.068252928452921e-09,6.617083414539593e-08,2.8236755156285653e-08,1.5053308288770495e-07,1.618432889927135e-07
5.1103121734286105e-08,1.000000238418579,-5.307841632884447e-08,-2.688368105907557e-08,1.9831567499295488e-08,-2.6088434879056877e-07,-2.8690052999991167e-07,2.119560704727519e-08,-1.634225554880686e-07,-3.450474750366084e-08,-3.508727388634725e-07,5.5750032146306694e-08,-1.0531541505542918e-07,-1.733410783799627e-07,1.4087291333453322e-07,4.003082665349211e-08
-1.032743313089668e-07,3.867325304440783e-08,0.9999995231628418,2.1293409702138888e-08,8.880251556320218e-08,5.3062134242054526e-08,-2.6715991907622083e-07,-2.0255093602372654e-08,5.536046998599886e-08,-5.518415946426103e-08,8.51869543794237e-08,7.933451229291677e-08,-2.2244277886329655e-07,3.1544264977867442e-09,2.2587406078855565e-07,-2.3633931789390772e-07
-7.52825926042533e-08,-1.969946161750613e-08,1.2676235883191111e-07,1.2637669577486577e-08,6.402829200169435e-08,1.7184387246516053e-08,1.8463398987478286e-07,-3.5406607423738023e-08,-8.721571020942065e-08,-2.0587201277066924e-08,1.0,1.0330187194540486e-07,-3.3702690416248515e-08,8.040878896053982e-08,1.012648880305278e-07,-1.0732306776617406e-07
-9.228320152487868e-08,-2.1985858467132857e-08,1.1139903222101566e-07,9.46188762895872e-08,1.0283157791945996e-07,-1.8623143915874607e-08,1.3124123654506548e-07,-5.1246118459857826e-08,-5.798684199476156e-08,-5.178738149425044e-08,2.5653614343923437e-08,7.937320845030627e-08,1.9451140076398588e-07,-4.794078733993956e-08,-6.589429801806546e-08,0.9999979734420776
-1.942969731771882e-07,4.5363897527295194e-08,-1.367745454672331e-07,-6.130629515155306e-08,4.173817558239534e-08,6.698003574001632e-08,1.0088114521522584e-07,-1.2486079015161522e-07,5.956082205216262e-08,1.0000011920928955,3.6626104815695726e-08,-1.1303588109967677e-07,1.6937991631493787e-07,-2.731643533593342e-08,-6.133564056653995e-08,9.597961314611325e-10
1.1555400902807378e-07,-1.8147746416730115e-08,9.130226885645243e-08,1.7987014544473823e-08,-3.31206507553361e-07,1.0000022649765015,-1.3472080340193315e-08,-7.713617122817595e-08,-8.790284056203745e-09,2.6010846454482817e-07,6.171995181603052e-08,7.790307421373655e-08,5.2842697328969734e-08,-3.0930092265180065e-08,-9.297163927612928e-08,-1.647429570539316e-07
7.256204526129295e-08,6.093929982853297e-08,-4.075387138868791e-08,-8.242819404813417e-08,-5.636787392404585e-08,-6.803428931334565e-08,3.867851035010972e-07,-3.294603061476664e-07,1.0000026226043701,7.006156010902487e-08,-1.9170930443124234e-07,6.284560782887638e-08,2.279700197505008e-07,-1.0315631016055704e-07,-6.804172869578906e-08,6.766386206891184e-08
-2.368745555259011e-08,6.890335413345383e-08,-2.225611916983894e-09,-2.6042235390377755e-07,3.170767826077281e-08,-1.9478524393434782e-07,1.8229027176630552e-08,-4.464506098145193e-09,1.4368694678523752e-08,1.2956900441452035e-08,3.672950015243259e-07,1.0000016689300537,7.223751907758924e-08,-5.0228646131245114e-08,4.381004359288454e-08,6.767412230601622e-08
9.244185861234655e-08,-9.84448220719969e-08,-4.0892726360652887e-07,3.0202638612308874e-08,6.161255328152038e-08,-2.2009774625075806e-07,-1.9305738874209055e-07,-6.169690891510982e-08,4.349486992794027e-09,-2.7357236476177604e-08,-1.7054907175406697e-07,-2.550496276398917e-07,-1.0242901993251508e-07,-1.0187748955559073e-07,0.9999977350234985,-1.265830285035463e-08
