1.5168603795245872e-07,-8.833188758217148e-08,-1.695464248996359e-07,1.383662322496093e-07,-3.6916482315518806e-08,9.854841920287072e-08,-2.7331307705935615e-07,0.9999985694885254,2.0453036597700702e-07,-7.41128332037988e-08
5.392241320123503e-08,-8.111961591339423e-08,-1.7595114343293972e-07,6.228747650993682e-08,4.449413992801965e-08,1.0000028610229492,2.0541443745969445e-07,-5.839605421442684e-08,-9.961598657071136e-09,2.2818412048764003e-08
2.8272342689206198e-08,1.000002384185791,1.4548350080190176e-08,2.0350591967144283e-07,-6.370158445179186e-08,-6.476120972820354e-08,-2.3181314645626117e-07,-3.376852362180216e-07,2.2185311365774396e-07,-4.4250160868841704e-08
4.274930276437772e-08,8.527737094254917e-08,2.3564759032979055e-07,-9.43017894883269e-08,-5.567102689951753e-08,-1.520971437685148e-07,-1.5089894134234783e-07,4.580487100724895e-08,0.9999982118606567,-2.8068923185742278e-08
-2.332711801500409e-07,1.0837017327958165e-07,0.9999977350234985,6.507935967903222e-09,-2.352653041270969e-07,2.584015419415664e-07,1.5374331496786908e-07,1.1164548396891405e-07,-9.046644322552311e-08,-4.610060244658598e-08
1.0000017881393433,3.449164154289974e-08,-4.959094801471053e-10,-3.777166313057023e-08,2.7769917210207495e-07,1.0787129411937713e-07,-7.887346242796411e-08,3.769258682950749e-07,2.4695740563629442e-08,1.4478567322839808e-07
3.764480140944215e-07,-3.322674402284065e-08,-1.0625223723081945e-07,1.2821816142150055e-07,0.999998927116394,4.4407958199599307e-08,-3.777993384801448e-08,1.8316146821462098e-08,8.45359195977835e-08,-7.83028042405931e-08
1.293335145646779e-07,9.190052452368036e-08,-1.4749087995369337e-07,8.571370813115209e-08,2.266279324203424e-07,-1.491941219455839e-07,1.0000017881393433,-5.2960395180434716e-08,1.3399460385699058e-07,-9.130141620516952e-08
-6.820709330668251e-08,1.3743647109265567e-08,-1.2138323768340342e-07,5.0419469488360846e-08,-2.61430471937274e-07,2.1009579853625837e-08,1.0737863931353786e-07,-7.556713654821579e-08,1.3995918379805516e-07,1.0000005960464478
6.875850999676913e-08,-7.786259459408029e-08,-1.1639004071639647e-07,0.9999994039535522,-1.4348947274811508e-07,-9.342461027017634e-08,1.8640898247213045e-07,-1.9232636816468585e-08,1.3817083299727528e-07,-1.1600691607327462e-07
