0.19264748692512512,-0.5212438106536865,-0.5948106646537781,0.22272270917892456,0.17423710227012634,0.47500911355018616,0.16585133969783783,0.06549090147018433
-0.37126222252845764,-0.012442724779248238,0.36464396119117737,0.3545030951499939,0.025376785546541214,0.21758192777633667,0.6875449419021606,-0.2875214219093323
0.15102103352546692,-0.6834591031074524,0.19864007830619812,-0.0013303637970238924,0.10649193078279495,-0.5239260792732239,-0.052049003541469574,-0.42669522762298584
0.35123249888420105,0.2698882818222046,0.18965068459510803,0.6580480933189392,0.4203737676143646,0.07476583868265152,-0.353714257478714,-0.16548699140548706
-0.43210574984550476,-0.3872067928314209,0.288460910320282,0.322662353515625,-0.3229178488254547,0.19618770480155945,-0.469220370054245,0.3363049626350403
0.6967165470123291,-0.07873352617025375,0.3811955153942108,-0.01813220977783203,-0.5137346982955933,0.22488947212696075,0.18150252103805542,0.12372779846191406
-0.018515203148126602,0.16714629530906677,-0.4547491669654846,0.4820055663585663,-0.5944380760192871,-0.3821040689945221,0.05598754063248634,-0.17349518835544586
0.08005791157484055,-0.0642639622092247,0.049937762320041656,0.2343607395887375,0.24369847774505615,-0.4602915644645691,0.34015777707099915,0.7382938265800476
