-0.11307435482740402,0.020226795226335526,-0.48461490869522095,0.020451446995139122,-0.34534966945648193,-0.40048351883888245,-0.35640883445739746,0.38827407360076904,0.0037201913073658943,0.2996652126312256,-0.32094448804855347,-0.03576197475194931
-0.353026419878006,-0.07523737102746964,0.3053015470504761,-0.04593174532055855,0.1713384985923767,0.2011333853006363,-0.1117820218205452,0.3605850636959076,0.05254950746893883,-0.17294111847877502,-0.44433602690696716,0.5761588215827942
-0.24027089774608612,0.10064173489809036,0.09007181227207184,-0.3272685110569,-0.44927066564559937,-0.27931398153305054,0.49057599902153015,0.046121809631586075,0.20335125923156738,-0.45706361532211304,-0.12883542478084564,-0.16556985676288605
0.5479207634925842,-0.06120556592941284,-0.09482307732105255,-0.1445682793855667,0.08704123646020889,0.21797972917556763,0.1068999394774437,0.45128974318504333,0.6278282403945923,0.011237840168178082,0.02037185989320278,-0.03540115803480148
0.1839728057384491,-0.23084615170955658,-0.21393460035324097,0.16289149224758148,-0.42896726727485657,0.3833727240562439,-0.3920469284057617,-0.20099836587905884,-0.02635146863758564,-0.5534799695014954,-0.0897984728217125,0.019408250227570534
0.022138213738799095,-0.1263461858034134,0.43954989314079285,0.3071039319038391,-0.18759958446025848,-0.47095128893852234,-0.3055011034011841,0.07499678432941437,0.2912178337574005,-0.09181249141693115,0.4550507366657257,0.19943924248218536
0.44293534755706787,0.6963461637496948,0.28711122274398804,-0.16682614386081696,-0.19641220569610596,-0.007955372333526611,-0.1708216816186905,0.1146964430809021,-0.32746604084968567,-0.046638935804367065,-0.0670117437839508,0.11734253913164139
0.43968117237091064,-0.3588758409023285,0.26212459802627563,0.30555662512779236,-0.13236810266971588,-0.2178809642791748,0.3067569136619568,-0.16864965856075287,-0.12919585406780243,0.17355623841285706,-0.5286478400230408,0.044670749455690384
-0.12883293628692627,-0.20174790918827057,0.20631612837314606,-0.08058984577655792,-0.5699947476387024,0.4353694021701813,0.16835305094718933,0.21402202546596527,-0.16307185590267181,0.44999513030052185,0.2703421413898468,0.05363817512989044
-0.1365547776222229,0.478797972202301,-0.21711507439613342,0.646072268486023,-0.14194892346858978,0.16397808492183685,0.3041013181209564,-0.10168378055095673,0.2784251272678375,0.07235822081565857,-0.02053489349782467,0.23350107669830322
-0.20962217450141907,0.13804803788661957,0.41097748279571533,0.23018968105316162,0.021831972524523735,0.1998661905527115,-0.2538841962814331,0.08009408414363861,0.19322669506072998,0.06515344232320786,-0.27666640281677246,-0.6969167590141296
0.04007762670516968,-0.09001673012971878,-0.07818803936243057,0.38798579573631287,0.14536233246326447,-0.030672306194901466,0.22977542877197266,0.6027024984359741,-0.45915812253952026,-0.3349853456020355,0.18275822699069977,-0.19770172238349915
