-8.710850707416284e-09,-7.010181946043303e-08,1.8460838191458606e-07,-3.665440218014737e-08,1.1288201307024792e-07,6.773298366624658e-08,1.4740791698386602e-07,-2.075835325854314e-08,1.0000008344650269,1.439179158069237e-07
-1.9793340300111595e-07,2.3425638318030906e-08,-8.411204510672121e-10,1.0000011920928955,-5.7741004866329604e-08,2.6786074158735573e-07,8.517758942616638e-09,1.3702734236176184e-07,-8.4486096341152e-08,4.261235346803005e-07
9.331012762459068e-08,-6.686681075507295e-08,7.939197388395769e-08,1.576595991537033e-07,8.231752701703954e-08,8.433450915390495e-08,8.455855571298798e-09,7.265924040211758e-08,-6.48794298285793e-08,1.000000238418579
0.9999998807907104,-1.2240192193146981e-09,-8.751698743481029e-08,3.936767356549353e-09,3.226464928562933e-10,6.728063084437963e-08,-7.301663629277755e-08,-1.0465562638728443e-08,-6.762994075870665e-08,-6.199726954037033e-08
7.467773599501015e-08,-1.2858740205956565e-07,5.836044536522422e-08,7.287943049050227e-08,0.9999996423721313,7.384026190493387e-08,2.611437643906811e-08,1.7129796248127604e-08,-1.782427183627533e-08,-8.241071469683448e-08
1.421228148501541e-07,1.000002145767212,1.1172053859809239e-07,-1.9880623369772366e-07,3.908435175503655e-08,-4.9869516516309886e-08,6.074393610333573e-08,-2.1845576725354476e-07,-1.148639761083814e-08,1.5083193716236565e-07
-2.784016999157757e-07,-4.716712354024821e-08,1.0000011920928955,-1.3771823148545081e-07,4.731042579919631e-08,1.1186414639041686e-07,9.708494275173507e-08,-5.229584232324669e-08,-1.682940649061493e-07,-1.2876296295871725e-07
-1.757327510176765e-07,5.231671451610964e-08,1.67257198313564e-07,3.5997516079078196e-09,-2.3819644923150918e-08,-9.070190998272665e-08,0.9999985694885254,9.698930369950176e-08,-6.940319963177899e-08,3.2060430044111854e-07
2.2366873508872231e-07,7.073101215837596e-08,1.5606741499141208e-07,8.479484847612184e-08,2.0410734435927225e-08,0.9999980926513672,-1.2000150206858962e-07,1.4363396871885925e-07,-1.5303980305247933e-08,-5.933794255952307e-08
-7.738747598295959e-08,-9.298592829054542e-08,6.417232611966028e-08,-1.2050033149080264e-07,-1.4457415886681702e-07,3.3056981152412845e-08,-1.4571887163583597e-07,0.9999977350234985,1.0605134548313799e-07,1.2564983720153577e-08
