-4.7524668644882695e-08,8.916894778110418e-09,-5.678384340512821e-08,1.6230670141226256e-08,0.999998152256012,-7.200908669346973e-08,-4.79479034254382e-08,3.308868201656878e-08,4.700244815580845e-08,-1.1432969238001078e-08,-3.031724702395877e-07,-8.154393071890809e-08
-8.395508643843641e-08,-1.7502296500992998e-08,1.0108978898415444e-07,-6.720805600934909e-08,5.433136252008808e-08,-7.366971743749673e-08,2.3781776548048583e-08,0.9999982118606567,-4.853134072391185e-08,-4.7895870380898486e-08,6.810680730495733e-08,-1.658744395172107e-07
-7.527430767595433e-08,1.5801121833192155e-07,1.1920002407350694e-07,-6.4423851142692e-08,7.992998263262052e-08,0.9999979138374329,-6.828656040624992e-08,-1.9055312883153874e-09,1.4597254960335704e-07,-2.247706731850485e-07,7.831447135231429e-08,7.212770469777752e-08
8.795487360657717e-08,2.143704946888647e-08,3.563905792702826e-08,1.0771162806122447e-07,4.413789511659161e-08,3.011511182648974e-07,-3.6490159782687215e-09,-2.076711957954558e-08,0.9999988675117493,3.0872269007886644e-07,1.5406894249281322e-07,1.4104149670401966e-07
2.923590614045679e-07,7.909133614703023e-08,1.000002145767212,-6.923779949374875e-08,-6.663061924427893e-08,1.0956081553104013e-07,-3.039615137367946e-07,1.7618826575471758e-07,-9.071474238453447e-08,-1.572094703305993e-07,-1.0484644974440016e-07,-1.1998817228686676e-07
-1.053577776133352e-07,-2.140879473699897e-09,-1.4435192952078069e-07,-5.024870688430383e-07,1.4743031329089717e-07,3.7298116239981027e-07,0.9999982714653015,-9.765155084551225e-08,-1.8306853633021092e-07,4.505339390448171e-08,-4.773212580744257e-08,1.9724639344076422e-07
6.30220213793109e-08,-8.161489262192845e-08,2.2698908708207455e-07,-1.4396912995096045e-08,-7.889430264640396e-08,5.755801169016195e-08,8.297809017676627e-08,8.438711063263327e-08,7.207835039935162e-08,8.815994334554489e-08,7.935527435165568e-08,0.999997615814209
1.000001311302185,-1.0854001430971039e-07,7.243092881026314e-08,-1.0306524700354203e-07,-7.614712194126128e-10,7.420524639201176e-08,-3.024297825504618e-07,-2.832135237440525e-08,1.6100470645596943e-07,1.8647430266582887e-08,-2.430237771022803e-07,-3.5501491879585956e-07
6.272072994306654e-08,-1.6380521117298485e-07,-2.6065848146572534e-07,-7.326757867076594e-08,1.2511032210227313e-08,9.284394053565848e-08,3.962087902209532e-08,1.0171194020358598e-07,-4.9073499042151525e-08,1.0000008344650269,-5.462223384711251e-08,-2.5425885041840957e-07
-2.9155799552427197e-07,-3.762358247172415e-08,2.4592975478299195e-07,1.0000015497207642,1.275128909128398e-07,3.0067255352150823e-07,1.7042218303231493e-07,1.2643502600440115e-07,5.070947395324765e-08,1.9411265483881834e-08,-2.4325004233105574e-07,-3.232695888755188e-08
-7.693916614925911e-08,-1.928942872098105e-08,-6.692678855557688e-09,-6.538361674301996e-08,-5.303249395183229e-09,5.428956484365699e-08,9.796920608096116e-08,-4.883724002979761e-08,1.4164726280796458e-07,3.047544439027661e-08,0.9999992847442627,9.226721431332408e-08
1.0373944370201116e-08,1.000000238418579,5.926050050675258e-08,-1.0488610513448293e-07,1.0114536053151824e-07,-6.028812116198878e-09,6.175243782990947e-08,-2.717748373015638e-07,3.7711469502710315e-08,9.553218660585117e-08,1.6970224692158808e-07,1.2029913953881533e-08
