-0.08668360114097595,0.004474789369851351,0.43260228633880615,0.7397240400314331,0.27883437275886536,-0.0749642476439476,-0.24121452867984772,-0.16492845118045807,-0.21016323566436768,-0.21262216567993164
-0.11900483816862106,-0.9006475806236267,-0.3124006390571594,0.03976178914308548,0.034781429916620255,-0.10246797651052475,0.015709511935710907,-0.11701547354459763,-0.14457672834396362,-0.17012640833854675
-0.4654082655906677,0.21995702385902405,-0.17073281109333038,0.21379779279232025,-0.29777684807777405,-0.06745414435863495,0.6118291616439819,0.14354589581489563,-0.31355392932891846,-0.2714357376098633
0.09629606455564499,-0.0040280804969370365,0.4145262539386749,-0.5253106355667114,0.20279443264007568,-0.015532097779214382,0.1927284300327301,-0.3369967043399811,-0.5753947496414185,-0.14060920476913452
0.1470165252685547,0.06612947583198547,-0.22298866510391235,-0.057456549257040024,0.10403823852539062,0.21893952786922455,-0.3845217227935791,0.6422158479690552,-0.5056836605072021,-0.21497802436351776
0.5633507966995239,0.04934447258710861,-0.14742057025432587,0.16505008935928345,-0.41820257902145386,0.3903370201587677,0.046045999974012375,-0.3484821617603302,0.0024336562491953373,-0.4247412383556366
0.26229947805404663,0.25892511010169983,-0.5808098912239075,0.17091678082942963,0.26469752192497253,-0.36507588624954224,0.026040608063340187,-0.31673160195350647,-0.31095051765441895,0.3107627332210541
-0.31212693452835083,0.2155071496963501,-0.14323805272579193,-0.24975460767745972,-0.2087201178073883,-0.4155644178390503,-0.5191057324409485,-0.24291986227035522,0.09177257865667343,-0.4691244661808014
-0.4916996359825134,0.10085052251815796,-0.2377404272556305,-0.03546617180109024,0.19122056663036346,0.6864863634109497,-0.17947928607463837,-0.3553922772407532,-0.05986160412430763,0.14267775416374207
0.0740053579211235,0.09974749386310577,-0.1686629354953766,-0.0785970464348793,0.6747826337814331,0.039448563009500504,0.27884188294410706,0.07363387942314148,0.3756529986858368,-0.5184307098388672
