0.2934950292110443,-0.42838162183761597,-0.23272418975830078,-0.354130357503891,0.5656381249427795,0.3919556736946106,-0.03221186622977257,-0.27598774433135986
-0.07064817100763321,-0.04266005754470825,0.29325830936431885,-0.05429532006382942,-0.21978327631950378,0.7622160911560059,0.33072197437286377,0.4069192111492157
-0.04878142476081848,-0.3538503050804138,0.1031167209148407,-0.47152864933013916,-0.6808134913444519,-0.02111613191664219,-0.14523397386074066,-0.3929238021373749
-0.3453412652015686,-0.2683027982711792,-0.5845940709114075,0.46113309264183044,-0.17702226340770721,0.13792294263839722,0.3696036636829376,-0.2596052289009094
0.41077351570129395,0.6301799416542053,-0.03826480358839035,-0.04608606919646263,-0.12054215371608734,0.16332818567752838,0.3631705939769745,-0.5073971152305603
-0.6507039666175842,0.3917759954929352,-0.013254454359412193,-0.1168336346745491,0.16193199157714844,0.3408176898956299,-0.4393293857574463,-0.27181190252304077
-0.37348672747612,0.12063641846179962,-0.16672946512699127,-0.6133641004562378,0.1541072577238083,-0.2948421835899353,0.5478647351264954,0.176364928483963
0.23577207326889038,0.22870561480522156,-0.6913893222808838,-0.2113533318042755,-0.2690753936767578,0.12712770700454712,-0.32684674859046936,0.41716307401657104
