-0.02210063301026821,0.14989811182022095,-0.5161312222480774,0.5416247844696045,-0.007121702656149864,-0.5921134352684021,0.2530286908149719,-0.051193054765462875
-0.31329280138015747,0.34050261974334717,-0.23071175813674927,0.03197496011853218,0.4919130206108093,0.20957738161087036,-0.37554457783699036,-0.5520153045654297
-0.2021782100200653,0.1819053292274475,-0.4624289572238922,0.22266027331352234,-0.41497644782066345,0.5693371295928955,-0.1477995216846466,0.38002586364746094
0.3348877727985382,0.7782741785049438,0.3913184702396393,0.22556732594966888,0.04630151018500328,0.13818219304084778,0.22451572120189667,0.08050037175416946
0.578862726688385,0.2251756340265274,-0.36705073714256287,-0.4519682228565216,-0.33169272541999817,-0.1651449203491211,-0.3032514154911041,-0.21437714993953705
-0.5482082366943359,0.39737093448638916,-0.0647609606385231,-0.5869302749633789,-0.04913289099931717,-0.2774955630302429,0.23837022483348846,0.23800775408744812
0.04660031944513321,-0.09952405840158463,-0.19995038211345673,-0.14793728291988373,-0.11525154858827591,0.37076878547668457,0.7395395636558533,-0.4778955578804016
0.3324878215789795,-0.06537090241909027,-0.36675310134887695,-0.18578606843948364,0.6766854524612427,0.14315809309482574,0.16428056359291077,0.45909449458122253
