-6.207639557942457e-08,-1.8858087003081891e-07,-3.869916387344574e-09,-2.0810819023608929e-07,-3.6770405387187566e-08,1.3515233376892866e-07,-4.549814391907603e-08,-1.8806348478506152e-08,-2.365871267784314e-07,1.7932012497112737e-07,1.0000004768371582,-1.3637310170011574e-09
8.98062779697284e-08,-5.755661547368618e-08,4.1188723542973094e-08,-1.7873023239189934e-07,3.7849383716093143e-07,-2.834053134392889e-07,1.0000020265579224,9.773676623581196e-08,-2.4513131524628307e-09,1.0692121321653758e-07,2.738858917439302e-08,-1.3675700571980087e-09
-2.8600702250969334e-08,1.0000016689300537,2.022450651395502e-09,1.7310172495399456e-07,3.504102963347577e-08,6.172757593958522e-08,1.9515768201472383e-07,2.5641710976742615e-07,-8.100246873254946e-08,1.2101075697046326e-07,-5.807398650858886e-08,3.321900123864907e-07
-6.750433101387898e-08,-1.4612402310376638e-07,-9.196092065621997e-08,5.783078549370657e-08,1.436372798480079e-08,0.9999987483024597,-1.3253817598979367e-07,7.651701139366196e-08,1.8079623487210483e-07,2.0939712186418546e-08,1.5858518054301385e-07,1.7290312825934961e-07
-2.3917333891176895e-08,8.478485824525706e-08,-2.3750912347964004e-08,-2.5988075691429913e-08,-1.6050174522774796e-09,-3.020861356617388e-07,-6.63709016635039e-08,6.769744231860386e-08,1.7704164179122017e-07,8.005450524706248e-08,2.9642146515129753e-08,0.9999985694885254
-3.492119660108983e-08,2.522243676139624e-07,-2.978716828749839e-08,9.129323963463776e-10,0.9999984502792358,2.079168552882038e-07,-4.995578350985852e-08,-1.9659876215882832e-07,-1.5413556653243177e-08,-6.800957663699592e-08,-1.720077635880557e-09,6.26946956572283e-08
-1.4509438983623113e-08,1.466159318397331e-07,-3.751538457663628e-08,6.481332803787154e-08,1.2037351382332417e-07,-5.9034611865627085e-08,3.320422337083073e-08,2.185443293001299e-07,1.1153599643876078e-07,0.9999982714653015,7.404003099509282e-08,8.180543886737723e-08
-8.836515519305976e-08,1.0116915660773884e-07,-1.7208439828664268e-07,0.9999997615814209,3.4840502394217765e-07,4.821747623395822e-08,1.2826673412291711e-07,1.0583403309283312e-07,-1.6580604267346644e-07,3.210278975984693e-08,-8.461034894935437e-08,-8.06860285251787e-08
-1.528601423217424e-08,-9.31577233131975e-08,-9.82176260322376e-08,-1.497249613180429e-08,1.3853266089824956e-08,4.1114731175184716e-08,2.3568104268179013e-07,1.000000238418579,1.4378014157045982e-07,1.0740418332488844e-07,3.273146376159275e-07,-2.0500741015894164e-07
0.9999983310699463,1.9092566105882725e-07,6.65766464180706e-08,8.606044588077566e-08,-4.901211880792289e-08,1.1006310529637631e-07,4.050254531762221e-08,7.903329901637335e-08,-6.697354137941147e-08,-3.045601033591083e-07,9.14125450890424e-08,3.295762240895783e-08
-2.067388260584835e-09,-3.4419841199451184e-07,1.0000015497207642,-1.9264563277943125e-08,-7.392367251668475e-08,-5.8907613009751e-08,-1.7339094426915835e-07,-6.07321766210589e-08,7.043137628670593e-08,1.6246686129761656e-07,-5.3370317942835754e-08,7.355899356298323e-08
-9.953941315643533e-08,1.6469562069687527e-07,-8.23221597556767e-08,-2.5913178092196176e-07,-2.7297646809643084e-08,-9.658566568759852e-08,5.535220637398197e-08,1.4246708701648458e-07,1.0000011920928955,7.089888498512664e-08,6.181429768048474e-08,3.3824989031927544e-08
