1.2319097209001484e-07,-2.870141280197913e-08,-1.2309457986248162e-07,-4.252464602672035e-09,-1.8905328147411637e-07,1.0442516185094064e-08,-1.9576885890160156e-08,0.9999976754188538
-2.1069149624963757e-07,6.993046497427713e-08,-6.478202152493395e-08,-8.610646773377084e-08,1.6374288036580253e-10,1.0000011920928955,-1.814572101466183e-07,5.833411620415063e-08
1.2431263485268573e-07,-9.461557937129328e-08,-4.938403108667444e-08,1.0000004768371582,2.8461109025101905e-08,2.3389522141314956e-07,1.7860813272818632e-08,1.292018083631774e-07
1.0000011920928955,8.011789276451964e-08,-9.033604442265641e-08,-1.6344421283065458e-07,-1.0421440066465948e-07,-4.215198856627467e-08,6.069129199204326e-08,-1.832589475725399e-07
1.2187028630705754e-07,7.18319199677353e-08,1.0345035406089664e-07,4.23407335858883e-08,0.9999992251396179,-1.2428967011146597e-07,-6.59853895967899e-08,1.2709823238310491e-07
-5.476699698192533e-07,1.0000009536743164,-2.0731424399400566e-07,-1.1066639871160078e-07,1.4503571321711206e-07,9.305693282612992e-08,-6.771485061562998e-08,-1.2982850705611781e-07
2.897911954846677e-08,2.60404231511302e-08,1.0000005960464478,-7.456986850229441e-08,-1.0352950141623296e-07,1.155631892402198e-07,6.881514025280921e-08,8.19510077576524e-08
3.941036652577168e-08,1.7481683656228597e-08,7.266896773217013e-08,1.9051455524277117e-07,7.601961726777517e-08,-1.661137503106147e-07,1.0000001192092896,-1.5070087400204102e-08
