0.1943080723285675,-0.023291073739528656,0.029999949038028717,-0.021389376372098923,0.5373063087463379,-0.19394318759441376,-0.30910536646842957,-0.733816921710968
0.3427908420562744,-0.030437417328357697,0.36288726329803467,-0.15145781636238098,0.32172393798828125,0.25063756108283997,-0.5473736524581909,0.5108806490898132
0.6291394829750061,0.26872003078460693,-0.30825790762901306,0.035964228212833405,0.33781394362449646,0.1087808907032013,0.5397223830223083,0.135664165019989
0.16298668086528778,-0.07354709506034851,-0.8121016621589661,-0.09697212278842926,-0.23753081262111664,0.08411411195993423,-0.48484766483306885,0.023196715861558914
0.23210294544696808,-0.43370139598846436,0.03479180485010147,0.8648009300231934,-0.06206662580370903,-0.019236493855714798,-0.058645837008953094,0.03578098863363266
-0.09497647732496262,-0.3686704635620117,-0.0027070033829659224,-0.11432874202728271,0.05044424533843994,0.8603999614715576,0.16306312382221222,-0.2693759799003601
0.5771594047546387,0.08353819698095322,0.3330232501029968,-0.16239315271377563,-0.6543722748756409,0.028361322358250618,-0.03302852436900139,-0.30419600009918213
0.16233351826667786,-0.7680601477622986,-0.02750096097588539,-0.422592431306839,0.05155336111783981,-0.37309300899505615,0.2175762951374054,0.12326008081436157
