6.849288780585994e-08,6.146597542056043e-08,7.391289358338327e-08,-7.273457214296286e-08,1.0000020265579224,1.0443888953659552e-07,-1.858107623320393e-08,-5.147437143193656e-09,-5.6004129334041863e-08,1.5189284852112905e-07
1.8023749248641252e-07,-6.008194475271011e-08,5.986358786458368e-08,-1.86145729941245e-08,4.001113396157052e-08,6.766155280502062e-08,-4.59132394325934e-08,3.2669595384504646e-07,0.9999982714653015,1.1014769540906855e-07
1.1602772076457768e-07,6.333502255984058e-08,1.405806671073151e-07,1.0000015497207642,-4.1325584732021525e-08,4.591060687175741e-08,7.464351625685595e-08,2.455597893913364e-07,-2.5122597335780483e-08,1.5207409376216674e-07
-2.8383946304444407e-09,6.059782720058138e-08,-3.0840439535495534e-08,7.958401226915157e-08,-6.635823979195266e-08,3.1262469946113924e-08,-2.3027952522625128e-07,4.451748125688937e-08,-1.1098297392209133e-07,1.0000007152557373
6.763922044683568e-08,1.124292694498763e-07,1.0000017881393433,1.3844756452385809e-08,-1.1234949681693251e-07,8.474385637669002e-09,-8.337200085861696e-08,1.835085186030483e-07,2.9904168030725486e-08,-6.848029698858227e-08
3.280153748619341e-08,-1.0626947499758899e-07,-6.770029870040162e-08,-7.454790562633207e-08,-6.756050652256818e-08,5.722565887822384e-08,1.9457756650353986e-07,1.0000019073486328,2.6644853434731885e-08,-6.566572352539879e-08
0.999998152256012,-1.3664691778103588e-07,1.4757273625320977e-08,6.152531284442375e-08,1.7727754197949253e-07,-2.0203170691956984e-08,1.2695684858954337e-07,-2.7372587396712333e-07,6.75292639584768e-08,-2.5433026351606713e-08
2.7805800328906116e-08,-5.8936720392921416e-08,1.5365406724754394e-08,-5.4292893736374026e-08,8.065222800723859e-08,-5.4843798835690905e-08,0.9999974966049194,-2.9638554721600485e-08,-1.2227816625909327e-07,-1.663417492636654e-07
1.4654369806521572e-07,3.3747976857512185e-08,-1.239348392800821e-07,-2.928214470898638e-08,2.0241962772615807e-07,0.9999993443489075,8.809651319552358e-08,-6.449725731272338e-08,-2.212419758507167e-08,-8.421096708843834e-08
-3.8685907810531717e-08,0.999998152256012,3.553851399829e-07,7.991989292577273e-09,-1.0982338949361292e-07,-4.2164467473071454e-09,-1.5363958993930282e-07,-1.0608289358060574e-07,1.7004828123390325e-07,-2.0629344987810327e-07
