-6.639190530677297e-08,6.237494432070889e-08,-7.92088528100976e-08,3.9850686306408534e-08,2.996265635601958e-08,0.9999978542327881,-9.562071312529952e-08,5.3940173216915355e-08,-1.2176633390481584e-07,-2.0856133176039293e-07
6.976215161103028e-08,0.9999991655349731,1.0699595520691219e-07,3.265418513365148e-07,-2.5491221578022305e-08,-7.629209619608446e-08,-7.342905661289478e-08,4.3314437903063663e-07,9.601966155514674e-08,-1.3969608581021475e-08
-9.665158984262234e-08,2.1969074737171468e-07,0.9999989867210388,2.7851777417708945e-07,-5.5989399783129556e-08,6.958055820405207e-08,-1.1508348052302608e-07,-5.249525969475144e-08,-1.4670975190256286e-07,-1.3030958534443471e-08
1.0000016689300537,2.84335754940912e-07,-8.937419693211268e-08,-1.2736616383790533e-07,1.318191635846233e-07,-6.769572280518332e-08,7.75704265265631e-08,1.671358695887193e-08,-9.377065168791887e-08,1.4173754436797026e-07
5.2019991869656224e-08,-1.4844302143046662e-07,5.679681294168404e-07,0.9999985694885254,5.531178715045826e-08,2.547263022734114e-07,9.296396541458307e-08,-8.978374665957745e-08,1.507740279294012e-07,1.4322085917228833e-07
-3.1192357141662796e-08,-1.1593750315341822e-07,3.3868786886159796e-07,-8.961971786902723e-08,-8.597684342248613e-09,2.0969059377762278e-08,1.0000028610229492,-1.428606566378221e-07,-1.9307518073219399e-07,-8.826479103163365e-08
6.985223421906994e-08,8.656580519073032e-08,4.2889105600352195e-08,2.4351486160867353e-08,-9.093533748227856e-08,1.2806343363536143e-07,-5.3834021684906475e-08,0.9999985098838806,7.144432601080553e-08,6.655385131892899e-09
2.1487988988155848e-07,6.865631974051212e-08,1.0742568612442938e-08,-8.50922674544563e-08,-3.1695651614427334e-07,-2.747983884887617e-08,-5.891585530548582e-08,-1.2071649280187557e-07,0.9999988079071045,-1.2905169910482073e-07
1.8348464436712675e-07,-1.1673358812913648e-07,-4.639995054844803e-08,1.0610582279468872e-07,1.0000011920928955,2.312346403243737e-08,2.744909188834299e-08,-3.865551789772326e-08,1.4460731279086758e-07,-7.018375924872089e-08
8.059381428893175e-08,2.1535673511152709e-07,2.2603911986607272e-07,3.5961235766990285e-08,7.509966337693186e-08,-1.5170084566307196e-07,6.757583292937852e-08,-1.2843071317547583e-07,-2.223911188536931e-08,1.0000020265579224
