-0.028956467285752296,-0.16523556411266327,0.5981064438819885,0.2862541079521179,-0.23400241136550903,-0.31848999857902527,-0.6009647846221924,-0.12178857624530792
0.1991652250289917,0.05385772883892059,0.399261474609375,-0.675119161605835,-0.32622888684272766,-0.3340578079223633,0.33081066608428955,0.12157204002141953
0.09900528192520142,0.42075031995773315,-0.11414123326539993,0.25294026732444763,-0.09843630343675613,-0.4020329713821411,0.2792240083217621,-0.6977640986442566
-0.8210284113883972,-0.1435205191373825,0.042835533618927,0.1761595457792282,-0.07661726325750351,-0.31374305486679077,0.36302682757377625,0.19066649675369263
-0.007833894342184067,0.43864038586616516,0.5604954361915588,0.31462305784225464,-0.07391879707574844,0.5259056687355042,0.31349679827690125,0.11861994117498398
0.4046139419078827,0.16516396403312683,-0.055571265518665314,0.39343374967575073,0.22168125212192535,-0.47959232330322266,0.11359915882349014,0.5992285013198853
-0.27469539642333984,0.7056070566177368,-0.2479962557554245,-0.1925749033689499,-0.2690512537956238,-0.04281405732035637,-0.4411783516407013,0.2433393895626068
0.19072218239307404,-0.2336702048778534,-0.29874879121780396,0.2764030396938324,-0.8344248533248901,0.1359596848487854,0.11758492141962051,0.12165816873311996
