7.65367786925708e-08,1.7596697432509245e-08,-5.0991495470498194e-08,4.2397001465133144e-08,1.0000008344650269,1.1048653902889782e-07,-2.0645728682211484e-07,6.753823811322945e-08
-5.708071526555614e-08,1.5552659249351564e-07,2.9450367478034423e-08,9.261380284897314e-08,6.719954370737469e-08,0.9999997615814209,-3.511505397568726e-08,1.2389672399137908e-08
-5.668120195423398e-09,1.000002145767212,-1.0606928668721594e-07,-4.983935042446319e-08,-2.1069804745366127e-07,4.6854552238073666e-08,-4.6986136226223607e-07,-2.4896161221477087e-07
-1.44117493050544e-07,-7.668228363399976e-08,6.956591391826805e-08,0.9999992251396179,-2.9087837916108583e-08,-3.038960727508311e-08,-4.677130860386569e-08,-1.0658563098786544e-07
6.964310017565367e-08,3.565998270005366e-07,-1.1017809242730436e-07,6.873025171216796e-08,6.104831129505328e-08,-4.583234769484079e-08,-8.302242093805035e-08,0.9999975562095642
8.624200376061708e-08,5.063568053742529e-08,1.000000238418579,8.212217750269701e-08,7.252589284689748e-08,1.2050858799739217e-07,3.6738614994646923e-07,1.0435280017873083e-07
6.004669472758906e-08,1.012883004136711e-07,-1.7538228291869018e-07,-7.319572148389852e-08,7.013967717739433e-08,-1.4102403156357468e-07,0.999997615814209,-2.316508016519947e-07
0.9999992847442627,-6.565785781731392e-08,1.9093869241260109e-07,3.415873583989537e-09,4.7569926664436935e-08,-7.335751917025846e-08,2.378465424612841e-08,-7.451887285014891e-08
