-0.2139628827571869,-0.27937930822372437,-0.24012821912765503,0.36350321769714355,-0.5844323635101318,-0.045173097401857376,0.5814640522003174,0.06833285093307495
0.8755420446395874,-0.12563718855381012,0.17779555916786194,-0.049243632704019547,-0.1961721032857895,-0.2048105150461197,0.1838841587305069,-0.2633604407310486
0.15976670384407043,-0.08893196284770966,0.07757987827062607,-0.261970192193985,-0.5140640139579773,0.1464105248451233,-0.37371718883514404,0.6830475926399231
0.04740845784544945,-0.3815712630748749,-0.5910876393318176,-0.5772128701210022,0.2711165249347687,-0.20149412751197815,0.19159381091594696,0.1370471864938736
0.200766459107399,0.47101351618766785,-0.6470803618431091,0.3398618996143341,-0.09741690754890442,-0.31303489208221436,-0.30691683292388916,0.04406656324863434
0.005843102000653744,0.698176920413971,-0.045882657170295715,-0.45199471712112427,-0.17890611290931702,0.27298107743263245,0.44588109850883484,-0.027809619903564453
0.1339777708053589,0.16899505257606506,0.22740665078163147,0.24909502267837524,0.4212389886379242,-0.2840636372566223,0.393219530582428,0.6534326076507568
0.3187148869037628,-0.12162194401025772,-0.28773486614227295,0.2859756052494049,0.25149255990982056,0.8004831671714783,0.06390568614006042,0.10463425517082214
