-1.989019011716664e-07,4.081558984125877e-07,9.307132842195642e-08,-8.583905497516753e-08,-1.4683941174098436e-07,0.9999976754188538,-3.490755773327692e-08,-9.498511843730739e-08
-1.0751936230235515e-07,-1.400123039729806e-07,0.999997615814209,1.5755968263420073e-07,-2.368424105725353e-07,1.6898020760436339e-07,-8.364624903833828e-08,-7.019029624188988e-08
-1.0039316578058788e-07,9.605054884787023e-08,-1.0107571313255903e-07,-1.0304228226232226e-07,-1.1061080584795491e-07,-4.110559359560284e-08,-1.870188128805239e-07,1.0000005960464478
1.0000016689300537,4.230314587516659e-08,-4.918511820051208e-09,-1.5158258293013205e-07,-1.4195062192357e-07,4.607225534414283e-08,2.920294583930172e-08,8.496730430351818e-08
-2.286468792078722e-08,-2.1953464823809554e-08,-2.435147337109811e-07,1.000000238418579,-4.307138823378409e-08,-1.5899246363915154e-07,6.186296985788431e-08,1.013351393908124e-07
-6.382586548170366e-08,0.999998927116394,-5.021896853918406e-08,-7.286717362831041e-08,-6.72429294468202e-08,-1.7503066374047194e-07,1.1955004097785604e-08,-6.771404770233858e-08
3.676239401784187e-08,-8.875578316747124e-08,6.76641533914335e-08,1.612101527825871e-07,1.0000019073486328,-1.1850055159356998e-07,-5.3357876339532595e-08,1.4990800423220207e-07
4.937357545031773e-08,-6.220085424502031e-08,-9.040240911417641e-08,4.156745703198794e-08,4.9541586832901885e-08,-1.0539886829974421e-07,0.9999982714653015,4.0003012458100784e-08
