4.478815185393614e-08,-4.769444572616521e-08,-2.1635655400586984e-07,-5.034449745977554e-09,1.1917401110395076e-07,1.0000027418136597,-3.1130014122027205e-08,7.29185742898153e-08
-6.430978771732043e-08,5.077207276826812e-08,1.1235124475206248e-07,0.9999976754188538,-1.228402055630795e-07,-1.758773926496815e-08,-1.5285895926808735e-07,2.4670256948411406e-09
4.5109857182978885e-08,9.712223913993512e-08,0.9999996423721313,2.875757232345677e-08,6.133350183290531e-08,-3.3504161223163464e-08,6.3096614155711e-08,-3.005242632525551e-08
1.7940654117865051e-07,-2.772075902157667e-07,-1.0463187294362797e-07,6.75128077887166e-08,-3.7199754387984285e-08,-4.344428106151099e-08,0.9999977946281433,1.2747445055083517e-07
1.0000007152557373,8.759150205150945e-08,1.1734800864360295e-07,-8.533880446748299e-08,-4.0043943272394245e-08,1.449202926551152e-07,7.519317080095789e-08,2.513492347588908e-08
1.043512796172763e-07,6.291400467262065e-08,6.293071841412257e-09,-9.632620390220836e-08,-5.401734881615994e-08,1.8812714586147194e-07,-1.0524450289040033e-07,1.0000019073486328
6.509056049708306e-08,1.0000027418136597,8.765429271306857e-08,2.070379068186412e-08,1.3335954918147763e-07,7.839018678623688e-08,-1.6622317389192176e-07,2.1208478528933483e-08
-1.745550974874277e-07,-7.223449927096226e-08,-2.393159661551181e-07,5.563693505905576e-08,0.9999999403953552,-1.1813792610837481e-07,6.732305735113187e-08,-7.246226729762384e-09
