1.1016757284210144e-08,-6.625542425808817e-08,8.103350523924746e-08,4.624560734356464e-09,1.0081988222054861e-07,1.0000020265579224,1.3704276113912783e-07,-7.474151431097198e-08,8.60266382574082e-08,3.146035965073679e-07,-2.56171119872306e-07,6.755986703410599e-08
0.9999975562095642,-3.610327325986873e-08,-6.420838616350011e-08,-4.4086490902373043e-08,-1.0487505619494186e-07,-8.075890889358561e-08,1.4998349229244923e-07,-5.058282681602577e-08,4.6608725767782744e-08,-1.501779962609362e-07,3.1269816958001684e-08,3.9949745200829057e-07
5.8469318275911064e-08,0.9999983906745911,-5.756630017117459e-08,3.440642970531371e-08,-7.436931781512612e-08,1.557873119395481e-08,7.868830920187975e-08,-7.006521940411403e-08,-5.8411149694848064e-08,4.475335213527387e-09,1.0379999082488212e-07,-1.0941067074554667e-07
3.2100455626959956e-08,1.5442614653693454e-07,-4.12186871301401e-08,1.1017626633247346e-07,8.001087081765945e-08,-2.476161498066176e-08,4.468648029387623e-08,2.0013601442769868e-08,-2.0278585566302354e-07,2.1051164367236197e-07,1.501793178704247e-08,1.0000001192092896
2.002724102112552e-07,7.767074805542507e-08,-4.486095406264212e-08,-1.4878278875585238e-07,-1.4625639721543848e-07,-1.6947957703905558e-07,0.9999997019767761,1.71781451285824e-08,1.34610374402655e-07,-7.294021031611919e-08,-1.1776593566992233e-07,8.083270586212166e-08
-1.79454119120237e-07,1.2957313799688563e-07,2.2674189636973097e-08,-2.759858261924819e-07,0.9999988675117493,4.624153504551032e-08,4.0870972384254856e-08,2.1671938554845838e-07,-8.085650904376962e-08,1.5928439722756593e-07,-1.9158056829837733e-07,9.469228245961858e-08
-4.353612581553534e-08,1.323209488646171e-07,-6.892027926141964e-08,-1.030661564982438e-07,-1.1828468871044606e-07,7.139607305362006e-08,3.8684220271534286e-08,1.000001311302185,4.5981880525403085e-09,3.960539345371217e-07,1.639110180917669e-08,-3.357902755851683e-07
1.1787274445396179e-07,2.1479880274455354e-07,-1.1672737088019858e-07,0.999997615814209,-2.94823632174257e-08,1.1129868227044426e-07,-2.4145785815221643e-08,2.9469256901393237e-07,1.5987997414868005e-07,8.309343257906221e-08,-1.2049267184011114e-07,-7.263444246063955e-08
-1.4275154569531878e-07,4.189332969417592e-08,1.0000011920928955,4.020208876909237e-08,3.108169366328184e-08,-1.2507339874900936e-07,-1.990174496313557e-07,8.609339907650337e-09,-9.021942304343611e-08,8.790905781097536e-08,-1.138871397188268e-07,1.0818533979772837e-07
6.099903915313121e-10,4.376058626576196e-08,6.208796321516274e-08,-3.873236309459571e-08,-1.1630047680455391e-07,-3.153571128677868e-07,8.246618676821527e-08,7.74763933009126e-08,1.6215115294926363e-07,1.0000017881393433,-1.348866192074638e-07,1.2796685666671692e-07
1.400274030061155e-08,1.2825658757265046e-08,7.487446396226005e-08,1.6712027672838303e-07,-3.684949660964776e-07,3.905031320527996e-08,9.880534435069421e-08,4.4401633658708306e-07,-2.047579670261257e-07,1.4527924463436648e-07,1.0000003576278687,-1.9860401323512633e-07
7.38500105512685e-08,-1.9687783492372546e-07,2.0909959985715432e-08,5.560790583558628e-08,-5.703997274508765e-09,3.7848664646844554e-07,-5.606622721643362e-08,7.736286278259286e-08,1.0000003576278687,-1.850483855037055e-08,-4.988173429865128e-08,1.3350874894513254e-07
