-0.18025445938110352,0.2927754819393158,-0.22742529213428497,-0.38382193446159363,0.2130725085735321,-0.1657949686050415,-0.7346152663230896,-0.09715531766414642,0.16013161838054657,0.18740496039390564
-0.13314756751060486,-0.16089344024658203,0.8726484179496765,-0.2272680699825287,-0.19638165831565857,-0.1355961114168167,-0.19546091556549072,-0.0036312032025307417,0.18962442874908447,-0.109957754611969
-0.4485689401626587,-0.36196160316467285,-0.19581091403961182,-0.3688949644565582,-0.43681859970092773,-0.015123334713280201,0.19780372083187103,-0.19644688069820404,-0.1695447415113449,0.44254133105278015
-0.003745867870748043,-0.4081389605998993,-0.08413873612880707,-0.08843883872032166,-0.018538370728492737,0.7903604507446289,-0.3487098515033722,0.16728363931179047,0.0005044862045906484,-0.20954449474811554
0.05686330050230026,-0.0040079946629703045,-0.06927706301212311,-0.5256720185279846,0.06510233134031296,-0.2250344455242157,0.061659544706344604,0.2589295208454132,-0.5869269371032715,-0.49539241194725037
-0.1847553700208664,-0.17220759391784668,-0.12251609563827515,0.4843538999557495,-0.3734670579433441,-0.3371375799179077,-0.37505704164505005,0.5211324095726013,-0.14484670758247375,-0.015261223539710045
-0.019268007948994637,0.19283290207386017,-0.2643476128578186,-0.04019058123230934,-0.5707116723060608,-0.033410318195819855,-0.00035446122637949884,-0.3150401711463928,0.36211028695106506,-0.5777068734169006
-0.3824142813682556,-0.534048855304718,-0.1466788351535797,0.10286395251750946,0.49455106258392334,-0.2893370985984802,0.07821428775787354,-0.1525413990020752,0.2718355059623718,-0.3238474428653717
0.30494698882102966,-0.24884489178657532,0.06130712106823921,0.2500809133052826,-0.0401722677052021,-0.1069728434085846,-0.33239972591400146,-0.6601279377937317,-0.467766135931015,-0.025820733979344368
-0.6867150664329529,0.42049261927604675,0.1624109148979187,0.26731905341148376,0.09622257202863693,0.2620065212249756,0.01827968657016754,-0.16450588405132294,-0.3469413220882416,-0.167630136013031
