0.14181217551231384,0.5803490877151489,-0.16474664211273193,0.33506184816360474,-0.07495774328708649,0.060614943504333496,0.34126296639442444,0.20081205666065216,-0.167624831199646,0.09606751799583435,-0.11759824305772781,0.5352017879486084
0.11071527749300003,-0.048493947833776474,0.020288515836000443,-0.043857067823410034,-0.12997853755950928,-0.39245185256004333,0.3512708842754364,-0.3377402722835541,0.5764411687850952,0.4629761874675751,-0.16042518615722656,0.048122256994247437
0.16961997747421265,-0.26603084802627563,-0.2819840610027313,-0.21040906012058258,0.5051820278167725,-0.32289668917655945,-0.22198666632175446,-0.08799894154071808,-0.26782670617103577,0.22283869981765747,0.12182996422052383,0.47322800755500793
-0.19021949172019958,-0.33357688784599304,0.561569094657898,0.18024447560310364,0.32620859146118164,-0.08355332165956497,0.4310580790042877,0.011422897689044476,-0.02465638890862465,-0.3373112380504608,-0.1290646642446518,0.272612601518631
-0.4712888300418854,0.16394492983818054,0.18607452511787415,-0.1249222382903099,-0.2652592957019806,-0.2124900221824646,-0.5225767493247986,-0.06227613240480423,0.0885239988565445,-0.07687905430793762,-0.38438305258750916,0.3831469714641571
0.3775673806667328,-0.23514768481254578,0.15201035141944885,0.2101454883813858,-0.22796201705932617,0.4522428810596466,-0.16494908928871155,-0.578392505645752,-0.1890731155872345,0.06823645532131195,-0.19573678076267242,0.1947452872991562
0.24403919279575348,-0.26906105875968933,-0.40472492575645447,-0.09736336767673492,0.04378093406558037,0.07955729961395264,0.04715314134955406,0.29594290256500244,0.17380988597869873,-0.27406126260757446,-0.7003229856491089,-0.03076803684234619
0.11945458501577377,-0.2525840699672699,0.2671087086200714,0.055791836231946945,-0.04241163656115532,0.33280327916145325,-0.220843106508255,0.5700528025627136,0.35225510597229004,0.38432642817497253,0.16375768184661865,0.2501523494720459
-0.4174390733242035,0.1623782068490982,-0.24432800710201263,-0.007717150263488293,0.499492883682251,0.5342645049095154,0.016097547486424446,-0.26960837841033936,0.3526158630847931,0.0574796088039875,-0.02409001626074314,0.059326279908418655
0.53123539686203,0.39508047699928284,0.2559840679168701,-0.1384034901857376,0.25816500186920166,-0.0746062695980072,-0.24475866556167603,-0.08455634862184525,0.3830208480358124,-0.41831785440444946,0.1166812926530838,0.049360740929841995
0.08757056295871735,0.27793729305267334,0.3939417898654938,-0.20344415307044983,0.3407960534095764,0.05117432773113251,-0.026837926357984543,0.08218464255332947,-0.301121324300766,0.443387895822525,-0.44977453351020813,-0.3204730153083801
0.0069188568741083145,0.026951119303703308,0.06540675461292267,-0.8222432136535645,-0.23986490070819855,0.26585352420806885,0.3359817862510681,-0.01342883799225092,-0.08764919638633728,-0.0686948224902153,0.09545032680034637,0.23679424822330475
