0.0468297116458416,0.46005403995513916,0.427815318107605,0.20714117586612701,0.07790080457925797,0.11395209282636642,0.42569002509117126,0.3286076486110687,0.4539931118488312,0.09693079441785812,0.1734694391489029,0.07986215502023697
0.5053580403327942,0.1593153476715088,-0.0057226731441915035,0.44892898201942444,-0.5217810273170471,-0.08586045354604721,0.14255480468273163,-0.09272655099630356,-0.3243761360645294,0.14213219285011292,-0.06506292521953583,-0.28188565373420715
-0.1523386538028717,-0.028126569464802742,-0.38257575035095215,0.6196963787078857,0.24052080512046814,0.3915104866027832,-0.016371985897421837,0.10333705693483353,0.1101037859916687,-0.09574908763170242,-0.44887158274650574,0.027577605098485947
-0.10904518514871597,-0.05918988212943077,0.4995676875114441,-0.28741809725761414,0.006108709145337343,0.24898940324783325,0.09355329722166061,0.029040563851594925,-0.15797241032123566,0.12144088745117188,-0.6445772647857666,-0.35442277789115906
0.30043265223503113,0.09094101190567017,0.020015165209770203,-0.1322915256023407,0.05922466516494751,0.7196411490440369,-0.39747732877731323,0.08377387374639511,-0.04960256069898605,-0.05286648869514465,0.3705986738204956,-0.23359885811805725
-0.11977242678403854,0.32522547245025635,-0.14018628001213074,0.044025152921676636,0.23629790544509888,-0.40711289644241333,-0.36113324761390686,0.1342933624982834,0.19147543609142303,0.10955821722745895,-0.0009895298862829804,-0.6630199551582336
-0.223439022898674,0.21881172060966492,-0.012344042770564556,-0.09274173527956009,-0.6839553117752075,0.06755133718252182,-0.31111446022987366,-0.054484158754348755,0.4140033423900604,-0.328518271446228,-0.18743719160556793,0.08288858830928802
0.09281792491674423,0.5358107686042786,-0.24992796778678894,-0.26000332832336426,0.20661456882953644,0.05930657312273979,0.35355859994888306,-0.3971039652824402,-0.14594189822673798,-0.4579978585243225,-0.09540334343910217,-0.0718330591917038
0.07561960071325302,-0.3361580967903137,-0.13886818289756775,-0.10543204843997955,-0.1132238432765007,-0.06870153546333313,0.3025774657726288,0.5944691300392151,-0.022516094148159027,-0.5443676114082336,0.06588346511125565,-0.2953133285045624
-0.28105080127716064,-0.34140434861183167,-0.04760089889168739,0.08873479813337326,-0.11672881245613098,0.18219716846942902,0.35667744278907776,-0.48591211438179016,0.3199250102043152,0.09490323066711426,0.28258734941482544,-0.43925729393959045
0.3734280467033386,-0.24348920583724976,0.4473346769809723,0.2545090913772583,0.2584657371044159,-0.18622155487537384,-0.2280290722846985,-0.3109303414821625,0.24019333720207214,-0.4729951322078705,-0.06910088658332825,-0.005582028068602085
0.5657056570053101,-0.14426426589488983,-0.34158453345298767,-0.33093026280403137,0.026675425469875336,-0.008107759989798069,0.0920574888586998,0.0010097629856318235,0.5091390013694763,0.2914365530014038,-0.27956804633140564,0.037450097501277924
