-2.6078694759235077e-08,6.819885101094769e-08,1.0000007152557373,-6.767302807020315e-08,8.233454451556099e-08,8.590924949203327e-08,-4.429338673617167e-08,4.2058964311308955e-08,-4.8986741774115217e-08,-2.8416621944415965e-07,-2.6674234732126934e-07,-2.169399380136383e-07,5.846805350984141e-08,1.4311450513559976e-07,-1.788146342107666e-08,-5.2338887002179035e-08
3.507615247144713e-07,2.2398781140964275e-07,1.4062126751923643e-07,1.2863065990131872e-07,6.818825681875751e-08,-5.173233148525469e-07,1.0317020837646851e-07,0.9999976754188538,-7.619120623303388e-08,-8.663511152917636e-08,5.2033172437404573e-08,1.020359885472999e-08,-7.154084613603118e-08,6.324800239099204e-08,8.199376821949045e-08,6.735499624710428e-08
-2.9322382744112474e-08,3.182217369612772e-07,-6.682009967562408e-08,3.947545579308098e-08,-1.9143271856592037e-07,-9.507209597359179e-08,-6.653396411593349e-08,2.013058519878541e-07,1.197486199089326e-08,-5.4975600960460724e-08,-3.2378069114713526e-09,3.560886909781402e-07,-1.6800206026346132e-07,-2.64329820254261e-08,-7.108602773087114e-08,0.999998152256012
1.54242698613416e-07,5.0439322052397983e-08,8.423983643979227e-08,4.518480878346054e-08,-5.2168228847904174e-08,6.396260943120069e-08,0.9999982714653015,2.092266582209845e-09,-2.594364616470557e-07,-2.8111251992868347e-08,7.168755189468357e-08,-7.712295690964766e-09,1.0761069546560975e-07,8.024747444324021e-08,-5.055133911469056e-08,1.222707055603678e-07
1.0000003576278687,-1.7611681357720954e-07,8.234218284997041e-08,4.92851128797156e-08,6.206010993992095e-08,1.2363491919131775e-07,-8.31464745942867e-08,1.4718500551680336e-07,1.5829854760340822e-08,1.2634087909191294e-07,-6.693563925352919e-09,-6.751631786983125e-08,-1.4261827629979962e-07,-3.1622118257246257e-08,-4.873011150152706e-08,6.405738162129637e-08
5.681586756622892e-08,-5.771962907630268e-10,1.4084798749536276e-07,-1.5305209544180798e-08,-3.728106037215184e-07,2.5736170528034563e-07,-2.8472845414739822e-08,6.859414014570575e-08,-1.6881932651813258e-07,2.2684103839765157e-07,-3.483207677845712e-08,-3.238191581544925e-08,-1.97243696931082e-08,-2.3283580219413125e-07,0.9999989867210388,-5.5989044511761676e-08
5.603144259680448e-08,-1.8967500636790646e-07,-7.645360966535009e-08,-3.915964441603137e-09,1.7302470212143817e-07,3.2621443324387656e-08,-3.5427301980917036e-08,8.149347507924176e-08,-2.167881234527158e-07,-7.308933192007316e-08,1.000001072883606,-1.7916417505148274e-07,6.221193160627081e-08,-5.040464046146553e-08,4.733258762712467e-08,-3.373834545072896e-08
8.52782378046868e-08,1.0000009536743164,-3.18289806955363e-07,-1.1771675190175301e-08,2.5055920005456755e-08,-3.545045785813272e-07,7.31630294126262e-08,1.0624003898840328e-08,5.040512007781217e-08,9.539798284663448e-09,-5.091881405405729e-08,-1.0364082925207185e-07,-3.3242098851360424e-08,-5.87289683551262e-08,1.184173754609219e-07,-1.0205083356140676e-07
-1.5954795173911407e-07,-1.1336351235513575e-07,-3.968592920955416e-08,2.0503144071426505e-07,-9.243586873708409e-08,-7.779987498679475e-08,-1.450874549391301e-07,2.1432840924262564e-07,1.0000020265579224,-9.726387872888154e-08,2.3711027097306214e-07,-1.3273842114358558e-07,1.1626400953090865e-09,5.294803884225985e-08,-2.6395309760118835e-07,9.065414730002885e-08
-1.3998740655551956e-07,8.657055872163255e-08,1.566148597476058e-07,-5.3911261232997276e-08,-8.421216080023441e-08,9.02987764561658e-08,1.1668281985066642e-07,-1.1111171005495635e-07,-1.5590143220833852e-07,0.9999997615814209,8.658408745532142e-08,-8.044954569186302e-08,-1.89672135775254e-07,-9.89297959108626e-08,-3.1132152411572633e-10,1.3439590773600685e-08
2.0164788949728063e-08,-3.1143816414669345e-08,-1.957379325290276e-08,1.6888218112853792e-07,1.8499670773053367e-07,-1.258104447288133e-07,7.059277606913383e-08,-9.140332224433223e-08,6.744452463181005e-08,-2.5381272195090787e-08,-1.62996357744305e-07,1.0000020265579224,-2.0752543150592828e-07,1.7087897674628039e-07,2.244244967641862e-07,-5.000521952069903e-08
5.228897137499189e-08,-9.656157828885625e-08,-1.0486132850928698e-07,1.000000238418579,3.070592002885064e-09,-9.221960084460079e-08,-2.2363447271800396e-07,1.7522107498280093e-07,-1.479511979596282e-07,6.967005816704841e-08,1.1700666213698696e-08,7.96147432424732e-08,-4.012598822100699e-07,-9.318595317608924e-08,-8.441691079497105e-08,-1.8400844226107438e-07
1.984491859730042e-07,9.674542944537734e-09,1.9662552119825705e-07,-6.340695080098158e-08,1.0000005960464478,2.4703271606085764e-07,-1.1448027947835726e-07,2.7503620003699325e-07,-6.373183225605317e-08,4.317203661230451e-08,-7.222038789223006e-08,-2.2983449809999001e-07,-9.023075620007148e-09,7.01184319495951e-08,-1.78676259565691e-07,-8.362923864524419e-08
-4.382577500905427e-08,6.241806005391481e-08,-3.99956093133369e-07,-7.173663618686987e-08,-4.459270641632429e-08,6.939967533980962e-08,1.012468047179027e-07,3.107982848860047e-08,-9.569303927037254e-08,2.2258498688643158e-07,1.5175012890722428e-07,2.738260640455792e-08,-1.304763941334386e-07,0.9999982118606567,7.890201203508695e-08,-8.318859556766256e-08
6.364487603605085e-08,-3.386216462786251e-07,9.854943527898286e-08,1.4307309470495966e-07,-1.371600433230924e-07,1.000001311302185,-8.463734957331326e-08,-9.957476976296675e-08,2.9822547986668724e-08,-4.348930104924875e-08,1.1485388284881992e-07,-6.738021340879641e-08,9.097127495749646e-09,-3.852114005553631e-08,-1.0852581056042254e-07,2.2100275387515467e-08
-2.734389568104234e-07,7.839156523914426e-08,-3.665894476867493e-09,-3.8406465563411984e-08,1.489197529735975e-07,-2.0409410694810504e-07,-2.3714189012480347e-07,2.6758227633649767e-08,2.4845829216246784e-07,-9.257512800786571e-08,4.1598667621656205e-07,-1.4983234564169834e-07,0.999997615814209,-5.466727870384602e-08,2.112200689907695e-07,-1.1830316282157582e-07
