-9.575406068051961e-08,7.834752580038185e-08,4.043125301222972e-08,-2.1882885903323768e-07,-1.5672050324155862e-08,-1.188152225495287e-07,-1.3701377099550882e-07,4.71303742699547e-08,0.9999992251396179,7.501195398162963e-08,1.902476398640829e-08,-5.439535399887063e-08,2.702220314176884e-08,1.74551377796206e-08,2.3789391789819092e-08,6.25851939162203e-08
1.1891624041027171e-07,5.931497071287595e-08,-6.930041251962393e-08,1.0752967227745103e-07,9.94075293192509e-08,-7.860818840299544e-08,-1.418543291720198e-07,4.4983679003962607e-08,-1.0436944641867285e-08,-8.928768124860653e-08,1.990353837300063e-07,2.2065824722972138e-08,2.7448191275425415e-08,-1.3014830813062872e-07,1.000001072883606,4.964338984336791e-08
9.06947619228049e-08,-6.771774252456453e-08,9.069561457408781e-08,-7.619880193487916e-08,1.0000028610229492,-3.112721174147737e-07,-6.733399260383521e-08,4.5947519566880146e-08,-1.6711459238649695e-07,4.8837467403473056e-08,7.539546942325615e-08,-9.362106823118665e-08,3.395378200821142e-09,2.018030613726296e-07,-8.151340047390931e-09,-9.584577753685153e-08
-6.308268041266274e-08,-1.0036082187525608e-07,1.4778339618715108e-07,-7.765270026993676e-08,3.892198563448801e-08,1.000001072883606,-1.8235974952318657e-09,6.524884099690098e-08,-1.78968562636328e-07,7.812175084609407e-08,-1.314253239570462e-07,-4.6564085920408615e-08,7.758541897828763e-08,4.667165498517534e-08,3.0852118015900487e-07,4.5265828418905585e-08
2.1068085942488324e-08,2.1507644021312444e-07,-3.0243876381064183e-07,2.8246160965750278e-08,5.282483894752943e-10,-3.59921195070001e-08,-2.936013032694973e-08,1.0000014305114746,-1.0672664529920439e-07,-1.139429457452934e-07,-2.770818525732466e-07,-9.747872553589332e-08,-4.082587423681616e-08,-1.1033553626305093e-08,-7.379890831771263e-08,-1.7853012934665458e-07
-7.667016177492769e-08,1.0000016689300537,3.290331846983463e-07,-1.475063271527688e-07,-1.4964663819228008e-07,-1.464554433283638e-08,-2.6513053086318905e-08,-1.7217047343365266e-07,2.1715921150189388e-07,3.159287942366973e-08,-8.547324625851616e-08,3.0594225108870887e-07,3.700069939327477e-08,-1.8416339742088894e-07,-6.76096547636007e-08,-7.21326003372269e-08
1.0866497746064852e-07,4.9150056469216e-08,0.9999976754188538,1.732714167701488e-07,4.983048995654826e-08,3.6810484971283586e-07,5.2348340773278323e-08,-6.109760875006032e-08,-1.2318743358719075e-07,2.1549215034610825e-07,6.982441647096493e-08,1.4845088713855148e-08,5.336320185733712e-08,7.121833789369703e-08,1.8204160312507156e-07,-1.3996861980558606e-07
1.1125505494646859e-07,7.281498426436883e-08,9.101588460680432e-08,4.167202138916082e-09,-3.18883195404851e-08,-9.417066593186973e-08,7.214365638219533e-08,-9.583938975765705e-08,-2.8267798768411012e-08,-1.4728016139997635e-07,0.9999986886978149,3.762515277117018e-08,-6.544062358670999e-08,2.077028682379023e-08,-9.647855847561004e-08,-1.3077718108434055e-07
7.99846517907099e-08,6.923818318682606e-08,5.6296663331067975e-08,-1.8948306035326823e-07,2.2296589463621785e-08,-6.429798915519314e-09,0.9999979734420776,8.432038356431804e-08,-1.0397405958428863e-07,2.1575539221885265e-07,6.346070335894183e-08,-1.2911269209325837e-07,3.53587488177709e-08,1.7396422080651064e-08,-1.0189173593744272e-07,3.707548401621352e-08
-7.589891026782425e-08,-7.642348265335386e-08,1.3354385153263593e-08,9.273072976156982e-09,1.3597383485830505e-07,1.6857948992310412e-07,-8.440407128773586e-08,-1.1477692396510975e-07,-1.4740373899257975e-07,1.0000020265579224,-1.0257203797436887e-07,5.2877471290457834e-08,6.514221695397282e-08,-3.7600784708047286e-07,-4.399209885264099e-08,1.5505352735090128e-07
8.585463895371959e-09,-8.587802824422397e-08,-3.4056924391734356e-08,1.0,-3.121893854540758e-08,-1.8305642868199357e-07,7.422529080258755e-08,-1.4142594295663002e-07,-1.145213488484842e-07,1.2069844501638727e-07,-1.860242804241352e-08,-8.012326446760198e-08,1.0096714220253489e-07,-9.354650387649599e-08,5.2283088081139795e-08,6.82976235566457e-08
7.428096182593436e-08,-2.4038554258254408e-08,4.401524034136628e-09,1.3416875788152538e-07,2.8284216568863485e-07,1.460258829411032e-07,-1.6595069496361248e-07,-5.526761981400341e-08,-7.521787637188027e-08,2.1227107538379641e-07,3.3758936979211285e-07,0.9999975562095642,-3.374226764663035e-08,5.4698489293514285e-08,-1.1276653566483219e-07,9.53627861122186e-08
-2.7785269196556328e-08,6.468932411962669e-08,2.8635375315388956e-07,6.90811674530778e-08,-1.0335592381949255e-09,1.1464101845604091e-07,5.716510997899604e-08,-2.804999041927658e-07,-1.9541399609579457e-08,-1.0373754122383616e-07,1.280970423067629e-07,-4.434699718558477e-08,1.0000020265579224,9.771234488198388e-08,-6.428345500353316e-08,3.7857542878327877e-08
1.0000015497207642,5.58281554319251e-09,2.0952397594697914e-09,8.500743575723391e-08,1.7663883511431777e-07,-3.492296514195914e-07,-6.03258669684692e-08,-9.165374592612352e-08,-1.6889032394828973e-07,-3.611046111018368e-07,3.448913687975619e-08,2.7452863093913038e-08,-2.3886087774371845e-07,9.28114261000701e-08,-2.8606936552932893e-07,-3.417099492253328e-08
6.616621561761349e-08,-3.895580746871019e-08,-1.9357077007953194e-07,-2.766986995084153e-07,-4.438810563556217e-08,5.965736704638402e-08,-2.308756563706993e-07,-4.882101123371285e-08,1.1133472099800201e-07,6.582817491107562e-08,-3.3816306199696555e-08,-1.420735458168565e-07,7.202056195865225e-08,-1.5615911763688928e-07,-2.064856801098358e-07,1.0000011920928955
-9.025172431620376e-08,4.772856954105009e-08,6.950227771085338e-08,-6.99368882806084e-08,-1.2384401770759723e-07,-1.0284728801934762e-07,9.246188170664027e-08,-4.2610841433088353e-07,1.0068544042951544e-07,-8.519580596555443e-09,2.2864114157528093e-08,-7.6680599647716e-09,-2.7318830575495667e-07,1.000002384185791,-2.089954165285235e-07,1.3703527201869292e-08
