0.3923560082912445,0.12274486571550369,0.25747713446617126,-0.02601565793156624,0.44568124413490295,0.34895801544189453,-0.3438739478588104,0.5704079270362854
0.18427442014217377,-0.2219628095626831,0.5555403828620911,-0.5378047823905945,-0.5383939146995544,0.14597660303115845,-0.06331178545951843,-0.06108834594488144
-0.2626485824584961,-0.44289472699165344,0.2390976995229721,0.6418453454971313,-0.30805402994155884,0.160206601023674,0.060096610337495804,0.3762308657169342
0.32077842950820923,-0.13668303191661835,-0.04487572982907295,0.2994852662086487,-0.15395356714725494,-0.3483550250530243,-0.7516086101531982,-0.2770281732082367
-0.31964659690856934,-0.604029655456543,0.16459767520427704,-0.15599894523620605,0.5617789626121521,0.14385159313678741,-0.15138721466064453,-0.3497699797153473
-0.2655436098575592,0.5295559763908386,0.3078772723674774,0.26662856340408325,-0.04969489574432373,0.5044940710067749,-0.18372952938079834,-0.438679575920105
0.39186275005340576,0.04929938167333603,0.5528210401535034,0.29970118403434753,0.26227468252182007,-0.3579864501953125,0.4433722198009491,-0.23465023934841156
0.560335099697113,-0.2703985571861267,-0.37203240394592285,0.15226240456104279,-0.07777519524097443,0.553659975528717,0.23655882477760315,-0.2876957058906555
