-0.5432761907577515,0.6167870163917542,0.4412699043750763,0.32512593269348145,0.05147417262196541,0.09611406177282333,-0.09160123765468597,-0.06102494150400162
0.46066853404045105,0.036465924233198166,0.2908874452114105,0.16089747846126556,0.06953903287649155,0.08027383685112,0.14367996156215668,-0.8025117516517639
0.14723238348960876,0.18623240292072296,-0.410251647233963,0.5670818090438843,0.4245339334011078,-0.045324523001909256,0.489715576171875,0.17789927124977112
0.019352786242961884,-0.13183073699474335,0.254381000995636,0.2735046446323395,-0.2848040461540222,-0.8665347695350647,0.08692584931850433,0.056366488337516785
0.5957328677177429,0.21792003512382507,0.4968981146812439,-0.08464567363262177,0.23977094888687134,0.04006023332476616,-0.13890033960342407,0.5149296522140503
0.23304572701454163,0.09340928494930267,-0.060994453728199005,0.3659420609474182,-0.7926245331764221,0.36812824010849,0.0784655436873436,0.1714697927236557
-0.09858199208974838,-0.6194422841072083,0.1867157518863678,0.5558722615242004,0.21299265325069427,0.21524396538734436,-0.40900105237960815,0.061150502413511276
0.22728115320205688,0.35533425211906433,-0.44962072372436523,0.14814385771751404,0.00797068141400814,-0.2189212143421173,-0.7285963296890259,-0.1383143812417984
