-0.23924672603607178,-0.36650750041007996,0.20508721470832825,0.49116450548171997,-0.6778233647346497,0.22334255278110504,0.08699870854616165,-0.09076660871505737
0.44587114453315735,-0.5209934711456299,-0.25345852971076965,-0.25391626358032227,-0.2596927881240845,-0.08378448337316513,-0.18000808358192444,0.5423912405967712
-0.12221333384513855,-0.5975369811058044,-0.34585052728652954,-0.05440905690193176,0.3122624158859253,-0.07430222630500793,0.5316102504730225,-0.34612390398979187
0.716460108757019,-0.1306055337190628,0.15995152294635773,0.43674564361572266,0.2620716392993927,0.1740010380744934,-0.18766608834266663,-0.34513959288597107
-0.16103526949882507,0.03449723497033119,-0.2979860007762909,0.21646089851856232,0.3058149814605713,0.7650911211967468,0.016214678063988686,0.3975899815559387
0.2591667175292969,0.41310521960258484,-0.4858442544937134,0.42918020486831665,-0.2091962695121765,-0.28322622179985046,0.4388152062892914,0.1593651920557022
-0.18551741540431976,0.008410765789449215,-0.6397861242294312,0.06625736504793167,-0.1280013769865036,-0.04443764686584473,-0.6224427819252014,-0.3820986747741699
-0.29697492718696594,-0.21958066523075104,0.11971738189458847,0.5149126648902893,0.3914816975593567,-0.4896373152732849,-0.24887840449810028,0.35941290855407715
