-0.013133023865520954,0.41180214285850525,-0.028281768783926964,0.6144740581512451,0.3171806037425995,-0.11852866411209106,-0.4394613206386566,-0.1417342871427536,0.06408530473709106,0.3462533950805664
0.24348175525665283,0.22603026032447815,-0.1139911636710167,-0.241438090801239,0.67076575756073,-0.12869511544704437,0.02792976424098015,0.4581299126148224,-0.3049570322036743,-0.21951322257518768
0.2752319574356079,-0.41923126578330994,-0.3022097945213318,0.24583378434181213,-0.2994707226753235,-0.04729665070772171,-0.2637646496295929,0.2606220841407776,-0.5771506428718567,0.1849566549062729
-0.20398275554180145,-0.11127987504005432,0.156439870595932,-0.2936535179615021,-0.05139768496155739,0.21779634058475494,-0.7331560850143433,0.40275248885154724,0.2897717356681824,-0.039129555225372314
-0.1918233335018158,0.5475152730941772,0.41237324476242065,-0.14217592775821686,-0.31580695509910583,0.20670542120933533,0.05256317928433418,0.12776947021484375,-0.5200577974319458,0.20286808907985687
-0.06955220550298691,-0.2035406231880188,-0.14067701995372772,-0.422081857919693,0.31630825996398926,0.19880540668964386,0.057845354080200195,-0.19967174530029297,-0.046330325305461884,0.7555499076843262
-0.00906586553901434,0.36600977182388306,-0.45584312081336975,-0.32258284091949463,-0.35509413480758667,-0.5867584943771362,-0.042649101465940475,0.11246589571237564,0.19154658913612366,0.18046815693378448
-0.7473660707473755,0.008561224676668644,-0.49723565578460693,0.03597920760512352,0.1043788269162178,0.1274213343858719,-0.05135666951537132,-0.13465853035449982,-0.273678719997406,-0.26463741064071655
-0.41030487418174744,-0.18875032663345337,0.1415313333272934,0.307020366191864,0.04773087427020073,-0.1829274594783783,0.38852742314338684,0.6186850070953369,0.18058806657791138,0.2822287678718567
-0.23358654975891113,-0.28341659903526306,0.4533122479915619,-0.13956889510154724,0.13451169431209564,-0.6659436821937561,-0.19361287355422974,-0.2648521959781647,-0.2627076804637909,-0.04378408566117287
