0.01508447527885437,-0.42218583822250366,-0.38850483298301697,0.01158962957561016,-0.16052138805389404,-0.272085964679718,-0.08911195397377014,0.44100314378738403,0.4820071756839752,0.36865711212158203
-0.2563157081604004,0.3359561562538147,0.5533345937728882,0.3388846516609192,0.17149507999420166,-0.4181010127067566,-0.07195958495140076,0.007067166734486818,0.2945876121520996,0.32277849316596985
-0.15294553339481354,-0.2336754947900772,0.1746293604373932,-0.06953548640012741,-0.5148963928222656,-0.39311906695365906,-0.5711463689804077,-0.1500837206840515,-0.21201150119304657,-0.27079281210899353
0.4855533242225647,0.1762213557958603,-0.16615848243236542,0.11903689801692963,-0.41298556327819824,-0.20040002465248108,0.21052466332912445,-0.5573766827583313,0.03042592480778694,0.3532331883907318
-0.19720815122127533,-0.6404080390930176,0.44446060061454773,-0.08003858476877213,-0.08807425945997238,0.2944377064704895,0.2801169157028198,-0.3385446071624756,0.17005904018878937,0.17488916218280792
0.6642143130302429,-0.22610850632190704,0.20277062058448792,0.09430281817913055,0.4199662506580353,0.07313547283411026,-0.4668278992176056,-0.09672635793685913,0.19882860779762268,-0.09564852714538574
-0.0483672097325325,-0.20932281017303467,-0.15161357820034027,-0.2879582345485687,0.45749950408935547,-0.6445852518081665,0.31043311953544617,-0.26545166969299316,-0.028129495680332184,-0.23562681674957275
0.40167075395584106,0.07328735291957855,0.4654920697212219,-0.4987551271915436,-0.2119647115468979,-0.15680649876594543,0.2709115743637085,0.4586866796016693,-0.11576797813177109,0.03385071083903313
0.00925433449447155,0.20849376916885376,0.023924142122268677,-0.050915565341711044,-0.2441539466381073,0.06292685121297836,0.14294672012329102,-0.07338918745517731,0.7096808552742004,-0.6002030968666077
0.17631639540195465,-0.2633083760738373,0.07665417343378067,0.7186450362205505,-0.10570155084133148,-0.14275133609771729,0.3602260649204254,0.24911849200725555,-0.22073037922382355,-0.32428181171417236
