-1.981419046614974e-07,9.026649649968022e-08,0.999998927116394,-9.58611323653713e-08,1.405396403697523e-07,-2.151853450982344e-08,9.216557828040095e-08,2.727972798766132e-07,-6.770520144527836e-08,6.925444751004761e-08
-1.5333672109818508e-08,-6.417676701175878e-08,-9.586405447237212e-09,-1.0216526291628725e-08,-1.0944253148181815e-07,-3.489946465151661e-08,3.023890116082839e-08,1.0000014305114746,-6.75353319934402e-08,7.055766815255993e-08
-1.8520377409458888e-07,8.822046737577693e-08,-1.3693706613082668e-08,-6.554278542125758e-08,-4.660992658500618e-08,-4.441376333375047e-08,0.9999983310699463,-1.1226138951769826e-07,8.724853728381277e-08,2.5316504448369415e-08
-5.012659798353525e-08,-8.811446861045624e-08,-2.0694955082944944e-07,1.0000016689300537,1.4664310299394856e-07,-6.949526465405143e-08,-9.662568523083337e-09,-5.02633383803186e-07,5.983167739032069e-08,-9.609607332095038e-08
7.421419212505498e-08,2.1977271558171196e-08,3.1922184007271426e-08,-2.1517836401585555e-08,-1.813088488233916e-07,8.679032958980315e-08,-5.488356435989772e-08,3.475756216175796e-07,3.772286305547823e-08,0.9999991059303284
1.0000005960464478,-1.0676181005919716e-07,-6.44491890966492e-08,1.2723622155874637e-08,2.406988741654459e-08,-4.34478657496129e-08,1.4595329389521794e-07,4.065162872990413e-09,-8.20501853127098e-08,-2.7356566079106415e-07
4.984397961038667e-08,-2.0603019379450416e-07,1.9034462894751414e-08,-7.107854571586358e-08,-6.729467827426561e-08,0.9999975562095642,-4.6852073865011334e-07,-5.820495374564416e-08,-3.738425959909364e-07,6.449139533515336e-08
-7.477257213395205e-08,-5.968873750816783e-08,-9.340065076912651e-08,-3.579748764082069e-08,1.0000011920928955,9.030640768514786e-08,-8.891414182699009e-08,3.832152728477922e-08,2.1090274060497904e-07,4.575298007125639e-08
6.516314243754096e-08,1.0000026226043701,-2.9107376064985147e-08,-5.883493869873746e-08,2.817015065659234e-08,1.7485940873029904e-07,9.06139518974669e-08,-7.284680947350353e-08,3.0136945383674174e-07,-8.134053786079676e-08
7.224130627037084e-08,-1.6952002113157505e-07,1.4479734034011926e-07,1.0798760996522105e-08,-8.13517928577312e-08,5.5033591017661365e-09,-3.775107515480158e-08,-6.038327882151862e-08,0.9999976754188538,-3.2443505659784933e-09
