0.172998309135437,-0.30883267521858215,0.15327005088329315,-0.05179078131914139,-0.3814922273159027,-0.5017390251159668,0.02535409666597843,0.021023906767368317,0.3813857436180115,-0.08818182349205017,0.30278417468070984,0.45304274559020996
-0.2024960219860077,-0.31128808856010437,-0.3533431589603424,0.18351422250270844,0.10417690128087997,-0.34705692529678345,-0.5798042416572571,0.3348196744918823,0.05456855148077011,0.26706746220588684,-0.12786132097244263,-0.1825837939977646
0.5152121186256409,0.329068124294281,-0.34286701679229736,-0.15712806582450867,0.18764540553092957,-0.14201311767101288,-0.22949345409870148,-0.07939314842224121,-0.05316575989127159,-0.11258631199598312,-0.40478944778442383,0.4362545907497406
-0.5091197490692139,0.043243590742349625,0.08209707587957382,0.07084596902132034,-0.3336109220981598,-0.1763041615486145,-0.08174242079257965,-0.011254770681262016,-0.5473882555961609,-0.34522566199302673,-0.2613619863986969,0.30142447352409363
0.27868059277534485,0.12285687774419785,0.2306302785873413,0.11765206605195999,-0.1299443542957306,-0.3238656520843506,-0.22733771800994873,-0.2020392268896103,0.042342524975538254,-0.4972948133945465,-0.08674011379480362,-0.6077138185501099
-0.007907546125352383,0.442195862531662,-0.2176251858472824,0.4404413104057312,0.07659304887056351,-0.23566721379756927,-0.043812114745378494,-0.2151453047990799,-0.23841960728168488,0.14262107014656067,0.6099201440811157,0.06520529836416245
-0.10721579194068909,0.39387884736061096,0.23321965336799622,-0.1328423023223877,-0.37353572249412537,0.377244770526886,-0.6116060018539429,0.0061196512542665005,0.2605583667755127,0.13634882867336273,0.10336469113826752,0.09066405892372131
0.1425841748714447,0.10798371583223343,-0.45724791288375854,0.3997628092765808,-0.5647376179695129,0.21827156841754913,0.2746081054210663,0.29879146814346313,0.16326293349266052,-0.09289473295211792,-0.15192797780036926,-0.09747257083654404
-0.3624459207057953,-0.07310545444488525,-0.5645760297775269,-0.3328949809074402,-0.03110525943338871,0.0441516749560833,-0.01425428781658411,-0.5073415637016296,0.28949734568595886,-0.2649184763431549,0.11206796020269394,-0.08161049336194992
0.37063056230545044,-0.5393550395965576,-0.10762631148099899,0.08108609914779663,-0.12317866832017899,0.40921488404273987,-0.29606950283050537,-0.18654091656208038,-0.405992329120636,-0.13086828589439392,0.2509066164493561,0.05979875847697258
0.11544572561979294,0.148638516664505,-0.181554913520813,-0.6456507444381714,-0.19063322246074677,-0.1411467343568802,0.05645716190338135,0.43726083636283875,-0.33518293499946594,-0.004738206509500742,0.3171541094779968,-0.22616031765937805
-0.11317954212427139,0.042350005358457565,-0.007156405132263899,0.11994674801826477,0.40424516797065735,0.19195124506950378,-0.0985601544380188,0.4703328013420105,0.18692024052143097,-0.6378462910652161,0.26535728573799133,0.1660381555557251
