5.5942312116030735e-08,3.145791822589672e-07,-7.211112773575223e-08,-6.505079852558993e-08,0.9999985694885254,-7.027080783927886e-08,9.850609217210149e-08,1.6529772040030366e-07
6.733093016464409e-08,-9.091007768802228e-08,1.0000019073486328,-6.624276949196428e-08,-4.063452507807597e-08,-7.99636197257314e-08,5.900480815057563e-08,-1.0983770692973849e-07
6.71635618232358e-08,0.9999976754188538,-6.771401928062915e-08,1.1077690942329355e-07,-2.2645774322427314e-07,1.8914839472472522e-08,2.2635998675468727e-07,3.0347347745873776e-08
-2.0152997137756756e-07,-2.065282984631267e-07,3.544148441392281e-08,1.3984690383495035e-07,6.7020543781382e-08,1.0000015497207642,-9.034178560796136e-08,5.945625147774081e-08
8.866337886104247e-09,2.0987705795505462e-07,1.878026267831956e-08,5.8879290776303606e-08,-2.0625361685233656e-07,-8.80466632935395e-09,0.9999995827674866,-3.963136236961873e-07
2.9370838205977634e-08,3.0400283179687904e-08,7.585470740423261e-08,1.000000238418579,-1.4234383627353964e-07,2.308348143742478e-07,-1.5520065232976776e-07,-3.0221354307968795e-08
-1.0137429740098014e-07,2.748651866113505e-07,-1.2518894720869866e-07,-3.6843486594939634e-10,-3.9980111665727236e-08,-1.369475626233907e-07,6.655553619339116e-08,1.0000020265579224
0.9999976754188538,-3.321646957488156e-08,1.4913381107817258e-07,8.739687018533004e-08,-2.377154260102543e-07,5.5399613785311885e-08,-7.920205291611637e-08,-9.356744357091884e-08
