0.9999977946281433,-2.0798326261228794e-07,-7.476314323184852e-08,-1.5071609027472732e-07,3.712406382305744e-08,-1.2591711673337613e-08,-1.0689445417710886e-07,3.9798287332359905e-08
-9.217038865472205e-08,-6.696853915855172e-08,-7.998186646318572e-08,-5.566078087326787e-08,0.9999985694885254,2.937345300324523e-08,2.5842021500466217e-07,-4.503050021753552e-08
-8.848152788232255e-08,4.598619085527389e-08,0.999997615814209,-3.558044880946909e-08,5.4427690798775075e-08,4.169852374502625e-08,-8.764973102870499e-08,5.2502265646126034e-08
-1.1865197535598782e-07,0.9999983906745911,8.211480206909982e-08,7.203288987511769e-08,-3.9678369034845673e-07,-4.1869199662869505e-08,7.683635061539462e-08,6.676619790368932e-08
5.552514537043862e-08,-5.566097271980652e-08,-1.1508164021734046e-07,8.812161667037799e-08,2.453027434512478e-07,1.1584231174310844e-07,0.9999997615814209,-1.5953524723499868e-07
9.305571069262442e-08,-5.7314469614766494e-08,-1.8667969925445504e-07,2.2082593531536077e-08,1.3536131859837042e-07,-9.642337772675091e-08,-6.678305197738155e-08,0.9999986290931702
1.1064076943512191e-07,1.0046801435237285e-07,-1.3670626231032657e-07,0.9999974966049194,2.0505969189343887e-07,-1.8362969456120481e-07,-2.4827702560514808e-08,-6.500736304815291e-08
7.885711994504163e-08,-3.1014883461466525e-07,6.76060523119304e-08,-4.1905471448444587e-07,-1.627777095336569e-07,0.9999990463256836,-7.204003082961208e-08,-6.756272341590375e-08
