6.532317087248884e-08,-1.603946664374689e-08,1.3758989325651783e-07,6.197413426889398e-08,1.1991888015927543e-07,7.081455066781928e-08,1.000002145767212,6.924366857674613e-08
9.187567684421083e-08,2.4494180905776375e-08,0.9999995231628418,1.1000778243897003e-07,-2.2798334953222366e-07,-2.1636495262100652e-07,6.497732840671233e-08,6.424150456041389e-08
-8.382009042406935e-08,1.0000019073486328,1.3673619037035678e-07,-3.2356624046769866e-07,7.517216005226146e-08,-8.817157670648612e-09,-7.409322222429182e-08,-1.3587120406555186e-07
-7.352148401196246e-08,3.5182896596097635e-08,5.414164760964013e-08,-9.781297904964958e-08,-3.1362962005232475e-08,1.0049181042859345e-08,1.698215470469222e-07,0.9999988675117493
-1.6291178894789482e-07,-8.940691742509443e-08,1.2561484652451327e-07,1.697177793857918e-07,0.9999976754188538,1.691212787591212e-07,-2.9695553394049057e-07,-4.8387956752549144e-08
4.374385298433481e-10,4.507463202685358e-08,6.935118079809399e-08,1.0000016689300537,-5.577026840342114e-08,-5.078000597791288e-08,1.7640577709698846e-07,-1.7980084976443322e-07
-2.991527381368542e-08,-1.482681000197772e-07,3.168577933365668e-08,-3.460854713921435e-07,-1.7259363005450723e-07,1.0000017881393433,-1.2684290595643688e-07,-5.805185310236993e-08
1.000000238418579,-3.3344434768878273e-07,8.727630529392627e-08,2.4754311311880883e-07,1.031640763926589e-07,-1.3377334084907488e-07,5.484188392301803e-08,-1.115111558647186e-08
