-0.07404812425374985,0.09299423545598984,-0.3913755714893341,-0.05341840907931328,-0.15847142040729523,0.21269366145133972,-0.4774565100669861,7.135245596145978e-06,0.0032518000807613134,0.2065739780664444,0.2954503893852234,-0.3247503936290741,0.03977785259485245,0.11286185681819916,-0.15712688863277435,-0.5070294141769409
-0.37341436743736267,0.3566161096096039,0.11727596819400787,-0.2226923108100891,0.1885175108909607,-0.22602152824401855,-0.3200748860836029,-0.05614393576979637,-0.08258882910013199,-0.49070602655410767,0.13337983191013336,-0.061242371797561646,0.3273850083351135,-0.13210108876228333,-0.22482168674468994,0.1829937845468521
0.1606689840555191,0.10337597876787186,0.2678122818470001,-0.37342923879623413,-0.24158018827438354,0.05637257173657417,0.24146512150764465,0.06532849371433258,-0.058132920414209366,-0.038584206253290176,-0.41304436326026917,0.002731607062742114,0.3024882376194,-0.21988528966903687,-0.20633390545845032,-0.5199131965637207
-0.2619103193283081,-0.4231337606906891,0.1440088003873825,0.30516621470451355,-0.15143504738807678,0.1573014259338379,-0.19003596901893616,-0.3289565443992615,0.2652498185634613,-0.4547739326953888,-0.09589284658432007,0.19266419112682343,-0.11331664025783539,-0.12238587439060211,0.04903270676732063,-0.30459174513816833
0.021446775645017624,-0.1196654811501503,0.18254905939102173,0.49375876784324646,0.3034961521625519,0.20523762702941895,0.054787568747997284,-0.2729581296443939,-0.26732876896858215,0.18611815571784973,-0.12805363535881042,-0.3394835591316223,0.4747210144996643,0.040448445826768875,-0.1735565960407257,0.03859739378094673
-0.15349599719047546,-0.17933359742164612,-0.21912452578544617,0.09939836710691452,0.1770295798778534,-0.26554811000823975,-0.09774678945541382,0.39117205142974854,0.1846703141927719,0.021188214421272278,-0.30769458413124084,0.3012893497943878,0.3610887825489044,0.5013065338134766,-0.04322768747806549,-0.13562139868736267
0.0013292825315147638,-0.13979285955429077,-0.01695319451391697,-0.27194684743881226,0.09265514463186264,0.017579151317477226,0.296090304851532,-0.12094829231500626,-0.003534008515998721,-0.40007442235946655,-0.05898714438080788,-0.5360559225082397,-0.18103094398975372,0.5522655248641968,0.06261962652206421,-0.049232613295316696
0.11004067212343216,-0.2575312554836273,-0.3029828369617462,0.1488010287284851,0.32138749957084656,-0.4654194712638855,0.1724240630865097,0.18805381655693054,-0.0015434040687978268,-0.125198632478714,0.04662168771028519,-0.24883043766021729,-0.16632778942584991,-0.4672571122646332,-0.2250954955816269,-0.21494124829769135
0.2518167793750763,-0.34967026114463806,-0.2635699510574341,-0.16935445368289948,-0.19123762845993042,0.021411055698990822,-0.06334906071424484,-0.21025149524211884,-0.4639984965324402,-0.1328214704990387,0.04822498559951782,0.3170459568500519,0.0018915708642452955,0.12619437277317047,-0.490339070558548,0.19692471623420715
0.38592082262039185,0.056341953575611115,0.2015826255083084,0.0527740940451622,0.012884588912129402,-0.1994694620370865,-0.6137158870697021,0.009509183466434479,-0.04395047575235367,-0.007622227072715759,-0.5014484524726868,-0.19838765263557434,-0.2888099253177643,0.042067792266607285,0.008296871557831764,0.09864341467618942
0.43742769956588745,0.1810895949602127,0.37749919295310974,0.2514412999153137,0.06410396099090576,-0.2249864786863327,0.013742707669734955,0.040750209242105484,-0.09092704951763153,-0.1834889054298401,0.4931623637676239,0.20644812285900116,0.0044190771877765656,0.26874840259552,0.0032659368589520454,-0.33694988489151
-0.13160401582717896,-0.30583056807518005,0.2219521850347519,-0.13758566975593567,0.24621185660362244,0.35303470492362976,-0.16284267604351044,0.5354625582695007,-0.4771256446838379,-0.10050061345100403,0.08086024969816208,0.02126341126859188,-0.0892244502902031,-0.09538373351097107,0.23290017247200012,-0.08012229949235916
-0.2377912402153015,-0.07126180082559586,0.036647602915763855,0.2513728737831116,-0.6617015600204468,-0.4026758670806885,0.04684405401349068,0.14499638974666595,-0.36523109674453735,-0.014603751711547375,0.01392624992877245,-0.2283066064119339,0.10879597812891006,0.01969374157488346,0.2234831303358078,0.0503852404654026
0.14839030802249908,-0.29398924112319946,0.28410157561302185,-0.014047708362340927,-0.2539188265800476,0.12699900567531586,-0.055120062083005905,0.37857958674430847,0.4657119810581207,-0.010662440210580826,0.23255786299705505,-0.24560409784317017,0.15168122947216034,-0.021554986014962196,-0.36919936537742615,0.30411967635154724
-0.21582311391830444,-0.3867177963256836,0.36012768745422363,-0.38388997316360474,0.1376209855079651,-0.38925817608833313,-0.11442330479621887,-0.3023698627948761,0.022196989506483078,0.45899704098701477,0.1705411821603775,0.00441909721121192,-0.01207075547426939,0.0490049347281456,0.028193406760692596,-0.09058669209480286
-0.4223531484603882,0.22197826206684113,0.23143655061721802,0.20205770432949066,-0.0013455958105623722,0.029888557270169258,0.13971924781799316,0.13564781844615936,-0.09965083003044128,0.15788918733596802,-0.10725568979978561,0.05432744324207306,-0.4942964017391205,0.16715429723262787,-0.5580366253852844,-0.07839249819517136
