0.04470546916127205,0.014330650679767132,0.004983395803719759,-0.24117012321949005,-0.14752158522605896,0.5913404226303101,-0.24316371977329254,0.26354995369911194,0.45656707882881165,-0.4807523190975189
0.6019313335418701,0.3107476532459259,0.2713165581226349,-0.2875034213066101,-0.24588996171951294,0.05319563299417496,0.12681365013122559,0.4083486795425415,-0.2708851099014282,0.2556189298629761
0.3591966927051544,-0.5316758751869202,-0.05297769233584404,0.17661124467849731,-0.15750712156295776,-0.29286253452301025,-0.41254767775535583,0.14439670741558075,-0.31323325634002686,-0.39314231276512146
-0.1480739265680313,-0.03050910495221615,-0.45864254236221313,-0.5202945470809937,-0.5509480237960815,-0.22326992452144623,0.2857571542263031,-0.15766188502311707,-0.08114629983901978,-0.17202340066432953
-0.20473338663578033,0.15145738422870636,0.1837000846862793,-0.3484216630458832,0.17197854816913605,0.30597057938575745,-0.3224741816520691,-0.34785953164100647,-0.6398844122886658,-0.1495356559753418
0.17321914434432983,0.5594513416290283,0.020529581233859062,-0.14233985543251038,0.30253273248672485,-0.5388219356536865,-0.1576286107301712,-0.0903480276465416,0.21092438697814941,-0.42068415880203247
0.21093341708183289,0.374307781457901,-0.5728763937950134,0.4901738464832306,0.006570524536073208,0.3115334212779999,0.16448527574539185,-0.018971925601363182,-0.28451111912727356,-0.20367814600467682
0.3606112599372864,-0.03811192885041237,0.3914214074611664,0.18681392073631287,-0.3026721477508545,0.11289946734905243,0.22241146862506866,-0.6886370182037354,0.15949998795986176,-0.1640474647283554
-0.22958745062351227,0.35871031880378723,0.033628273755311966,0.2694098651409149,-0.5794419646263123,-0.09329818189144135,-0.5736877918243408,-0.03793736919760704,0.07121706753969193,0.254594087600708
-0.43077343702316284,0.1160346120595932,0.44329217076301575,0.26052358746528625,-0.2022724151611328,-0.0970572754740715,0.3721019923686981,0.33599790930747986,-0.2192470282316208,-0.43224167823791504
