-0.285980224609375,-0.5296861529350281,-0.4339350163936615,0.48944568634033203,-0.21244288980960846,0.14212846755981445,-0.13164374232292175,0.3565518856048584
0.11238070577383041,0.329679399728775,-0.18225035071372986,-0.1717304289340973,-0.32583871483802795,0.35992228984832764,-0.7613412737846375,-0.02487770840525627
0.5635411739349365,-0.344318151473999,0.6123086214065552,0.22378946840763092,-0.33349132537841797,0.08912094682455063,-0.08183497190475464,0.11404537409543991
0.05800314247608185,-0.27821263670921326,0.13345016539096832,0.0949176549911499,0.8116506338119507,0.0790419802069664,-0.4733951985836029,-0.05735495686531067
-0.17886918783187866,-0.42374187707901,-0.016495831310749054,-0.07523750513792038,-0.2114669382572174,0.06212630495429039,-0.04113836959004402,-0.8557122945785522
0.6803298592567444,-0.02474564127624035,-0.5708858370780945,0.12408490478992462,0.045547548681497574,-0.4051457643508911,-0.007086996454745531,-0.17018894851207733
-0.13260717689990997,0.4748709797859192,0.15765376389026642,0.7959455251693726,0.0007192611810751259,-0.10896306484937668,-0.07372564822435379,-0.28499871492385864
0.268728643655777,0.09548018872737885,-0.18632730841636658,0.131440669298172,0.17863863706588745,0.8100560903549194,0.40626588463783264,-0.11628346145153046
