-0.41874757409095764,0.35092592239379883,0.5289831757545471,0.012318743392825127,-0.09449239820241928,0.3487706780433655,0.49695712327957153,0.020981818437576294,0.0329800620675087,0.0407828725874424,0.09178108721971512,0.1799323707818985
-0.28036558628082275,0.21993088722229004,-0.22367490828037262,0.2504933178424835,-0.1899619698524475,0.19141872227191925,-0.17970024049282074,-0.17396144568920135,-0.11959231644868851,0.4712916910648346,0.20965486764907837,-0.5870226621627808
-0.3779089152812958,-0.448153018951416,-0.00962521880865097,0.3850797116756439,-0.18402965366840363,-0.09454385936260223,0.0076888371258974075,-0.11684973537921906,0.6578526496887207,-0.1356809288263321,-0.014933619648218155,-0.0067132520489394665
0.06723973900079727,0.30566465854644775,-0.17073558270931244,0.35721734166145325,0.3210412859916687,0.004373657517135143,-0.02901437133550644,-0.24084891378879547,0.1631045639514923,0.41704848408699036,-0.4583956301212311,0.41556745767593384
0.23906391859054565,0.331991583108902,-0.4669162333011627,0.2573404610157013,-0.5836350917816162,0.12253997474908829,0.20084738731384277,0.18071924149990082,0.03340435400605202,-0.28795579075813293,0.034063875675201416,0.1858876794576645
-0.032466668635606766,-0.3339873254299164,-0.3464571535587311,-0.026052948087453842,0.17975443601608276,-0.01097999606281519,0.3895629942417145,0.3102969229221344,-0.031043140217661858,0.448436975479126,0.4601954221725464,0.2690221667289734
-0.38233935832977295,-0.24130231142044067,-0.3532773554325104,-0.12042568624019623,0.07370485365390778,0.43645796179771423,-0.08884064108133316,-0.4055127203464508,-0.3634343147277832,-0.28470954298973083,-0.04907608404755592,0.2691987454891205
0.18150343000888824,0.074718177318573,0.10152162611484528,-0.3725852072238922,-0.23867693543434143,0.30064910650253296,-0.4734730124473572,-0.141194149851799,0.3895359933376312,0.22801323235034943,0.33129337430000305,0.3277125358581543
-0.01710337959229946,0.19834864139556885,0.05943336337804794,0.12676039338111877,-0.017310192808508873,-0.5700467824935913,0.056120291352272034,-0.5453479290008545,-0.14226552844047546,-0.11222656816244125,0.49461400508880615,0.19360873103141785
-0.4131973683834076,0.15020668506622314,-0.25243261456489563,-0.5826981663703918,-0.27797672152519226,-0.4176635444164276,0.09701578319072723,0.019339554011821747,0.09590880572795868,0.17456775903701782,-0.3187176287174225,0.026271121576428413
-0.4251152276992798,0.17162680625915527,0.048257727175951004,0.23433594405651093,0.06691291183233261,-0.17125564813613892,-0.5296832919120789,0.5323054790496826,-0.18275611102581024,-0.09409474581480026,0.11905305087566376,0.2800578474998474
-0.09812998026609421,0.39657706022262573,-0.3133126199245453,-0.174541637301445,0.5483270883560181,0.08952192217111588,0.050465863198041916,0.056459639221429825,0.4201185703277588,-0.3389635682106018,0.22753308713436127,-0.2165428251028061
