-0.04347527399659157,0.32243525981903076,0.33590829372406006,0.13909506797790527,-0.3457776606082916,0.16223029792308807,-0.32872334122657776,0.2634779214859009,-0.3261770009994507,0.36049720644950867,0.050499532371759415,-0.2042277753353119,0.14960607886314392,0.014527300372719765,-0.18594901263713837,-0.3175259530544281
0.2078401893377304,-0.3077850341796875,0.1764470785856247,0.23002579808235168,-0.0014050782192498446,0.15011410415172577,0.35079634189605713,0.2258646935224533,-0.1490001678466797,0.2395024299621582,-0.34726008772850037,0.3204629421234131,-0.43648460507392883,-0.20812804996967316,0.014290069229900837,-0.21101410686969757
-0.14161965250968933,0.034942638128995895,0.20091351866722107,-0.4110119640827179,0.04303566366434097,-0.07589895278215408,-0.25864240527153015,-0.32460182905197144,-0.22614863514900208,-0.23483698070049286,-0.4036904573440552,0.23735862970352173,-0.1885835975408554,0.34346866607666016,0.013402766548097134,-0.332022488117218
-0.2468191236257553,0.24293145537376404,-0.32233601808547974,0.6680471301078796,0.17534181475639343,-0.2604347765445709,-0.08750398457050323,-0.061047084629535675,-0.18549580872058868,0.013689781539142132,-0.1910286247730255,0.17331090569496155,-0.08418270945549011,0.2560496926307678,-0.1918325275182724,0.09669272601604462
-0.15241003036499023,0.41396233439445496,0.44841670989990234,-0.13763156533241272,-0.020743422210216522,-0.05307460576295853,0.1501082181930542,-0.08462259918451309,0.17260630428791046,0.16859124600887299,-0.20244145393371582,-0.027028657495975494,-0.2751976251602173,-0.07578173279762268,-0.1631581038236618,0.5868715047836304
-0.6531011462211609,-0.2912670075893402,0.07431851327419281,-0.05153951048851013,-0.2501416802406311,-0.3544777035713196,0.22917945683002472,0.07118638604879379,0.19563229382038116,0.17158183455467224,0.26134437322616577,-0.04474027454853058,-0.1725660264492035,0.12744173407554626,-0.049812570214271545,-0.2193346470594406
-0.14847862720489502,0.2572571337223053,-0.6159994602203369,-0.4379081726074219,0.13346146047115326,0.104506716132164,0.13004161417484283,0.06233055517077446,-0.1907237321138382,0.34147408604621887,-0.10553806275129318,-0.15273012220859528,-0.19648154079914093,-0.19824697077274323,-0.1250970959663391,-0.10010436922311783
-0.462932288646698,-0.2509818971157074,0.15900009870529175,0.05633201450109482,0.48823070526123047,0.5849140286445618,-0.0615319199860096,0.1256675273180008,-0.163373202085495,-0.07024247199296951,0.03231976926326752,-0.17389491200447083,0.012270490638911724,0.09910554438829422,0.010962888598442078,0.14551404118537903
0.08816827833652496,-0.10855340212583542,-0.15570417046546936,0.015927189961075783,-0.5177216529846191,0.2524288296699524,0.20985150337219238,-0.08119746297597885,-0.32820919156074524,-0.38507190346717834,0.12631045281887054,-0.19182352721691132,-0.2847016155719757,0.22700756788253784,-0.29092612862586975,0.21813347935676575
-0.14810669422149658,-0.09901458770036697,0.1131984069943428,-0.005437587853521109,0.058446794748306274,-0.2347763031721115,0.21602123975753784,-0.0006834422238171101,-0.17374327778816223,-0.3368341028690338,-0.31622743606567383,-0.17622342705726624,0.3920148015022278,-0.4776652455329895,-0.4291725754737854,-0.09741294384002686
-0.0818956196308136,-0.02759556472301483,-0.19036738574504852,0.06958707422018051,-0.2807612717151642,0.3267838656902313,-0.024906938895583153,0.10082816332578659,0.5998704433441162,0.002490958431735635,-0.544241726398468,-0.11959497630596161,0.17158742249011993,0.20004168152809143,-0.08684118837118149,-0.08772844821214676
0.19531112909317017,-0.004208769183605909,0.10316503047943115,0.22007374465465546,0.23406609892845154,-0.023133259266614914,0.0056252246722579,-0.4609035551548004,0.19138272106647491,0.06111622974276543,0.036349765956401825,-0.610859215259552,-0.3352360129356384,-0.03158096596598625,-0.09544644504785538,-0.31249287724494934
0.06055593118071556,0.09489306062459946,-0.0039341868832707405,-0.06018064543604851,0.1667117029428482,0.10832367092370987,-0.26108402013778687,0.21383124589920044,0.33941400051116943,-0.22707875072956085,0.3068336546421051,0.32272326946258545,-0.26206061244010925,-0.12206318229436874,-0.594792366027832,-0.16691002249717712
0.31088465452194214,-0.05685083195567131,0.08459395915269852,-0.178604394197464,0.3004876971244812,-0.2672514319419861,0.2391342669725418,0.44248947501182556,-0.03183947876095772,0.07160164415836334,-0.053024210035800934,-0.22015653550624847,0.09750716388225555,0.5717279314994812,-0.2284100502729416,0.019819360226392746
-0.10712573677301407,0.38104453682899475,0.01708340458571911,0.0657520517706871,0.011024953797459602,-0.08461307734251022,0.06307191401720047,0.46250882744789124,0.04539328068494797,-0.5034127235412598,-0.04995852708816528,-0.2138586938381195,-0.27820733189582825,-0.10860032588243484,0.4380887448787689,-0.16943947970867157
-0.038181107491254807,0.41939616203308105,0.09499280154705048,0.05082761123776436,0.07338345050811768,0.2820686995983124,0.6147313117980957,-0.23224776983261108,0.04549295827746391,-0.048443567007780075,0.2073807418346405,0.2434401959180832,0.26084378361701965,0.16599737107753754,-0.004512959159910679,-0.3032462000846863
