-4.7011319281864417e-08,-1.0637259606482985e-07,-1.6828740001528786e-07,0.9999997019767761,7.934085033411975e-08,5.3027367385993784e-08,6.759618997875805e-08,-6.727342594103902e-08
1.7832783782978368e-07,-8.312046873015788e-08,1.0000016689300537,-2.0465170891270645e-08,3.070227023727057e-07,-1.518309034054255e-07,-2.565439274349046e-07,8.843705323613449e-09
2.865113799543906e-07,-2.3280241734369156e-08,1.1766609731012068e-07,-1.7031628374297725e-07,2.212743055451938e-08,1.6931984703205671e-07,0.9999997019767761,9.170018522297596e-09
-1.9785552751727664e-07,-7.29066584881366e-08,5.1387399224722685e-08,4.580617840588275e-08,6.372576422108978e-08,2.4288898003987924e-08,-1.4401128112240258e-07,1.000001311302185
6.52226788133703e-08,-4.7776421041589856e-08,2.636909712805391e-08,-5.096810085092329e-08,0.9999980330467224,7.579648553246443e-08,2.6792772445105584e-08,-7.952488800810897e-08
-5.844249528763612e-08,-1.0474588307829436e-08,2.4701954259853665e-08,5.5116142760880393e-08,-2.8770267945787964e-08,0.9999979138374329,-1.734564136768313e-07,-3.374224490926281e-07
0.9999977946281433,-1.866441436959576e-07,7.319233219504895e-08,2.1938298289114755e-08,-1.0412833262307686e-07,-5.3397567256752154e-08,-1.5637580474958668e-07,9.545529877641457e-08
-4.5207094956367655e-08,1.0000004768371582,-5.045493356448105e-09,2.0139107448358118e-07,1.902775323969763e-07,7.814274738393578e-08,-3.628480982342808e-08,6.752841841262125e-08
