0.4578701853752136,-0.015543836168944836,-0.0907665491104126,-0.18434441089630127,0.33939725160598755,-0.3994143307209015,0.09873553365468979,-0.12169946730136871,-0.37192246317863464,0.021388065069913864,0.24394936859607697,0.22674624621868134,0.22235329449176788,0.24876953661441803,0.00743625033646822,0.2958313822746277
-0.06130989268422127,0.3035906255245209,-0.058583859354257584,-0.36153045296669006,-0.11778222024440765,-0.07167211920022964,0.2342536896467209,-0.016909122467041016,-0.03563595563173294,0.26846417784690857,0.02092173509299755,-0.11355729401111603,0.5791325569152832,-0.4817107915878296,-0.016527384519577026,-0.20341455936431885
0.07754264026880264,0.0782046988606453,0.22556138038635254,0.2801210582256317,-0.016184858977794647,-0.09632810205221176,-0.4525838792324066,-0.05255827307701111,0.08367550373077393,-0.22073638439178467,0.6338040232658386,-0.07125979661941528,0.09196475148200989,-0.40291520953178406,0.05978921428322792,0.0671147033572197
0.5363671779632568,0.06757980585098267,-0.037108030170202255,-0.03559637814760208,-0.1819550096988678,-0.0567273274064064,-0.006628628820180893,0.0845942273736,0.2081393450498581,-0.005257267039269209,0.15550187230110168,-0.1286427527666092,-0.0445997416973114,0.29990118741989136,0.14784710109233856,-0.6809594035148621
-0.026376407593488693,0.07992804050445557,0.8393068909645081,0.052797701209783554,0.1586374044418335,-0.1747739464044571,0.3762980103492737,0.0684090182185173,-0.11318092048168182,0.016231339424848557,-0.04096457362174988,0.07863398641347885,-0.17464828491210938,-0.061967264860868454,-0.030714524909853935,-0.16578443348407745
0.15888731181621552,-0.6041936874389648,-0.0928574949502945,-0.35471978783607483,0.140049546957016,-0.02906833402812481,0.23753461241722107,0.08871553093194962,0.11166178435087204,-0.11784679442644119,0.08824225515127182,-0.22445544600486755,-0.28231751918792725,-0.42182493209838867,0.21624425053596497,0.039757419377565384
-0.08871021121740341,0.25373321771621704,0.02975586988031864,-0.37444207072257996,-0.0742829218506813,0.39894115924835205,0.17356601357460022,0.012711523100733757,0.17418357729911804,-0.3041820824146271,0.2676440477371216,0.5271825790405273,-0.05940954014658928,0.07813988626003265,0.32010844349861145,0.08468373864889145
-0.10443126410245895,0.05339880287647247,-0.012202896177768707,0.05850532650947571,0.1357201635837555,-0.4987447261810303,-0.14441293478012085,0.4056810438632965,0.367365300655365,-0.20764142274856567,-0.3405853509902954,0.1337050199508667,0.22233478724956512,-0.0008659576415084302,0.40604206919670105,0.06180671975016594
-0.13422778248786926,0.10019833594560623,0.01709905080497265,-0.15262532234191895,0.18311959505081177,0.1253732591867447,-0.3038855791091919,-0.07062357664108276,-0.6280851364135742,-0.29572489857673645,-0.1964045614004135,-0.21318963170051575,-0.02068346180021763,-0.018566185608506203,0.404523640871048,-0.2671894431114197
0.13189080357551575,0.10875668376684189,0.18669351935386658,0.08351031690835953,-0.19853375852108002,0.1073077991604805,0.06693586707115173,-0.21179570257663727,0.08841173350811005,0.38253599405288696,-0.016342217102646828,-0.35890716314315796,0.007220176048576832,0.14818738400936127,0.6022154092788696,0.4009682536125183
0.1435043215751648,0.21824494004249573,0.19689087569713593,-0.5071770548820496,0.03975658863782883,0.0947268083691597,-0.40365177392959595,0.47656700015068054,0.039095133543014526,0.16691263020038605,-0.017785200849175453,-0.2129940539598465,-0.17415915429592133,0.08061370253562927,-0.26394498348236084,0.231533020734787
0.43102991580963135,-0.19768758118152618,0.16975955665111542,0.24161559343338013,0.14056676626205444,0.5468548536300659,0.017743559554219246,0.2189333736896515,-0.007352679036557674,-0.15423035621643066,-0.2546214759349823,0.04603005573153496,0.45928892493247986,-0.08951349556446075,-0.047531627118587494,0.09419409185647964
0.08474275469779968,0.4366782605648041,-0.2467757612466812,0.19836735725402832,0.7014676332473755,0.1573716551065445,0.1244315505027771,-0.022435881197452545,0.19945155084133148,0.14812195301055908,0.008922362700104713,-0.10133511573076248,-0.24990960955619812,-0.17159298062324524,0.03590280935168266,-0.06178651750087738
0.19352681934833527,0.10731223225593567,-0.19206051528453827,0.2660675048828125,-0.3088635206222534,-0.028698114678263664,0.053499262779951096,0.44014832377433777,-0.3884831368923187,0.2698289752006531,-0.01689089834690094,0.33450695872306824,-0.2963455617427826,-0.31626462936401367,0.16158758103847504,0.026049919426441193
0.39684125781059265,0.3030049204826355,0.008589254692196846,-0.07919386029243469,-0.25098568201065063,-0.1447475105524063,-0.02656942792236805,-0.40549618005752563,0.08646732568740845,-0.3667612671852112,-0.42065098881721497,0.012669612653553486,-0.22008578479290009,-0.27804306149482727,-0.15232862532138824,0.16502410173416138
-0.06533429026603699,0.23588784039020538,-0.14626961946487427,0.14507070183753967,-0.15529073774814606,-0.04175836592912674,0.449855238199234,0.33785009384155273,-0.1320519894361496,-0.4628487825393677,0.18911312520503998,-0.46650633215904236,0.03288267180323601,0.14937078952789307,-0.10179311037063599,0.19095587730407715
