1.3596039138974447e-07,-6.050725431805404e-08,1.734174475132022e-07,-8.883485236310662e-08,-1.0347239509655992e-07,-1.629581447559758e-07,1.0000003576278687,-2.0678383805261547e-07
5.244937284487605e-08,-1.5532671682194632e-07,-6.708989808146271e-09,4.691868937811705e-08,-1.5640885919765424e-07,-3.482382027186759e-08,1.6956075654661618e-08,0.9999984502792358
6.166851562738884e-08,-2.6252642726376507e-08,0.9999982118606567,-8.022708186672389e-08,1.905532940327248e-07,-1.2046304220802995e-07,7.10415903881767e-08,6.509394268050528e-08
-4.64399079191935e-08,1.000001072883606,-1.1982255188058843e-09,-8.059841150043212e-08,-2.068264848276158e-08,-3.433101980476749e-08,8.208893831351816e-08,1.1419406575896573e-07
-1.5195088565178594e-07,-1.0623671187204309e-07,2.578890212490137e-09,-3.556851879693568e-08,1.000001072883606,2.7674380476128135e-07,-2.9454099603754003e-08,1.1617461126434137e-07
1.0000005960464478,-9.695458658143252e-08,-8.058272271682654e-08,-1.1262949328738614e-07,-1.6987559092740412e-07,-1.381337284556139e-07,7.450172034850766e-08,6.769655414018416e-08
2.3701610984971921e-07,4.2743561579072775e-08,-4.25570988227264e-07,-2.8020053832733538e-08,-7.241656163614607e-08,1.000001072883606,-1.4033475492780667e-09,9.497264130686744e-08
1.6305725125675963e-07,5.853389595245062e-08,5.2623253310457585e-08,0.9999976754188538,4.150281185388849e-08,1.0045683751513934e-07,-5.899600807879324e-08,1.1169010605271978e-07
