-1.4634123601808824e-07,-7.984230165902773e-08,6.084270154360638e-08,5.2946919737451026e-08,1.8162607773319905e-07,-2.9364827014433104e-08,-6.122527196339433e-08,-5.8743108155567825e-08,5.545033587850412e-08,0.9999982714653015,-1.764952770599848e-07,1.7276592245707434e-07,-8.36128961623217e-08,-8.072977664141945e-08,7.937200763308283e-08,-1.1254689269435403e-07
8.863528933034104e-08,8.673399776171209e-08,1.0000020265579224,1.9860655697812035e-07,2.0666985278694483e-07,3.022719852197042e-08,-3.023959038728208e-07,-3.6562136074280716e-07,5.322957630227165e-09,3.1522187526888956e-08,-8.218382419045156e-08,1.0557620555573521e-07,1.3964336176286452e-07,-1.5742257275519478e-08,9.57070227514123e-08,1.9568997799979115e-07
-9.252808297333104e-08,-2.952250781618204e-07,-9.059738914629634e-08,-1.3095420303699257e-09,3.482831445467127e-08,2.503447547042015e-07,1.1830554313974062e-07,-2.1248878212531963e-08,0.9999990463256836,1.1574736191732882e-07,9.019370139640159e-08,1.1327665561111644e-07,-1.749914559923127e-07,9.838159797936896e-08,-3.52726772234746e-08,-2.3256617964761972e-07
-9.332484296464827e-08,1.4679082482871308e-07,-2.025885805778671e-07,4.238566475578409e-08,-1.3048776281721075e-07,-6.598598645268794e-08,5.427780180866648e-08,-6.035256916447906e-08,2.8645519734027403e-08,-8.602349765851613e-08,0.9999992251396179,-6.167452681893337e-08,-1.9135876883069614e-08,-4.930741965836205e-07,1.3512830321360525e-07,4.545291432123122e-08
-5.3790540022191635e-08,-1.1847354386418374e-07,-1.0631970326357987e-07,-7.333171936352301e-08,-1.7701280441428935e-08,6.32258547739184e-08,-5.629564370224216e-09,6.08064496532279e-08,-1.9868808465162147e-07,-1.0182621679177828e-07,1.8596939099779775e-08,-3.30186615826733e-08,-7.988175099171713e-08,-1.2896518342131458e-07,-4.56812010440899e-09,1.0000020265579224
-1.8240983479245187e-07,2.6528826424510044e-07,1.366357196275203e-07,-2.4827338052091363e-07,4.250567542385397e-08,-2.2919473963156634e-07,-1.5804396014118538e-07,1.0000016689300537,-5.979798345379095e-08,-4.356436278385445e-08,-8.379821991866265e-08,4.829744284506887e-07,8.813007923436089e-08,-2.0160676683644851e-07,-2.3638021673377807e-07,-6.731273871629639e-10
-9.158139135934107e-09,1.0000019073486328,-5.8850261552834127e-08,-2.3821071692964324e-07,-5.474058895060807e-08,8.882336999249674e-08,8.942446072524035e-08,-4.1536017647558765e-07,-8.295812392589141e-08,1.3685748001535103e-07,5.528145408106866e-08,3.710839990844761e-08,2.204960907192799e-07,-9.684199397952398e-08,8.914398819115377e-08,1.7517957928703254e-07
-4.37009362030949e-08,-6.251032402815326e-08,-6.532052765351182e-08,-2.306028434873042e-08,0.9999979734420776,7.150093495056353e-08,-5.073291831081406e-08,-1.5865022362504533e-07,4.125168118207512e-08,-1.527862707462191e-07,9.072157780565249e-08,2.0768226249856525e-08,5.446054629487662e-08,1.1436635816153284e-07,-1.642998981310484e-08,-7.971017623731314e-08
9.901871322881561e-08,-5.0739139112465637e-08,-2.2113950137736538e-07,0.999997615814209,1.6870059482698707e-07,-5.22737195751688e-08,-3.7403103192445997e-07,2.875073619179602e-07,-4.8376339378819466e-08,-3.8508375155288377e-07,1.0036988129513702e-07,-3.896963463034808e-08,7.902238507995207e-08,2.4526008246539277e-07,7.882215413701488e-08,-6.330598978365742e-08
-1.3212998695166789e-08,4.240318318693426e-08,-6.721074896631762e-08,-6.60605010693871e-08,1.6090564258774975e-07,-8.187888766997276e-08,-1.2393047477132768e-08,-6.760920001624982e-08,-6.706859778660146e-08,3.3066168469986223e-08,1.026647069579667e-07,6.330042623403642e-08,0.9999977350234985,1.377286906745212e-07,5.637419064896676e-08,-1.817323180830499e-07
1.146865269419095e-08,-1.3644395835399337e-07,-3.1970719760465727e-07,2.0435810199614934e-07,-6.739716695847164e-08,0.9999977350234985,-1.0487259771707613e-07,-5.9173044242299966e-09,-9.62988480068816e-08,-3.060576148072869e-07,1.9738750722808618e-07,-1.758462531142868e-08,-9.85899504257759e-08,-4.790538632448715e-09,1.3626392103560647e-07,1.2348320410637825e-07
4.370030026734639e-08,1.0537677752608943e-07,-5.0973813614518804e-08,4.934956265856272e-08,-9.773376064003969e-08,1.1579964365182605e-07,-1.3489770367414167e-07,1.4069539133743092e-07,-1.1804627320088912e-07,8.33041205461349e-11,-1.5099999473022763e-08,1.7385433181971166e-07,9.200295636446754e-09,0.9999976754188538,-2.4752694116614293e-08,1.9118377281301946e-07
1.0042420939271324e-07,-9.175958837204234e-08,1.2681744010478724e-07,3.887838673222177e-08,-1.7414819808436732e-08,-1.1894329787764946e-07,0.9999986886978149,1.5021160493233765e-07,-2.2896233531355392e-07,1.4959783811718808e-07,3.781384450007863e-08,-3.494194444897403e-08,1.3765047413016873e-07,6.763482929272868e-08,5.904956523750116e-09,-7.631071241576137e-08
-1.9834068609725364e-08,1.6251395607014274e-07,2.8115895722713447e-10,-2.468426316681871e-07,7.896871068169276e-08,9.265206557529382e-08,9.109280796337771e-08,1.1704562297154553e-07,-1.349435478914529e-07,-1.8564345793947723e-07,3.389104676898569e-07,-8.15205680737563e-08,-3.6166522221492414e-08,6.0806377710775905e-09,0.9999975562095642,-2.780845242966734e-08
-2.471464313202887e-07,1.467356458562108e-08,-3.1870263228483964e-07,1.9061997136304853e-07,-4.7054541596480703e-08,-2.1539972294704057e-07,1.4374194279298536e-07,-7.142878644117445e-08,1.9508397031131608e-07,-1.4480184518106398e-07,4.375487492325192e-07,0.9999992251396179,-6.767423599285394e-08,6.916622385944038e-09,1.7216495962202316e-07,1.6300226723942046e-09
0.9999988079071045,1.8957813097131293e-07,3.085932860358298e-07,5.1038909987255465e-08,1.0641684866641299e-07,-4.695473521110216e-08,2.842425601556897e-07,-1.0619205426110057e-07,-4.842726664122665e-09,5.985251050333318e-08,-6.435973887164437e-08,1.0945510098281375e-07,3.010160298799747e-08,-8.399613449228127e-08,-9.988305293973099e-08,8.013473973278451e-08
