-1.4635985223776515e-07,-1.4868913211785184e-08,-1.4303874706911301e-07,1.0000015497207642,1.0916216552914193e-07,6.580760469887537e-08,2.061392834207254e-08,-1.0365567248982188e-07
-1.9735989553737454e-07,6.428776799793923e-08,-1.0469936029267046e-07,-6.966886445525233e-08,-1.3208153859523009e-07,1.477358324564193e-08,6.025759802241737e-08,1.0000019073486328
8.838780019004844e-08,4.479908710663949e-08,0.9999976754188538,-6.840673449914902e-08,-2.5363862121707825e-08,6.450166978311245e-08,3.1776860964782827e-07,6.749666425776013e-08
-5.0247511040879544e-08,2.7023910220691505e-08,1.1495410845441256e-08,-6.4317568160277e-08,-1.120194381698525e-09,0.9999985098838806,-1.0429599939243417e-07,-1.0882948942025905e-07
-5.74960807853131e-08,1.000001311302185,1.293511786570889e-07,5.16433154018614e-08,6.123675433400422e-08,-6.964431520373182e-08,-2.1701244179439527e-07,-1.9287311658899853e-07
-9.33419812554348e-08,-2.8501208504394526e-08,-2.078402339122931e-09,2.1650133419370832e-07,-2.7948368597208173e-07,-7.589955686171379e-08,1.0,-1.0592349042326532e-07
-8.456969347037102e-09,-2.8751067304710887e-08,5.8359727717061105e-08,-1.2389300252380053e-08,1.0000007152557373,-2.3626366640883134e-08,2.256661986166364e-07,1.9489222324864386e-07
0.9999999403953552,9.638628029051688e-08,1.7494198800704908e-07,-6.728210166784265e-08,-3.480228016883302e-08,-1.8980070137786242e-07,-2.6962663213225824e-08,9.780085008515016e-08
