2.953920841264335e-07,0.9999977946281433,-2.2312084979603242e-07,4.232771573242644e-07,-6.008047392924709e-08,9.336468309584234e-08,-9.710281290153944e-08,-2.5460039410063473e-07
5.22064844687975e-08,-3.0152140340078404e-08,0.9999979734420776,-1.1180414816180928e-07,2.407466865861352e-07,-9.346450724478927e-08,8.11864708794019e-08,7.06111649151353e-08
-1.0690953899938904e-07,-8.18199410446141e-08,-7.501528642706035e-08,-8.443150534276356e-08,1.0000015497207642,-1.186290532473322e-07,1.0891461244000311e-07,-2.766155944300408e-07
4.836000933039486e-09,-7.377069977110295e-08,-3.653164881711746e-08,2.435954904456139e-08,4.4228123385892104e-08,8.157636699479553e-08,-6.601579372045308e-08,0.9999985694885254
-1.3499605877598242e-08,-2.5753676524686853e-08,1.8208508834050008e-07,0.9999993443489075,2.40380444438415e-07,7.889914144243448e-08,1.6724033002901706e-07,-7.981704186477145e-08
9.546815959993182e-08,1.2385750380872196e-07,6.058625823257557e-11,1.6328505125784432e-07,-6.43807496203408e-08,0.9999975562095642,5.926650459286975e-08,-1.2048759856497782e-07
-2.3181600283805892e-07,-2.0554210777845583e-07,1.4065642517380184e-07,1.849619479799003e-07,-2.9627926778630354e-07,7.83227989131774e-08,1.0000019073486328,-1.806786116276271e-07
1.0000005960464478,2.5755134913652e-08,8.561227105019498e-08,7.507252597349634e-09,-2.931054865484839e-08,-3.2305774055885195e-08,9.849280502294278e-08,1.3665371056958975e-07
