-0.030447278171777725,-0.07894406467676163,0.15556322038173676,0.32096049189567566,-0.2682957053184509,0.10521600395441055,0.33263224363327026,0.2018689662218094,0.27220049500465393,0.3807624280452728,0.055302176624536514,0.2554304599761963,-0.4864423871040344,0.013402407057583332,-0.32709410786628723,0.002252704231068492
0.3691660761833191,0.3487122356891632,-0.2078729271888733,-0.23921836912631989,-0.3159163296222687,-0.014971860684454441,-0.054506849497556686,-0.2374296635389328,-0.47805100679397583,0.33462050557136536,-0.02842940017580986,0.08146169781684875,-0.21146278083324432,0.2361290454864502,-0.023848189041018486,0.18253515660762787
0.27823173999786377,-0.04538171738386154,-0.07172419130802155,0.1632179468870163,0.15240134298801422,-0.11637432873249054,0.0045265271328389645,0.30056846141815186,-0.14654895663261414,0.17516523599624634,-0.08624164015054703,-0.17228975892066956,-0.2835734188556671,-0.5886659622192383,0.47025877237319946,0.15571309626102448
0.4453575313091278,-0.0814647525548935,-0.021018724888563156,0.3174964487552643,0.3127278685569763,0.17554782330989838,-0.17801585793495178,-0.10064700990915298,-0.06695646047592163,-0.4053174555301666,-0.09335766732692719,-0.05217190086841583,-0.4267239272594452,0.27708134055137634,-0.10341053456068039,-0.2712458074092865
0.3491702377796173,-0.02880648337304592,-0.2299506962299347,0.1275101751089096,-0.3230257034301758,0.35173124074935913,0.21134263277053833,-0.04137390851974487,0.2159227430820465,-0.14551503956317902,-0.5202881097793579,-0.0650889128446579,0.3604391813278198,-0.17121145129203796,-0.11290259659290314,0.13771997392177582
0.07710219919681549,-0.18163076043128967,0.35569480061531067,-0.4143933057785034,-0.004090422764420509,0.35949763655662537,-0.051898058503866196,-0.18645170331001282,-0.07357825338840485,0.22930413484573364,0.002010877477005124,-0.3957076370716095,-0.08618579804897308,-0.3142397403717041,-0.2396896481513977,-0.34337371587753296
0.1501844972372055,-0.6727072596549988,-0.002625932451337576,-0.13365735113620758,0.0996900424361229,-0.24778398871421814,-0.04855744168162346,-0.29321062564849854,-0.09071539342403412,0.1176774725317955,-0.18001656234264374,0.529977023601532,0.05368955060839653,-0.09208715707063675,-0.014386136084794998,0.021142784506082535
0.22904150187969208,0.40035194158554077,0.11486977338790894,0.1927114874124527,0.3433343470096588,-0.13631388545036316,-0.2881971001625061,-0.05715074762701988,0.08143559843301773,0.16348227858543396,0.09130733460187912,0.21301695704460144,0.2597551643848419,-0.33824214339256287,-0.48773667216300964,0.08545073866844177
0.13861346244812012,0.17114301025867462,-0.12072846293449402,-0.09856803715229034,-0.05651292949914932,-0.0986923798918724,0.48550987243652344,0.1697501242160797,-0.26660189032554626,-0.219089537858963,0.18901373445987701,0.2951541244983673,0.13243241608142853,-0.21251308917999268,-0.019396012648940086,-0.5871462821960449
0.03719300776720047,0.03525710850954056,0.27573028206825256,-0.16654077172279358,-0.3561738133430481,-0.43393829464912415,0.017114054411649704,-0.08553413301706314,0.019052190706133842,-0.549719512462616,-0.008428869768977165,-0.09766022861003876,-0.2687552869319916,-0.2428862452507019,-0.23725749552249908,0.26676076650619507
-0.057298991829156876,0.2628041207790375,0.08409110456705093,-0.4920072853565216,0.1572543978691101,0.03225648030638695,-0.16623657941818237,0.37306490540504456,0.231729194521904,-0.030878711491823196,-0.5232982635498047,0.31020551919937134,-0.20590601861476898,0.06936123967170715,0.060715202242136,-0.10155274718999863
-0.05661248043179512,0.07072219252586365,0.5031803846359253,0.3240962326526642,-0.02706306427717209,-0.33138763904571533,0.12164212018251419,0.01657022163271904,-0.3057875633239746,0.168669193983078,-0.4908646047115326,-0.17104697227478027,0.19116194546222687,0.20532192289829254,0.0432002991437912,-0.18765689432621002
0.3224680721759796,-0.3040487468242645,-0.10018807649612427,-0.19892913103103638,0.06744223833084106,-0.2209824174642563,0.024620823562145233,0.604677140712738,-0.05135475471615791,0.07996872812509537,0.12716905772686005,-0.2740994691848755,0.18330705165863037,0.27948981523513794,-0.3302213251590729,0.11505433917045593
-0.276607871055603,0.04574237018823624,-0.4090784192085266,-0.08707927912473679,0.43802571296691895,-0.18081317842006683,0.4340982437133789,-0.22789734601974487,-0.0481872595846653,0.056792501360177994,-0.2654459476470947,-0.2517368495464325,-0.20107904076576233,-0.04742468148469925,-0.29961958527565,0.0984630286693573
-0.413026362657547,-0.13030946254730225,-0.15413089096546173,0.16246046125888824,-0.11790844053030014,0.2769460678100586,-0.294624388217926,0.28622961044311523,-0.5682089328765869,-0.14155900478363037,-0.1435633897781372,0.122828409075737,-0.03968615457415581,-0.1778225600719452,-0.2949732840061188,0.06436088681221008
0.07731878757476807,0.026803787797689438,0.42708566784858704,-0.10593625158071518,0.33042019605636597,0.3798534572124481,0.40939411520957947,0.040096160024404526,-0.2409387081861496,-0.15652091801166534,0.10346771776676178,0.18142469227313995,0.0642913207411766,0.08190008252859116,0.06528585404157639,0.48551836609840393
