-1.6767724275723594e-07,1.1109712971801855e-07,1.0798492411367988e-07,0.9999997019767761,1.411804504414249e-07,-1.020520343786302e-07,1.74215450954307e-08,-9.716838178519538e-08,-9.214424068204607e-08,-1.1552814527249211e-07,-1.7891022707772208e-07,-1.9741122514460585e-08,-1.4307711637684406e-07,6.594143897586946e-09,1.2727183218430582e-07,-4.815880316755283e-08
0.9999999403953552,-4.5556625138942763e-08,-7.49619175621774e-08,-3.9746929303419165e-08,1.2877251265308587e-08,1.6971202398963214e-07,-4.4354528938583826e-08,-4.1808156936440355e-08,-2.8587726319528883e-07,-6.534048679895932e-08,1.118277239697818e-07,5.660789881289929e-08,1.6032590366421573e-08,3.708229456833578e-08,1.5100245320809336e-07,3.342683285723069e-08
-2.2668893961963477e-07,1.0000008344650269,5.025662375146567e-08,-5.413613379801063e-08,-1.0367552150114534e-08,1.8891796571551822e-08,-6.613781522446516e-08,5.124904234321548e-08,6.220498960374243e-08,-1.1307485436873321e-07,1.4091553168782411e-07,4.815182563788767e-08,-1.2632558821223938e-07,-1.8900070131167013e-07,-9.713741633277095e-08,6.942693886458073e-08
-3.08421277850357e-07,8.582493649100797e-08,-9.219413499295115e-08,5.872031394460464e-08,-4.2709498160320436e-08,1.253668813205877e-07,2.0709640224936265e-08,1.5970746503057853e-08,1.5961983024226356e-07,-9.515949273009028e-08,1.5972619848980685e-07,1.0000015497207642,-4.3293121865239925e-10,-3.835231154880603e-07,3.880324328520146e-08,-2.8891753345305915e-07
2.1987851539506664e-07,-7.682486113935738e-08,-3.41719785801331e-09,-1.3547576394046246e-08,-1.9068853873704938e-07,7.008048186207816e-08,1.0000008344650269,1.4414121096706367e-07,5.988555784597338e-08,6.961945331340758e-08,1.7328622448076203e-07,8.654483707459804e-08,1.5145275256145396e-07,1.3214643956871441e-07,6.186090217852325e-08,2.2669473764835857e-07
4.039902634644932e-08,-8.563034015196536e-08,-1.4398619896383025e-07,1.9809925788649707e-07,-8.081020297368013e-08,8.21758732172384e-08,7.449546046700561e-08,0.9999988675117493,-1.207138922154627e-07,1.6415484083154297e-08,-1.3066104997960792e-07,2.4097081663398967e-08,7.619905062483667e-08,-7.291475867532426e-08,1.6931726065649855e-07,-7.812246849425719e-08
-2.2141338718029147e-07,-1.204832926759991e-07,-6.383117145958295e-09,-7.468020157830324e-08,3.1444024273241666e-08,1.7782115335762683e-08,-3.191585165041033e-07,-2.2747803640754682e-08,-6.828269505376738e-08,-5.8122989088360555e-08,-3.439864428855799e-07,-2.8787195560653345e-07,1.2492693990395765e-08,1.0000020265579224,-1.2385186209940002e-07,8.068333556821017e-08
-2.2254651810271753e-07,1.1329569815643481e-07,0.9999986886978149,7.616903019425081e-08,-3.385879665529501e-08,-9.730214145520222e-08,2.82696106523872e-07,9.196202910288775e-08,8.738468437741176e-08,7.821263636742515e-08,1.147943606838453e-07,1.5839711764442654e-08,-6.835285404349634e-08,-1.1021308310432687e-08,3.194977296061552e-07,1.2336328403250718e-08
6.22029503460908e-08,-1.9124993144714608e-08,6.945018071746745e-08,8.578910382084359e-08,-8.345367774609258e-08,-1.7192228085605166e-07,-1.9820926411284745e-07,-1.5378668649645988e-07,6.260358276222178e-08,-4.3002280847304064e-08,5.9288968401460806e-08,-1.0606063227669438e-07,9.489136232332385e-08,-3.4054099273816973e-07,2.2514286968089436e-07,1.000001311302185
-6.616177472551499e-08,-9.99576101889943e-08,-4.125769521579059e-07,-1.762408174954544e-07,1.4377204138327215e-07,-1.8053974315535015e-08,6.348873426986756e-08,1.1612068107069717e-07,6.01654503995519e-09,1.5971480138432526e-07,3.0828343255961954e-07,9.086503105493193e-09,1.0000015497207642,1.9729847622329544e-07,-1.2985484687533244e-08,2.0246272924850928e-07
-1.6573837058331264e-07,2.1975785102767986e-07,4.5389913339022314e-07,3.3257620657423104e-08,0.9999992251396179,9.256592647943762e-08,-6.898780924302628e-08,1.1683703604603579e-07,-2.162761205681818e-07,-9.447592219657963e-08,8.186029276657791e-08,6.20778664028876e-08,-6.662990870154317e-08,-2.5402847825262143e-08,-2.0646284326630848e-07,-1.0873237243913536e-07
7.309600391636195e-08,9.506427289807107e-08,5.4346894984291794e-08,-3.031540245501674e-07,-7.511848565400214e-08,1.8395004985904961e-07,-4.4788706077270035e-08,3.1898522934170614e-08,0.9999976754188538,-1.1524776510896118e-07,3.0669003336925016e-08,1.6761087806571595e-07,-1.0335062228250536e-07,8.257617878371093e-08,-1.4497631184440252e-07,6.577331390644758e-08
2.4634214668139975e-08,-5.247360590487915e-08,-1.990275393382035e-07,-2.5344609966282405e-08,-4.312795454097795e-08,-9.872697859236723e-08,6.083620007757418e-08,5.6247262847364254e-08,-5.844041695013402e-08,1.1126228827151863e-07,-1.3780723229217529e-08,-1.6912149192194192e-07,1.1619391671047197e-07,-2.0652841214996442e-08,1.0000011920928955,-2.2660239551441919e-07
-3.10640366762982e-08,6.378180472665917e-08,-2.40584228095031e-08,-7.205476038052439e-08,-9.963569880255818e-08,2.884905541122862e-07,-6.832853927107863e-08,-5.6803671100169595e-08,6.60935981500188e-08,-1.2804551374756556e-07,1.0000001192092896,7.813749647311852e-08,6.273351971231023e-08,1.8335725826545968e-07,-2.632016844472673e-07,3.730725595119111e-08
9.790142030396964e-08,5.4539498250960605e-08,2.678058308447362e-07,6.684515341248698e-08,1.1430339696971714e-07,1.0000016689300537,2.060481705257189e-07,1.7492341797265e-08,2.554069169491413e-07,1.4143670235000627e-08,-6.96509374620291e-08,3.957630667628109e-08,4.5985430574546626e-08,-5.176080719593301e-08,-9.62012975946891e-08,-1.8110203825472126e-07
-7.079490416117551e-08,7.542550584105356e-09,3.671367565516448e-08,-4.7432880734277205e-08,8.31244548749055e-08,9.10581192670179e-08,-1.504285696007912e-09,8.019871700071235e-08,-2.6508761408194914e-08,1.000002145767212,-6.076528791254532e-08,-2.6850912604459154e-07,-1.4056512043225666e-07,-1.5724448587661755e-07,-9.399939671084212e-08,8.629052672404214e-08
