0.5682361125946045,0.4029984772205353,-0.0015227297553792596,-0.24536892771720886,0.37802478671073914,-0.3003472685813904,0.4599301815032959,0.09922073781490326
0.25960803031921387,-0.15643396973609924,0.10016694664955139,0.7450816631317139,-0.3101795017719269,-0.4474729001522064,0.14183853566646576,0.16245095431804657
-0.056359466165304184,-0.7100503444671631,-0.15204526484012604,-0.251299649477005,-0.015648966655135155,-0.1751597672700882,0.5241591334342957,-0.31735724210739136
-0.06445728242397308,0.17366380989551544,-0.018807241693139076,-0.46401506662368774,-0.768049418926239,-0.18302276730537415,0.11929202824831009,0.3352515697479248
-0.011626007035374641,-0.09363754093647003,0.734054684638977,-0.2486182153224945,0.06339532881975174,-0.4627316892147064,-0.33528006076812744,-0.2447376847267151
-0.39104923605918884,0.23192285001277924,-0.5415522456169128,0.008933162316679955,0.13251924514770508,-0.6378287076950073,-0.2024374157190323,-0.18591921031475067
-0.08257503062486649,-0.3975771367549896,-0.045788396149873734,-0.1330837905406952,0.3538849949836731,-0.1562679260969162,-0.18509843945503235,0.7946010231971741
0.6652109622955322,-0.2411806434392929,-0.3637049198150635,-0.1630479395389557,-0.15467314422130585,-0.003817564807832241,-0.5401080250740051,-0.15749235451221466
