1.0000020265579224,2.43199082206047e-07,6.45462208126446e-08,-6.527532292466276e-08,1.4941198855922266e-07,-5.240863387712125e-08,-2.2952940526010934e-07,1.2525406134500372e-07
-7.730996287591552e-08,1.0000020265579224,1.9398376593926514e-07,-6.892711468253765e-08,2.6069439940101802e-08,-4.739827019761833e-08,1.1828240786826427e-07,3.163996709076855e-08
2.68670685699135e-08,1.986204267723224e-07,-7.099191634551971e-08,0.999998152256012,9.294192970799031e-09,6.72426452297259e-08,4.1333933609166706e-08,-1.0953645812605828e-07
-1.6309309458506505e-08,-4.84137387957162e-08,2.098702225339366e-07,1.1627147245008018e-08,1.0000004768371582,2.9098909948288565e-08,7.314203998021185e-08,-1.2113282821246685e-07
1.134641891553656e-07,4.034757949966661e-08,0.9999977350234985,-4.055920044265804e-08,-2.568016554960195e-07,2.442761228849122e-07,-1.069837898826087e-10,-1.0449497267472907e-08
8.957973918199968e-09,-1.6268465685698175e-08,-2.310930113935683e-07,4.4884794192512345e-07,-1.01301253607744e-07,0.9999991655349731,-9.648402254924804e-08,-5.3314870740450715e-08
-6.343686465015708e-08,-7.647647493058685e-08,-9.319708027533125e-08,1.788118169088193e-07,7.702323756575424e-08,-6.077966219208975e-08,-1.6725546458928875e-07,0.9999993443489075
-1.4937704406747798e-08,3.7731940238927564e-08,-2.0750269058567028e-08,-6.14731021642001e-08,8.269149276429744e-08,-1.2852019892761746e-07,0.9999985098838806,2.56399403042451e-07
