-0.5838703513145447,0.12561620771884918,0.22299247980117798,0.1917075514793396,0.09773706644773483,0.2631015479564667,-0.5750423669815063,0.38391250371932983
0.11935246735811234,0.6409216523170471,-0.1387038677930832,0.5058303475379944,-0.4940906763076782,0.18900351226329803,0.047069620341062546,-0.13345274329185486
-0.3469961881637573,-0.04820043966174126,-0.5721459984779358,0.30509862303733826,0.07647489756345749,-0.4436722695827484,0.30141979455947876,0.4040868878364563
0.3620584309101105,-0.022393444553017616,-0.028582921251654625,0.012879732996225357,0.1673392802476883,0.5855137705802917,0.33202022314071655,0.6215803027153015
-0.12088003754615784,-0.622327446937561,-0.40908047556877136,0.07890878617763519,-0.4498607814311981,0.4166976809501648,-0.14311717450618744,-0.16741843521595
0.49311771988868713,-0.27199554443359375,0.013852046802639961,0.634670615196228,0.31770581007003784,-0.1706492304801941,-0.38601091504096985,-0.028137804940342903
0.23822563886642456,0.31529414653778076,-0.6322997212409973,-0.41272619366645813,0.18123744428157806,0.0370643325150013,-0.4884796142578125,0.02929147332906723
-0.28076547384262085,0.09966402500867844,-0.18848048150539398,0.18642592430114746,0.6134449243545532,0.3889097571372986,0.24066533148288727,-0.5054439306259155
