0.9999985098838806,6.439285726855815e-08,1.319054234727446e-07,-7.001774715575948e-09,-4.951798615593361e-08,1.1812175415570891e-07,-1.204391679721084e-07,-6.407660890772604e-08
8.337782730905019e-08,1.000002145767212,4.031100431234336e-08,-5.564000371549582e-09,-2.886958583303567e-08,-1.702057375041477e-07,-2.1765715985111456e-07,6.838986621460208e-08
6.676314256992555e-08,-1.5074842707463176e-08,1.053384721672046e-07,4.068901660048141e-08,1.0000019073486328,8.968264353370614e-08,-1.5318407875497542e-08,-9.683039081664901e-08
-3.650745128425115e-08,-1.684938553125903e-07,-7.73270585341379e-08,1.2808727944957354e-07,1.34136143969954e-07,-2.3457722875264153e-08,1.0000008344650269,-1.1333636962262972e-07
-2.992971701587521e-07,-1.0497379321350309e-07,7.695533099649765e-08,-1.2327006970735965e-07,-2.082067425135392e-07,-1.3638380380598392e-07,-1.1488404538795294e-07,0.9999982118606567
1.0290930418932476e-07,5.63373490081176e-08,7.337119711792184e-08,1.0000019073486328,7.528817036472901e-08,-1.3356270756048616e-07,-6.89859120939218e-08,-2.1281817907947698e-07
-2.6125002250410034e-07,-1.0893204915873866e-07,3.129393277845338e-08,2.393397551259113e-07,-3.358744322667917e-07,0.9999992251396179,-5.236501721128661e-08,3.2088340873315246e-09
8.448466815025313e-08,-1.4650335344867926e-07,1.0000020265579224,-9.118614485714716e-08,-1.64158855398e-08,4.624531513286456e-08,6.871933067031932e-08,-7.432591075939854e-08
