0.08318943530321121,0.10726568102836609,0.31643542647361755,-0.47174063324928284,-0.07343532890081406,0.5886138081550598,0.18026034533977509,-0.008484242483973503,-0.06003312021493912,0.5204562544822693
0.7183352112770081,0.3829486072063446,0.10630472004413605,0.13222260773181915,-0.27005305886268616,-0.1999417543411255,0.24476419389247894,0.11136791855096817,0.3511330783367157,0.007034513168036938
-0.1766502857208252,-0.13183704018592834,0.5092406868934631,0.2619021236896515,-0.6974291801452637,-0.042942702770233154,0.06888152658939362,-0.10228626430034637,-0.3214479386806488,-0.1292628049850464
0.19923967123031616,-0.025192802771925926,0.09467348456382751,0.11111152172088623,0.15562704205513,0.6305466890335083,0.05026162043213844,-0.1921820491552353,0.06780102849006653,-0.6873842477798462
-0.0956917330622673,0.002321463543921709,-0.3239421248435974,-0.13185358047485352,-0.18091779947280884,-0.0929802805185318,0.36353495717048645,-0.8177877068519592,0.15382356941699982,0.050391264259815216
-0.21513105928897858,-0.4291626811027527,-0.01445555966347456,0.44497764110565186,-0.03922673687338829,0.22719891369342804,0.2748972773551941,0.1888154000043869,0.5876935720443726,0.2481202930212021
0.05517284944653511,0.0476955845952034,0.5242831110954285,0.3438319265842438,0.605057954788208,-0.19632196426391602,0.21525494754314423,-0.30347609519958496,-0.15701188147068024,0.1840301901102066
-0.5588667392730713,0.6269900798797607,0.2625140845775604,-0.08903168886899948,0.007043407764285803,-0.03884328156709671,-0.054725632071495056,0.02668321318924427,0.4298725724220276,-0.16630065441131592
-0.12991569936275482,-0.13785779476165771,0.031026752665638924,-0.3514624536037445,0.09961944073438644,-0.20644105970859528,0.7448680400848389,0.3491545617580414,-0.12566031515598297,-0.30750712752342224
0.13594436645507812,-0.4746023714542389,0.4127761125564575,-0.4625760614871979,0.026735356077551842,-0.26681986451148987,-0.2973931133747101,-0.14484718441963196,0.41339829564094543,-0.14029955863952637
