-0.17215171456336975,-0.152431458234787,0.48587721586227417,0.2719730734825134,0.15756885707378387,-0.2523232698440552,-0.7399017214775085,0.033678799867630005
-0.23073704540729523,-0.08550748974084854,0.21931087970733643,-0.08849117159843445,0.14058344066143036,-0.6032094955444336,0.4435020089149475,0.5506370067596436
-0.7379674315452576,0.3393689692020416,-0.1844671368598938,-0.09164862334728241,-0.37535223364830017,-0.2380557507276535,-0.06588524580001831,-0.30968064069747925
0.0363239124417305,0.033600933849811554,-0.638844907283783,0.47612112760543823,-0.17625349760055542,-0.07514254003763199,-0.248383030295372,0.5141352415084839
0.23083560168743134,0.4594036638736725,0.08237297832965851,0.623823344707489,0.21319518983364105,-0.3013497292995453,0.2666535973548889,-0.3638085126876831
-0.275893896818161,0.24166558682918549,-0.3002611994743347,-0.17707769572734833,0.8413010835647583,0.14333197474479675,-0.11538286507129669,0.048207201063632965
-0.32247862219810486,-0.7375634908676147,-0.1848999559879303,0.3620743751525879,0.16143789887428284,0.03866678848862648,0.24553263187408447,-0.31445202231407166
0.3712301254272461,-0.19925400614738464,-0.37755367159843445,-0.3626328706741333,0.0644448846578598,-0.6303192973136902,-0.21240197122097015,-0.31916379928588867
