-0.5378954410552979,-0.30142727494239807,-0.24846895039081573,-0.35636070370674133,-0.592536985874176,-0.182388573884964,-0.10670824348926544,-0.01172756589949131,0.08109113574028015,-0.16915534436702728
0.0970497727394104,-0.2240982949733734,0.10781914740800858,0.22117863595485687,-0.04060957953333855,0.019120316952466965,-0.5860413908958435,0.7204256057739258,0.11871709674596786,-0.03531375527381897
0.13555510342121124,0.34391945600509644,-0.23652219772338867,-0.007083105854690075,-0.3146487772464752,0.2402050942182541,-0.38808947801589966,-0.09490049630403519,-0.6962380409240723,0.07927083969116211
0.2521461248397827,0.019279463216662407,-0.23971915245056152,0.19039571285247803,-0.1967555731534958,-0.7255406379699707,0.0895184576511383,0.059411197900772095,-0.02264787256717682,0.5149328708648682
0.19305859506130219,0.07465053349733353,-0.45603621006011963,-0.061082903295755386,-0.22844550013542175,0.4321591258049011,0.5146318674087524,0.45959392189979553,0.14404453337192535,0.09842166304588318
-0.2178833782672882,-0.15806014835834503,-0.7249110341072083,0.10630107671022415,0.5855947732925415,-0.06889323145151138,-0.1442343294620514,-0.01656041108071804,-0.0941290333867073,-0.11463634669780731
0.07908973097801208,0.5469576120376587,-0.04173906147480011,-0.6910894513130188,0.21439145505428314,-0.21269959211349487,-0.19157278537750244,0.20361745357513428,0.2130763977766037,-0.021699631586670876
-0.7010656595230103,0.4221422076225281,0.1041848361492157,0.2755012810230255,0.05294644087553024,0.11934817582368851,0.013450199738144875,0.14594681560993195,0.07454044371843338,0.4466128945350647
0.17825312912464142,0.23468135297298431,-0.2588123381137848,0.27681973576545715,-0.2225414216518402,0.1662781685590744,-0.34736621379852295,-0.4036892354488373,0.6383873820304871,-0.03461611643433571
-0.07092387974262238,0.421037495136261,-0.013576182536780834,0.377653032541275,-0.12700819969177246,-0.3219008147716522,0.2081982046365738,0.17631445825099945,-0.07725075632333755,-0.6890133023262024
