0.21348047256469727,0.5083228945732117,-0.07016896456480026,0.007226811721920967,0.19539950788021088,0.10705056041479111,0.17629387974739075,-0.3519226312637329,0.17123040556907654,-0.3584531545639038,-0.3516254425048828,-0.1308847814798355,0.386420875787735,-0.09773539751768112,-0.11521919071674347,-0.12553304433822632
0.15351048111915588,0.18453189730644226,-0.3357124626636505,-0.09610236436128616,0.09019950777292252,-0.053655412048101425,0.22839361429214478,0.1312241554260254,-0.2596898078918457,0.3286573886871338,-0.03095100447535515,0.2762344181537628,0.27175000309944153,-0.07671798020601273,0.6359270215034485,0.05647982284426689
0.3034800589084625,-0.3174014687538147,0.4959103465080261,-0.0760842114686966,0.09718307852745056,0.14907875657081604,0.11276927590370178,0.06053526699542999,-0.2868640124797821,-0.11977667361497879,-0.16586770117282867,-0.1720062494277954,0.2880656123161316,0.4507651925086975,0.13808372616767883,0.22003595530986786
0.03310225158929825,-0.07006814330816269,-0.2511403262615204,-0.30720436573028564,0.5922263860702515,0.04703916609287262,0.009526086039841175,0.4788975417613983,0.1666761338710785,-0.38623666763305664,0.019000917673110962,0.05068884417414665,-0.22405298054218292,0.14128990471363068,0.0159575417637825,-0.06215343624353409
0.45641160011291504,0.08815640211105347,0.22946980595588684,0.06495846062898636,0.05384653061628342,-0.051734209060668945,-0.3990646004676819,0.3036329448223114,0.3877350389957428,0.35318446159362793,-0.019705092534422874,-0.26500269770622253,0.07659020274877548,-0.13851021230220795,0.12988097965717316,-0.2870662808418274
-0.19852527976036072,-0.12346448004245758,0.15851372480392456,0.38106200098991394,0.2763110399246216,-0.17923563718795776,0.5008620023727417,-0.05588332191109657,0.0540546178817749,-0.033018432557582855,0.20534898340702057,-0.44724026322364807,-0.1150662750005722,-0.17059116065502167,0.2918473780155182,-0.19705261290073395
-0.07764014601707458,0.10033681243658066,-0.11483202874660492,0.3107263445854187,-0.2301211655139923,-0.29519373178482056,-0.02290218323469162,0.26296043395996094,-0.1842922866344452,-0.08872970938682556,-0.648385763168335,-0.059099506586790085,-0.2620025873184204,0.2738572657108307,0.06732974201440811,-0.22470147907733917
0.3266429007053375,-0.23211321234703064,-0.060842785984277725,0.11738681048154831,-0.25533556938171387,-0.45891281962394714,0.11505872011184692,-0.13960735499858856,0.42909470200538635,-0.32865655422210693,0.19048981368541718,0.3434463441371918,0.0765661969780922,0.19258756935596466,0.15514619648456573,-0.0040334113873541355
-0.01764676533639431,0.13025914132595062,0.034971486777067184,-0.23509569466114044,-0.3812927007675171,0.06701505929231644,0.39247554540634155,0.33027273416519165,0.3652096390724182,0.016658855602145195,-0.1597331464290619,-0.23962926864624023,-0.09841876477003098,-0.16113947331905365,0.014129557646811008,0.5106786489486694
0.171054407954216,0.6076164841651917,0.1742524355649948,0.08339373767375946,0.11149078607559204,-0.36722099781036377,0.0457056425511837,0.11298507452011108,-0.22964949905872345,0.052939388900995255,0.38635802268981934,-0.01559768058359623,-0.16038544476032257,0.2638424336910248,-0.21560508012771606,0.23496201634407043
-0.1810033619403839,-0.06992632895708084,-0.1632925570011139,0.21089883148670197,0.016580261290073395,0.07542066276073456,0.30646759271621704,0.31035760045051575,0.18412013351917267,0.31266412138938904,0.07540034502744675,0.09361288696527481,0.47435280680656433,0.32303571701049805,-0.4313231408596039,-0.18299415707588196
-0.2253941297531128,-0.07803742587566376,-0.21669067442417145,-0.3668287396430969,0.17649510502815247,-0.4085969030857086,-0.15133662521839142,-0.35138389468193054,0.18980887532234192,0.2989766299724579,-0.1299230009317398,-0.36169716715812683,0.06842213124036789,0.33861181139945984,0.046658486127853394,0.14992664754390717
0.16379189491271973,0.06109720095992088,0.2099297046661377,-0.1363053172826767,0.11737582832574844,0.2385576069355011,0.3533010482788086,-0.28366005420684814,0.20471510291099548,0.3615005910396576,-0.16414101421833038,0.3121180832386017,-0.48950663208961487,0.2287384569644928,-0.023877838626503944,-0.20337074995040894
-0.47872620820999146,0.25539469718933105,0.27205097675323486,0.2776821553707123,0.11846984922885895,0.20077000558376312,-0.26989707350730896,0.016709059476852417,0.3470710813999176,-0.06801721453666687,-0.019334934651851654,0.2335420697927475,0.08169666677713394,0.2338024526834488,0.3686312437057495,0.2231145203113556
-0.24109967052936554,0.21372286975383759,0.18498417735099792,-0.48712214827537537,-0.3735405504703522,0.03415393829345703,0.061049044132232666,0.08007422834634781,-0.05132409557700157,-0.17443601787090302,0.23944200575351715,-0.10136135667562485,0.09277959913015366,0.18619167804718018,0.19336409866809845,-0.5408447980880737
0.22348828613758087,0.05621746554970741,-0.47031521797180176,0.23780035972595215,-0.19880466163158417,0.4672420024871826,-0.07567235082387924,-0.11478661000728607,0.027870137244462967,-0.047841452062129974,0.25745290517807007,-0.35103076696395874,-0.17330078780651093,0.3805195987224579,0.15361978113651276,0.03756636008620262
