-6.758289572417198e-08,-8.248345295669424e-08,1.0000009536743164,1.0509303649541835e-07,-2.1444382269919515e-08,1.915586551604065e-07,-3.7100857497307516e-08,5.7369977213284074e-08
1.0000009536743164,-1.3925173902862298e-07,-1.4545338444804656e-07,4.216927251832203e-08,1.7933010099113744e-07,-4.708746104142847e-08,1.0180699661077597e-07,-1.228444972412035e-07
1.0905255010129622e-07,2.530649396703666e-07,-8.626575009884618e-08,1.832119238542873e-07,-1.2225720524838835e-07,-7.025627724033257e-08,0.9999974966049194,-8.842491183713719e-08
2.5726797048264416e-07,8.106335513957674e-08,-4.913885121027306e-08,-5.627752486248028e-08,-1.9049080890454206e-07,1.0000027418136597,-7.24907636140415e-08,-1.8657448919157105e-08
-2.671910124263377e-07,0.9999976754188538,-1.7752793013414703e-08,1.850803954539515e-07,3.6782168422178074e-08,6.980809530432452e-08,-5.624624677125212e-08,-6.894484272379486e-08
-2.2667555299449305e-07,-6.242763816999286e-08,9.053167993045008e-09,6.52253930866209e-08,-9.919192223151185e-08,2.2364181972989172e-07,4.422991395358622e-08,0.9999992251396179
-6.882593339696541e-08,2.457262660016113e-08,2.4818086785671767e-07,1.0000001192092896,-1.7801986018639582e-07,-5.820647430709869e-08,-1.592052853993664e-07,2.1840815822571358e-09
-1.9766650538599606e-08,9.02228265431404e-08,-1.856629339158644e-08,-1.3588443259493488e-08,0.9999984502792358,-3.336882059556956e-07,-5.6391854741377756e-08,4.377625373308547e-09
