0.22543302178382874,0.16671408712863922,0.13572381436824799,-0.5278459191322327,0.1412247121334076,0.3458997905254364,0.03610798716545105,-0.6953054070472717
0.562192440032959,-0.06583790481090546,-0.19420866668224335,-0.5792768597602844,0.0805809497833252,-0.18931615352630615,0.12936735153198242,0.4972479045391083
-0.6744065880775452,-0.3511541783809662,-0.36386361718177795,-0.4067001938819885,0.21618163585662842,-0.003933575004339218,0.2779190242290497,-0.008745353668928146
-0.31931549310684204,0.45460963249206543,0.22108323872089386,-0.3593117296695709,-0.16870535910129547,-0.6196407675743103,-0.3155360817909241,-0.037507567554712296
-0.016770660877227783,-0.543666660785675,0.6536464095115662,-0.08733970671892166,0.4011111855506897,-0.06344664096832275,-0.3096708357334137,0.09192900359630585
0.09756412357091904,-0.14118477702140808,-0.5638067722320557,0.028925487771630287,0.17075660824775696,-0.014667248353362083,-0.7751281261444092,-0.1471008062362671
-0.21159325540065765,0.018218928948044777,0.13102072477340698,-0.2821953594684601,-0.49662914872169495,0.6118332147598267,-0.3254969120025635,0.3621716797351837
-0.1475139707326889,0.567496120929718,0.01706874370574951,0.05662430450320244,0.6794679760932922,0.28629231452941895,-0.0499180369079113,0.3264283835887909
