-0.21007972955703735,-0.0607701800763607,0.15992775559425354,0.4657858610153198,-0.4701353907585144,0.27450719475746155,-0.39712458848953247,-0.3797779381275177,0.022561226040124893,-0.03185705095529556,-0.31774455308914185,-0.09398961067199707
0.06544801592826843,0.09815887361764908,0.8526230454444885,-0.09675630182027817,0.0005266680964268744,-0.32648852467536926,-0.07197556644678116,-0.02824646234512329,0.23177656531333923,-0.22114905714988708,0.14070098102092743,-0.12147516757249832
-0.2183307558298111,0.4608079791069031,0.110226109623909,-0.2261030226945877,0.033174797892570496,0.07669182866811752,-0.2342376410961151,-0.19664742052555084,-0.30367735028266907,0.6097882390022278,0.2913473844528198,-0.16507448256015778
-0.06384319067001343,0.07512752711772919,-0.20798468589782715,-0.07589693367481232,0.11212566494941711,-0.24026189744472504,-0.6154100298881531,-0.011656714603304863,0.4459023177623749,0.03598920255899429,0.09207403659820557,0.5324410200119019
0.17267422378063202,0.5652931928634644,0.0299942959100008,0.009907607920467854,-0.29833248257637024,0.190493643283844,-0.08724209666252136,0.33298206329345703,-0.3571576476097107,-0.41034504771232605,0.042915552854537964,0.32873016595840454
0.06619299203157425,0.43504637479782104,-0.001676384243182838,-0.23652872443199158,-0.11379729956388474,0.008622787892818451,0.24855032563209534,0.053677793592214584,0.4202691614627838,0.24333487451076508,-0.6604715585708618,-0.02570306323468685
-0.5409337878227234,-0.10090093314647675,0.1950884610414505,-0.32507479190826416,0.29687583446502686,0.15756802260875702,0.13179634511470795,-0.2542797923088074,-0.25145453214645386,-0.22037220001220703,-0.2820228636264801,0.40884390473365784
-0.2708423137664795,0.0767623633146286,0.16789568960666656,0.2820388078689575,0.12946313619613647,0.5761643052101135,0.23631280660629272,0.2655862867832184,0.44011467695236206,0.11360646784305573,0.3341745138168335,0.1401107907295227
0.27508318424224854,0.3597479462623596,-0.11750674247741699,0.2908667325973511,0.24696914851665497,-0.04297969117760658,0.28734445571899414,-0.6884310245513916,0.08688746392726898,-0.16110678017139435,0.16046127676963806,0.13380545377731323
-0.2614695727825165,0.06832931190729141,0.09231700003147125,0.5490304231643677,-0.020169882103800774,-0.5308630466461182,0.24312452971935272,0.21142826974391937,-0.20753514766693115,0.2985922396183014,-0.10638663917779922,0.2956843972206116
0.596354067325592,-0.2599294185638428,0.3202471137046814,0.04712878540158272,0.16319996118545532,0.2704830467700958,-0.08522987365722656,-0.00595007324591279,-0.18349531292915344,0.38880735635757446,-0.1748446673154831,0.38666898012161255
-0.000339482503477484,0.20527160167694092,0.003097797278314829,0.2954258322715759,0.685870349407196,0.06681844592094421,-0.3346211314201355,0.2203160673379898,-0.09650547057390213,-0.14693976938724518,-0.2982809841632843,-0.33957260847091675
