-5.0848289134819424e-08,8.263061346269751e-08,2.0910783860017546e-07,5.545163972442424e-08,-1.2231144808083627e-07,1.0000019073486328,2.4785097707535897e-07,6.4736402904941315e-09
-1.364752222343668e-07,9.2898652326312e-08,5.657447488260914e-08,-9.026446434745594e-08,1.000002145767212,-3.0030793851665294e-08,-3.170018203491054e-08,1.2278053418413037e-07
-3.4785717417662454e-08,1.933447038027225e-07,1.000001072883606,-7.176672767172931e-08,-2.9094826103914784e-08,3.249182043418841e-07,-1.4016040950082242e-07,9.019327507076014e-08
-5.1600057560108326e-08,1.6747318909438036e-07,4.0440646387196466e-08,1.0000004768371582,-8.012796115508536e-08,7.084823749892166e-08,8.538141571534652e-08,-7.969755699832604e-08
-7.82981786073833e-08,-3.011860769674968e-07,1.475499828984539e-07,9.055758454223906e-08,-3.290733374683441e-08,8.332395395882486e-08,-5.4006996208499913e-08,0.9999986290931702
-4.8797364371466756e-08,1.0000020265579224,1.2245164882074278e-08,2.316176193062347e-07,6.548309983145373e-08,5.892438181831494e-08,-7.393266887589789e-09,-7.499128429344637e-08
1.0000020265579224,-1.0465909383583494e-07,-1.0010232642798655e-08,8.545048757468976e-08,-2.902143592109496e-07,1.0673986139408953e-07,-1.013710857478145e-07,2.3985748498489556e-07
-9.330132400009461e-08,9.603418504866568e-08,-9.935666867022519e-08,-1.3477296079145162e-07,-1.559809703621795e-07,1.0982360265643365e-07,1.0000022649765015,-3.083103550238775e-08
