0.21396765112876892,-0.044350381940603256,0.28164538741111755,-0.18439321219921112,-0.015607825480401516,-0.5644946694374084,0.0860300362110138,-0.71598219871521
0.01740134321153164,0.13512885570526123,0.16355371475219727,-0.5371577143669128,-0.0437985397875309,-0.3132328391075134,-0.6559346914291382,0.36860454082489014
-0.24518634378910065,0.3977745473384857,0.4538959562778473,-0.27789321541786194,0.1377880722284317,0.6025769710540771,-0.06852072477340698,-0.3341153860092163
-0.27712517976760864,-0.1129886731505394,0.15511582791805267,0.017211072146892548,-0.9392498731613159,0.04920567572116852,0.012944385409355164,-0.035997942090034485
-0.343594491481781,-0.8231886625289917,0.3401069641113281,-0.014239526353776455,0.257975310087204,0.07167204469442368,-0.12912487983703613,0.0081184646114707
-0.2063189148902893,-0.17637376487255096,-0.7369166612625122,-0.3920249044895172,-0.025570837780833244,0.16893301904201508,-0.2066432535648346,-0.39711514115333557
-0.4302232563495636,0.08570809662342072,-0.02089800126850605,-0.49034109711647034,0.09056049585342407,-0.2463129162788391,0.657702624797821,0.25543421506881714
-0.6865016222000122,0.30444666743278503,-0.06845538318157196,0.45345339179039,0.14578266441822052,-0.3512366712093353,-0.2560107409954071,-0.12474425137042999
