-7.525213874259862e-08,1.000002145767212,9.017513491471618e-08,-8.167457110630494e-08,-4.038235523751155e-09,2.1321719145817042e-07,1.1129775145946041e-07,-3.3070580940375294e-08
-1.0808955863694791e-07,7.601937568324502e-08,-2.7936749802393024e-08,1.2451309316929837e-07,-6.242761685371079e-08,4.315840129720527e-08,1.3209405835823418e-07,0.9999975562095642
1.491185059876443e-07,1.7032431287589134e-07,-1.747956162034825e-07,4.681841048181923e-08,1.0,-4.876788750607375e-08,4.0192922767801065e-08,-7.630145404391442e-08
1.0000009536743164,-5.84379407086999e-08,-1.801125932843206e-07,2.1989430365465523e-07,6.3495630975296535e-09,-2.6127519703322832e-08,6.402831331797643e-08,-1.624686802870201e-07
8.409799789887984e-08,-7.519368239172763e-08,-1.5781859374897067e-08,1.6034803707043466e-08,5.3594263249578944e-08,1.000000238418579,2.0152884872004506e-07,7.415885505679398e-08
1.235044777558869e-07,9.250026522522603e-08,-5.098889488408531e-08,1.0000011920928955,-5.089836463412212e-08,-9.994404592816863e-08,-5.6009604065820895e-08,-3.3499922835744655e-08
6.103881844410353e-08,9.984213278357856e-08,1.0000009536743164,-7.063867712986394e-08,-1.497102175562759e-07,-6.746819991576558e-08,2.1884454781684326e-07,-4.479330684148408e-08
4.871596814837176e-08,-1.1024942381254732e-07,2.5428843031249926e-08,2.2817958722498588e-07,-6.525276319280238e-08,7.169775884108276e-09,0.9999997019767761,-4.116616025839903e-08
