-0.5302393436431885,0.14983703196048737,-0.29797273874282837,0.44003841280937195,-0.04302646592259407,0.022144978865981102,0.47097542881965637,0.4356754720211029
-0.17505580186843872,0.0037309937179088593,0.1302599459886551,-0.17828553915023804,0.21437621116638184,-0.653514564037323,-0.39704301953315735,0.5384291410446167
0.2899617552757263,-0.348026305437088,0.16319847106933594,-0.06717274338006973,0.0119032496586442,0.5560290217399597,-0.04406648129224777,0.6726066470146179
-0.3018620014190674,-0.7531177997589111,0.13788066804409027,0.45814019441604614,0.10616840422153473,-0.04208654165267944,-0.21790046989917755,-0.22861607372760773
0.442970335483551,-0.4425297975540161,-0.3746022880077362,-0.07015334069728851,-0.30555787682533264,-0.4566493332386017,0.39435914158821106,0.07268894463777542
0.4269154965877533,0.15757113695144653,-0.4967883825302124,0.4503900408744812,0.5154826045036316,0.01875920593738556,-0.27709856629371643,0.02022196725010872
0.08013183623552322,-0.08197855949401855,0.344730406999588,-0.11857900023460388,0.7114012837409973,-0.0951412096619606,0.5780329704284668,-0.06851787865161896
0.3579128086566925,0.24868257343769073,0.585351824760437,0.5816740989685059,-0.2749548852443695,-0.20869405567646027,0.06850001960992813,0.07231980562210083
