-9.423393976248917e-08,1.0000019073486328,4.299029754406547e-08,-2.7253072687472013e-08,1.936996341100894e-07,-1.9780074467234954e-07,1.3995092729146563e-07,5.972489702799066e-08
-1.3211356986175815e-07,-2.7374980504646373e-07,2.5822726001933916e-07,1.1978268332768494e-07,-2.4830530520603133e-08,0.9999976754188538,1.748885409824652e-07,-3.337945742032389e-08
8.518863836570745e-08,8.743064228156072e-08,2.5922135549194536e-08,1.1315099612829727e-07,9.116469357195456e-09,-9.453747651377853e-08,0.9999976754188538,4.88388218755631e-09
0.9999997615814209,-2.4286446631549552e-08,9.221233909784132e-08,-2.96961900403403e-07,-6.98950088917627e-08,1.4827028849140333e-07,9.957545898942044e-08,9.083849050739445e-08
-3.692108307973285e-08,1.3575262869380822e-07,0.999997615814209,1.038270411868325e-07,6.323725543211367e-09,-2.865171921939691e-08,2.8579222544067306e-07,-3.8219396536476324e-09
-4.6165983036416947e-08,6.367321248035296e-08,1.2874625099357218e-07,3.614437105170509e-08,0.9999982714653015,-2.1737108113484283e-08,6.972124566573257e-08,1.069544595111438e-07
-2.7957067771922084e-08,-1.6375182099181984e-08,-4.5352315680702304e-08,1.9217014823880163e-07,-1.1945461153572978e-07,-3.364269574035461e-08,-9.782188925555602e-08,1.000002145767212
8.660730799192606e-08,1.1153659329465881e-07,2.0761862629115058e-07,0.9999982714653015,-2.3647825742045825e-07,-1.3322420500117005e-08,-6.016841069822476e-08,-1.3246665098165522e-08
