-0.6578486561775208,-0.08393330872058868,-0.6078014969825745,0.28440892696380615,-0.10339710116386414,-0.2704835534095764,0.15571217238903046,0.04219526797533035
-0.1290365755558014,0.785642147064209,0.08879675716161728,0.08104705065488815,0.20591628551483154,-0.350876122713089,-0.31635919213294983,-0.2933690547943115
0.2472514808177948,-0.19583134353160858,-0.29470789432525635,-0.13678807020187378,-0.5383413434028625,-0.1213957667350769,-0.3684515357017517,-0.5955259203910828
-0.2392222285270691,0.08512921631336212,0.5148853063583374,0.19635824859142303,-0.7142918705940247,-0.13166968524456024,-0.09990116953849792,0.3071349263191223
-0.3811763525009155,0.2805783152580261,-0.16434672474861145,-0.40909525752067566,-0.14515677094459534,0.7101250886917114,-0.23094795644283295,0.05412360280752182
0.36911526322364807,0.22009438276290894,-0.4191818833351135,-0.3163197636604309,-0.1349853277206421,-0.2953329086303711,-0.15647533535957336,0.6400104761123657
0.11472088098526001,0.36283159255981445,-0.04193030670285225,-0.25384703278541565,-0.2984232008457184,-0.019500484690070152,0.8073788285255432,-0.21840688586235046
0.370837539434433,0.26704663038253784,-0.2573961317539215,0.7234758734703064,-0.1361457258462906,0.4239976406097412,0.015957312658429146,0.05411906540393829
