5.422299498292205e-09,-2.4373894902396387e-08,-1.517912693316248e-07,-2.7090888465863827e-07,-7.343247432345379e-08,7.949751079650014e-08,-8.31901303399718e-08,0.9999986290931702
-4.2224030494253384e-07,-1.4623525146362226e-07,-1.0703860198191251e-07,-7.42126644581731e-08,-6.194656521074648e-08,-1.4815530846590264e-07,1.0000011920928955,-2.261168141615144e-08
-7.927175005306708e-08,3.07741316873944e-07,-1.6441416050838598e-07,8.185079991562816e-08,1.0000019073486328,-1.4568219341981603e-07,3.4494597400680505e-08,1.7147748110346583e-07
-1.4352644939208403e-07,1.0172267650432332e-07,4.128746233789116e-09,-6.60316601397426e-08,-6.14754824823649e-08,0.999997615814209,6.360590987242176e-08,-1.6433259020232072e-07
0.9999977946281433,1.8347842356547517e-08,4.857926683143887e-07,6.62303989429347e-08,1.5144576082093408e-07,-1.2272329286133754e-07,-1.909664746335693e-07,3.924563074519938e-08
-7.1348722485709e-07,-1.1539605715427115e-08,1.0000014305114746,4.833990274732969e-08,1.6170926642189443e-07,9.224702779420113e-08,-1.1968489843638963e-07,-3.480565524682788e-08
-6.370436977931604e-08,1.0000009536743164,-8.752909508302764e-08,-1.4665009651082528e-08,-3.837407547280236e-08,1.2572756702411425e-07,-3.802633585792137e-08,-2.3224126621812502e-08
7.925204670300445e-08,3.984954943803132e-08,2.23584510905539e-08,1.0000001192092896,-1.0722984455924234e-07,1.5903472672107455e-07,-3.086429956056236e-07,8.761058722939197e-08
