0.6320704817771912,-0.3595793843269348,-0.23770128190517426,0.012641371227800846,-0.1577904373407364,0.42120951414108276,0.03226916491985321,0.19357219338417053,0.015193011611700058,0.09626507014036179,0.036518123000860214,0.23280104994773865,0.2824801802635193,0.10923033952713013,0.12476016581058502,-0.03717721626162529
0.10233186930418015,-0.24956481158733368,-0.14430516958236694,0.39798110723495483,0.28250041604042053,-0.1232491210103035,-0.27432113885879517,0.33492720127105713,0.22382640838623047,-0.10887490957975388,0.060622673481702805,-0.27079758048057556,-0.34810101985931396,0.384749174118042,-0.23879411816596985,-0.020500298589468002
0.10056609660387039,0.21539391577243805,-0.1179199367761612,-0.14746330678462982,0.25282061100006104,-0.25516560673713684,0.4425249397754669,0.079995296895504,0.17238189280033112,-0.24644054472446442,-0.2789279520511627,0.21285705268383026,-0.0003360288101248443,0.45305556058883667,0.3550243675708771,0.17811857163906097
-0.277956485748291,-0.46406877040863037,-0.05254150927066803,-0.2929558753967285,-0.09260215610265732,-0.09915652126073837,-0.04776591807603836,-0.006820454262197018,-0.5013565421104431,0.15271596610546112,0.006323250010609627,-0.025464514270424843,-0.2036535143852234,0.36781439185142517,0.29733940958976746,-0.23983147740364075
-0.07933281362056732,-0.40024638175964355,-0.06415412575006485,-0.17816418409347534,-0.06727993488311768,-0.4352550506591797,0.16196483373641968,0.2169879823923111,0.058853983879089355,-0.4303028881549835,0.17045234143733978,-0.15703611075878143,0.4655766785144806,-0.21337458491325378,-0.1578489989042282,-0.028546612709760666
0.137719064950943,0.17493228614330292,0.19923792779445648,0.36171215772628784,-0.34970399737358093,-0.365010529756546,-0.16664984822273254,0.2811833918094635,-0.024569831788539886,0.011679373681545258,-0.29753583669662476,0.0850926861166954,0.05260508507490158,-0.10834995657205582,0.3070448338985443,-0.46070441603660583
-0.09172556549310684,0.1841215342283249,0.5221510529518127,0.11339138448238373,-0.06197993829846382,0.20038168132305145,-0.16599392890930176,0.20374467968940735,-0.21715182065963745,-0.3110966682434082,0.42185553908348083,0.12275094538927078,0.2300112247467041,0.36191296577453613,0.08011450618505478,0.17847676575183868
0.35403910279273987,-0.15405184030532837,0.37872806191444397,0.09199424088001251,-0.2376992106437683,-0.2693001925945282,0.31853339076042175,-0.1825549453496933,-0.26861006021499634,0.08117187023162842,-0.15081308782100677,0.08598612248897552,-0.19273176789283752,0.13068261742591858,-0.47800934314727783,0.20884576439857483
0.296019047498703,-0.012358046136796474,-0.1322157084941864,0.041552018374204636,0.2345518320798874,-0.23318295180797577,-0.30542606115341187,0.008784633129835129,-0.42030051350593567,-0.1786743402481079,0.07051447033882141,0.08194351196289062,-0.2027706354856491,-0.38524654507637024,0.299821674823761,0.4365455210208893
-0.3963797688484192,-0.35673394799232483,0.05064287781715393,0.3806379735469818,-0.06829839199781418,-0.056922800838947296,-0.06721308082342148,-0.0034533457364887,0.18000194430351257,0.2994183897972107,-0.22764389216899872,0.23871006071567535,0.2378394901752472,0.0010229457402601838,0.14361301064491272,0.4976862370967865
0.2283351570367813,-0.018115421757102013,0.39147844910621643,-0.12794674932956696,0.3345683515071869,-0.11906422674655914,0.1018458753824234,0.11798430979251862,0.06952597945928574,0.5074993968009949,0.0932367816567421,-0.49966341257095337,0.20615535974502563,-0.028501927852630615,0.24551273882389069,0.056291937828063965
0.0361880362033844,0.059156596660614014,0.07322707027196884,-0.2805163860321045,0.3793363869190216,-0.0633542388677597,-0.47178420424461365,0.015624416060745716,-0.13796861469745636,0.06015564128756523,-0.42907634377479553,0.237418994307518,0.35593438148498535,0.12842808663845062,-0.3504684269428253,-0.10613825917243958
-0.022559817880392075,-0.06066327542066574,-0.0689353495836258,0.5220677852630615,0.3332148492336273,0.1689501255750656,0.23517043888568878,-0.3857339918613434,-0.35786929726600647,-0.20229189097881317,-0.14464282989501953,-0.21810342371463776,0.28927820920944214,0.018024086952209473,0.05531112477183342,-0.22424112260341644
-0.0396035797894001,-0.36535176634788513,0.4768837094306946,-0.05460720136761665,0.34819987416267395,0.21952581405639648,0.13335026800632477,0.06619323790073395,0.20208385586738586,-0.21425572037696838,-0.09390176087617874,0.3135179579257965,-0.303762286901474,-0.3086097538471222,0.0968555361032486,-0.22848576307296753
0.09379421174526215,-0.12546932697296143,0.17755869030952454,-0.18030498921871185,-0.29584363102912903,0.21732668578624725,-0.25812003016471863,-0.22607673704624176,0.1693965196609497,-0.36956292390823364,-0.44440314173698425,-0.46808141469955444,-0.03498804196715355,0.07107268273830414,0.17432130873203278,0.20100851356983185
-0.18590274453163147,0.11869913339614868,-0.061311300843954086,-0.016334829851984978,-0.018207579851150513,0.31196898221969604,0.2685226500034332,0.6514491438865662,-0.3386686146259308,0.0019415973220020533,-0.3493345081806183,-0.19355244934558868,-0.06265785545110703,-0.16680364310741425,-0.14968007802963257,0.15756839513778687
