0.10929340124130249,-0.12049660831689835,-0.3291262686252594,-0.1141761913895607,-0.5297351479530334,0.1715414971113205,-0.39733925461769104,0.06998273730278015,0.11034032702445984,-0.3973160982131958,-0.1102726086974144,-0.44402241706848145
0.41256415843963623,0.09577570855617523,0.13326695561408997,0.3133181631565094,0.5679051280021667,0.2081708312034607,-0.08732663840055466,0.0650140643119812,-0.018163835629820824,-0.09898165613412857,-0.34877556562423706,-0.44183042645454407
0.1853783279657364,0.22824792563915253,-0.345249205827713,-0.13295410573482513,0.011892597191035748,-0.15601301193237305,-0.05007251352071762,0.260628342628479,-0.574752151966095,-0.1714586764574051,-0.40585529804229736,0.3966018259525299
-0.08641912043094635,0.7973200678825378,0.38429978489875793,-0.08646463602781296,-0.3250468373298645,0.09656953811645508,-0.07688692957162857,-0.018832892179489136,-0.05445034056901932,0.19302846491336823,-0.10821452736854553,-0.16871365904808044
-0.032788850367069244,0.36144474148750305,-0.604540228843689,0.3991205394268036,0.11852813512086868,0.1143011525273323,-0.13989563286304474,0.13239964842796326,0.025751177221536636,0.22593820095062256,0.47635576128959656,-0.02594880945980549
0.6119063496589661,-0.013733855448663235,0.08026312291622162,0.46011391282081604,-0.46135956048965454,-0.05258942395448685,0.37716013193130493,-0.0579150915145874,0.09270131587982178,-0.01702362485229969,0.03653605654835701,0.18919916450977325
-0.42953094840049744,0.14253413677215576,-0.30697134137153625,0.2079976201057434,-0.01892617717385292,-0.032427914440631866,0.4372709393501282,-0.00806205254048109,0.41580623388290405,-0.11295420676469803,-0.5282615423202515,-0.0172751322388649
-0.15725158154964447,-0.2830241918563843,0.02101958729326725,0.21242213249206543,-0.17356683313846588,0.6730462312698364,-0.150089830160141,-0.02132735215127468,-0.1915825605392456,0.4276779890060425,-0.28508588671684265,0.20644162595272064
0.07623178511857986,0.004294772166758776,0.06489861011505127,0.19005249440670013,0.015033158473670483,-0.38898372650146484,-0.6464682221412659,-0.06030837818980217,0.4224950075149536,0.1873832792043686,-0.2525876760482788,0.32145312428474426
-0.25062116980552673,-0.2263805866241455,0.161789670586586,0.3425627648830414,-0.17502127587795258,-0.4223451614379883,0.011432263068854809,0.5326728224754333,-0.2766881287097931,0.2237318754196167,-0.03713057190179825,-0.34863534569740295
0.006428173743188381,0.051493968814611435,0.2257344275712967,-0.07297211140394211,0.053019944578409195,0.3024370074272156,-0.001888795755803585,0.7477928400039673,0.34616711735725403,-0.2540355920791626,0.13254603743553162,0.292605459690094
0.35017290711402893,-0.05761325731873512,-0.2431110143661499,-0.49544063210487366,-0.0036375275813043118,-0.0504559725522995,0.18018826842308044,0.23370926082134247,0.2458588033914566,0.6074343323707581,-0.1357756108045578,-0.17885515093803406
