0.2159433215856552,-0.01687966100871563,0.2631772756576538,0.0802985429763794,0.7540106177330017,-0.5079525709152222,-0.2221888154745102,0.03813660144805908
-0.18427415192127228,-0.6880310773849487,0.16354353725910187,-0.06334691494703293,0.08403453975915909,0.3832273781299591,-0.5535939931869507,-0.03877398371696472
0.3549051284790039,0.10335706919431686,-0.12586162984371185,-0.754879355430603,-0.09299863874912262,-0.09943914413452148,-0.24926185607910156,-0.4438557028770447
0.7560716271400452,-0.19721201062202454,-0.038211092352867126,0.23973770439624786,-0.37696465849876404,-0.09912626445293427,-0.19730684161186218,0.37372878193855286
0.2325146496295929,-0.519927442073822,-0.22691895067691803,0.23333096504211426,0.11347957700490952,-0.05395711585879326,0.4939253032207489,-0.5567092895507812
0.21714521944522858,0.26315879821777344,0.7500495314598083,0.2279398888349533,-0.12183944135904312,0.29260945320129395,0.008968330919742584,-0.4105098843574524
-0.2703976035118103,0.09282252937555313,-0.16524949669837952,0.4096255600452423,-0.34231317043304443,-0.4712253212928772,-0.4710199534893036,-0.4025881588459015
-0.2179044634103775,-0.3585490882396698,0.4952933192253113,-0.29669666290283203,-0.3588217794895172,-0.5146059393882751,0.27785131335258484,0.1408616304397583
