0.43411287665367126,-0.153331458568573,-0.19290149211883545,0.07022135704755783,0.21979635953903198,-0.19117572903633118,0.274526983499527,-0.18163079023361206,-0.06774581968784332,0.26093071699142456,-0.03113703243434429,0.5747088193893433,0.03514252230525017,0.2356663942337036,-0.07813486456871033,-0.2930295765399933
0.26819661259651184,-0.13494054973125458,0.1630360335111618,0.08423661440610886,0.37909024953842163,-0.1962037831544876,-0.012861756607890129,0.45350608229637146,0.06994155794382095,0.08783969283103943,-0.06080997362732887,-0.32852333784103394,-0.029356298968195915,-0.4361658990383148,-0.09791281819343567,-0.404009610414505
0.1950361579656601,-0.32835355401039124,0.23084694147109985,0.13400079309940338,-0.23801377415657043,0.30397436022758484,-0.2470083087682724,-0.4023737907409668,0.13118290901184082,-0.29175639152526855,-0.28012803196907043,0.0012736056232824922,0.32273635268211365,-0.1290884166955948,-0.11197222024202347,-0.3110681474208832
0.09713280200958252,-0.2651590406894684,-0.4074152708053589,-0.3967859447002411,0.19985312223434448,0.3129221200942993,-0.013194330036640167,-0.1689138114452362,-0.4521736204624176,0.17064440250396729,-0.22008514404296875,-0.19338060915470123,-0.004133500624448061,-0.2593413293361664,0.14970317482948303,0.14547252655029297
0.40986767411231995,0.23875756561756134,0.014241527765989304,0.5726698040962219,0.21706081926822662,0.23585613071918488,-0.37782949209213257,0.01846260577440262,-0.17542973160743713,0.10306289047002792,0.10795633494853973,-0.011972896754741669,0.07524289935827255,0.033223964273929596,0.13226914405822754,0.3515048623085022
0.10825994610786438,0.047833576798439026,-0.2650238871574402,-0.04245530441403389,-0.1306535005569458,0.22848118841648102,-0.16785772144794464,-0.019129404798150063,0.5964374542236328,0.19916343688964844,-0.04890763387084007,0.23951908946037292,-0.46108564734458923,-0.3637520968914032,-0.08288508653640747,0.09585238993167877
-0.10681109875440598,0.18353816866874695,-0.2564927637577057,0.43330150842666626,-0.40463072061538696,-0.17750263214111328,0.25920504331588745,-0.26950687170028687,-0.27179327607154846,0.19230124354362488,0.09980962425470352,-0.1767025738954544,-0.012330308556556702,-0.39589235186576843,-0.18411292135715485,-0.15327925980091095
-0.06371273100376129,0.7010489702224731,0.01685042306780815,-0.2011750191450119,0.1707020103931427,0.3759600818157196,0.04555351287126541,-0.054466404020786285,0.04663105681538582,0.1991356462240219,-0.1811675727367401,-0.06364300847053528,0.20805507898330688,0.10046879202127457,-0.19832207262516022,-0.3417208194732666
0.1961965411901474,0.24680307507514954,0.23717905580997467,-0.08921926468610764,0.21689392626285553,-0.3959774672985077,0.1479242444038391,-0.5473964810371399,0.18739010393619537,-0.07464894652366638,-0.26138171553611755,-0.2282300442457199,-0.16644255816936493,-0.09111376851797104,0.2824830710887909,0.18470777571201324
0.09276343882083893,-0.06401102989912033,-0.11993170529603958,0.24023538827896118,-0.16625045239925385,0.16393500566482544,0.5305642485618591,0.3221741020679474,0.2331567257642746,0.03095378540456295,-0.5117422342300415,-0.12318406254053116,0.2163490504026413,0.11720161139965057,0.16325365006923676,0.23626767098903656
0.32093003392219543,-0.05889597535133362,0.24766449630260468,-0.21797190606594086,-0.0020564047154039145,0.22043973207473755,0.41498929262161255,-0.08766216784715652,0.1066434234380722,0.004019265994429588,0.502934992313385,-0.10291166603565216,0.18232573568820953,-0.1392182856798172,-0.3574422001838684,0.3176116347312927
-0.393196165561676,-0.05832985043525696,-0.31615734100341797,0.15578657388687134,0.488462895154953,-0.14498543739318848,-0.031087428331375122,-0.13086946308612823,0.2600417733192444,-0.14936906099319458,0.013865501619875431,0.12655901908874512,0.4565403461456299,-0.21189665794372559,-0.2029341459274292,0.19850778579711914
0.34340518712997437,0.07274957746267319,-0.4402199983596802,-0.13074910640716553,-0.13932542502880096,-0.28016963601112366,-0.2272593230009079,0.04712781682610512,0.0635170191526413,-0.2370714396238327,-0.10216826945543289,-0.3361946940422058,-0.00524813961237669,0.32437169551849365,-0.4683753252029419,0.07613524049520493
0.05695150047540665,0.0008610616787336767,0.14285410940647125,-0.24211138486862183,-0.3011777997016907,-0.3286491334438324,-0.30605578422546387,0.07753824442625046,0.07363962382078171,0.5719866752624512,-0.08197833597660065,0.06762158870697021,0.47933846712112427,-0.10467002540826797,0.058409083634614944,0.1769503951072693
-0.08098672330379486,0.052107878029346466,0.3345834016799927,0.006482571829110384,0.0361788384616375,-0.06180885061621666,-0.005821369122713804,0.09839862585067749,-0.3336830139160156,-0.05970582365989685,-0.4572076201438904,0.31184151768684387,-0.20924295485019684,-0.1632239818572998,-0.5290505886077881,0.3039390444755554
0.2540396451950073,0.34031596779823303,-0.14947259426116943,-0.20345854759216309,-0.17212039232254028,-0.1016659140586853,0.03427534177899361,0.22007393836975098,-0.13045430183410645,-0.5169529318809509,0.0453803613781929,0.3505461812019348,0.20559591054916382,-0.3753948509693146,0.2714543342590332,-0.01626475527882576
