-0.21371932327747345,0.0995931476354599,-0.44032055139541626,-0.12289422750473022,-0.15107448399066925,-0.43317142128944397,-0.5980825424194336,0.40896961092948914
0.680506706237793,-0.475319504737854,-0.08214801549911499,-0.2766937017440796,0.2523179054260254,-0.4043443500995636,0.022523202002048492,-0.002345803426578641
-0.17767056822776794,-0.09424108266830444,-0.023425064980983734,-0.17222058773040771,-0.4222877323627472,-0.329972505569458,-0.09777074307203293,-0.7953465580940247
0.1185360923409462,0.27003613114356995,-0.7045605182647705,0.1445542275905609,0.4484364986419678,0.20633012056350708,-0.03656425327062607,-0.3882293403148651
0.0876573771238327,0.15802468359470367,0.10817670077085495,0.7874444127082825,0.048489101231098175,-0.5612609386444092,0.13325178623199463,-0.021271847188472748
-0.2913185656070709,-0.20808479189872742,-0.4652308225631714,-0.08912046253681183,-0.18813809752464294,-0.16768552362918854,0.7370896339416504,0.20158524811267853
-0.44938337802886963,-0.7328969836235046,-0.004597782157361507,0.2883087694644928,0.334001362323761,0.10518715530633926,-0.2246571034193039,-0.06842662394046783
-0.38874056935310364,0.2773849070072174,0.27248892188072205,-0.38294708728790283,0.6203099489212036,-0.37844333052635193,0.13915643095970154,-0.06058282405138016
