-0.22677239775657654,-0.11744922399520874,-0.09975366294384003,-0.27907511591911316,-0.7474602460861206,0.4007512927055359,-0.35434871912002563,-0.04563887417316437
0.04638254642486572,-0.20530228316783905,-0.46775880455970764,-0.06293334066867828,0.4879360795021057,0.32957956194877625,-0.37286514043807983,-0.49719882011413574
0.7158697843551636,0.39388322830200195,-0.34643298387527466,0.25057196617126465,-0.2797936201095581,-0.12041489034891129,-0.2373175472021103,0.021915100514888763
-0.3284800946712494,0.537650465965271,0.27885153889656067,0.5638356804847717,-0.007491901982575655,0.3059619665145874,-0.08674930781126022,-0.32584089040756226
-0.159740149974823,-0.3158476948738098,-0.5180974006652832,0.558079183101654,-0.11838114261627197,0.23047420382499695,0.3877900242805481,0.2780833840370178
-0.40427905321121216,0.2806594967842102,-0.4702911674976349,-0.15957598388195038,-0.1679781675338745,-0.5483503341674805,0.2060970813035965,-0.3738560974597931
-0.06026534363627434,0.5625122785568237,-0.25458434224128723,-0.42146041989326477,0.2193172127008438,0.4341147243976593,0.23488232493400574,0.3818117678165436
0.3653261065483093,-0.06997152417898178,0.1380678415298462,-0.15137571096420288,-0.18587078154087067,0.28354889154434204,0.6507974863052368,-0.5302635431289673
