-0.018829748034477234,-0.3804265260696411,0.5713913440704346,-0.1034860610961914,0.29072409868240356,0.524189829826355,0.17321808636188507,0.18190136551856995,0.03692787513136864,0.13481268286705017,-0.10583972185850143,0.2541577219963074
-0.47304484248161316,-0.25253477692604065,-0.13646742701530457,-0.3031395375728607,0.020260265097022057,0.20367181301116943,-0.35223978757858276,-0.4651717245578766,-0.3878862261772156,-0.1357249766588211,0.19637614488601685,0.11020524799823761
-0.25033649802207947,-0.6083706617355347,-0.0679054781794548,0.1754193753004074,0.02873561717569828,-0.40753892064094543,0.4471738338470459,-0.08517556637525558,0.16651026904582977,-0.35578951239585876,-0.05821593105792999,-0.0009335502400062978
0.03285869583487511,-0.17495271563529968,0.11990111321210861,0.1573990434408188,-0.1441195011138916,-0.047783706337213516,0.18331241607666016,-0.49870795011520386,0.026472659781575203,0.7182707190513611,0.11343676596879959,-0.3071083128452301
-0.2817240357398987,0.004514732863754034,0.02222348563373089,0.42101773619651794,-0.6176427006721497,0.18012936413288116,0.08648639172315598,0.2164897918701172,-0.40473276376724243,0.053814250975847244,-0.29996049404144287,0.13380753993988037
-0.21785806119441986,0.12176978588104248,-0.4395037591457367,-0.26393890380859375,0.22285357117652893,-0.14309798181056976,0.27371349930763245,0.07503335177898407,-0.015724079683423042,0.44512006640434265,-0.2871835231781006,0.4932956099510193
-0.003534159390255809,0.4183618426322937,0.12404816597700119,0.20774826407432556,-0.02590363286435604,0.21904723346233368,0.2432340532541275,-0.6100035905838013,0.2715466320514679,-0.28556618094444275,-0.14426247775554657,0.33225950598716736
-0.6664136052131653,0.17266637086868286,0.11406455188989639,-0.09936481714248657,-0.17297765612602234,0.055463895201683044,-0.1107935756444931,0.19968518614768982,0.6048093438148499,0.10047420114278793,0.1303316354751587,-0.15864695608615875
0.287527859210968,-0.36563968658447266,-0.3703591525554657,0.2037804126739502,-0.26268279552459717,0.2225312441587448,-0.2980596125125885,0.021127622574567795,0.40932774543762207,0.09062761068344116,0.2331259399652481,0.4086867868900299
-0.0758628398180008,-0.11310775578022003,0.09268473088741302,0.30699729919433594,0.28701668977737427,-0.1897018402814865,-0.5796549916267395,-0.11956910789012909,0.12561222910881042,0.08159253001213074,-0.621518611907959,-0.03507145494222641
-0.211117222905159,0.10174433141946793,-0.3020821213722229,0.5937193036079407,0.5260013937950134,0.2844713628292084,0.0906003937125206,0.11351557075977325,-0.11126715689897537,0.02835044637322426,0.2949083745479584,-0.14990901947021484
0.09042403846979141,-0.11937849223613739,-0.4205187261104584,-0.2315642237663269,-0.0606396421790123,0.49493512511253357,0.159595787525177,-0.04958437383174896,0.14302785694599152,-0.1120794340968132,-0.4428604245185852,-0.49133002758026123
