-0.3081001341342926,-0.1851101517677307,0.49374210834503174,0.03907840698957443,0.04652957245707512,-0.30035001039505005,0.38723450899124146,0.10925552994012833,-0.04625551775097847,-0.23380939662456512,0.5551291704177856,0.07914624363183975
0.24004676938056946,-0.1782883256673813,-0.33449023962020874,0.09335808455944061,-0.47916460037231445,0.23835395276546478,0.2475963830947876,-0.1258440762758255,-0.07194770127534866,-0.404651403427124,0.2706585228443146,-0.42925912141799927
0.4160185754299164,0.008953544311225414,-0.02394714020192623,0.049090832471847534,0.1955152451992035,-0.34363850951194763,-0.1541527807712555,-0.5994999408721924,-0.2349732518196106,0.283763587474823,0.3821532428264618,-0.051116038113832474
0.13971875607967377,0.1819673329591751,-0.014065288938581944,0.032504912465810776,-0.5542921423912048,0.12628288567066193,0.21299469470977783,-0.05766015499830246,0.18914830684661865,0.3262360095977783,0.18943020701408386,0.6294008493423462
0.024628523737192154,-0.1618337482213974,0.4182727634906769,-0.33308207988739014,-0.0731610506772995,0.15730534493923187,0.41336628794670105,-0.5090075135231018,-0.0489286370575428,0.027948427945375443,-0.4675942063331604,-0.07369052618741989
-0.06441061198711395,0.3705208897590637,0.40353089570999146,-0.07578705996274948,-0.5033314824104309,-0.16512541472911835,-0.26520466804504395,0.16555668413639069,-0.17534181475639343,0.2553958296775818,-0.001343562500551343,-0.46439412236213684
-0.26145535707473755,-0.31919753551483154,-0.0025951755233108997,-0.11012649536132812,0.0696202740073204,0.3124578893184662,-0.10583598911762238,-0.09740690141916275,0.5390013456344604,0.46530747413635254,0.3001064360141754,-0.31202074885368347
0.10010553151369095,0.2962237298488617,0.3351266086101532,-0.1411469578742981,0.05843321606516838,0.3492226004600525,-0.4486934542655945,-0.2433795928955078,0.2616918385028839,-0.505689799785614,0.19983318448066711,0.14117710292339325
-0.19710984826087952,0.247613325715065,-0.16493770480155945,-0.45474129915237427,0.1887378692626953,0.44620490074157715,0.12270853668451309,0.07605186104774475,-0.5522472858428955,0.14635413885116577,0.28715476393699646,0.037773504853248596
-0.5738584399223328,0.09541381895542145,-0.031212087720632553,0.6186210513114929,-0.07582613080739975,0.1900814324617386,-0.08924606442451477,-0.40873366594314575,-0.2325867861509323,0.010208304040133953,-0.07151535153388977,0.04112975299358368
-0.23417337238788605,0.6174185276031494,-0.30350616574287415,-0.15366734564304352,0.10091616213321686,-0.3019897937774658,0.34125250577926636,-0.20907077193260193,0.38196462392807007,-0.0918552577495575,0.006694313604384661,-0.17972931265830994
0.38564106822013855,0.3098777234554291,0.27048540115356445,0.4737716317176819,0.3228917121887207,0.34773147106170654,0.3555390536785126,0.19422253966331482,0.06769174337387085,0.16259722411632538,0.01979414001107216,-0.19213305413722992
