0.007991318590939045,0.24913790822029114,-0.175542950630188,-0.18288010358810425,-0.6751924157142639,0.32934898138046265,0.3212006688117981,-0.45395970344543457
0.05683833733201027,-0.03869793936610222,-0.044893428683280945,0.4794993996620178,-0.4171864688396454,-0.03509974852204323,-0.7548553943634033,-0.13511361181735992
0.008772684261202812,0.8751264810562134,-0.13170084357261658,0.20028918981552124,0.3661355674266815,-0.051184143871068954,-0.07603287696838379,-0.18482717871665955
-0.4241933822631836,-0.15959489345550537,-0.31767845153808594,0.4781775176525116,0.18995632231235504,0.628959596157074,0.14472387731075287,0.11133809387683868
0.13941702246665955,0.34210720658302307,0.06258521229028702,-0.16989563405513763,-0.28342047333717346,0.31333786249160767,-0.1195787712931633,0.7987110018730164
0.7831891775131226,-0.07490450143814087,0.16114017367362976,0.47533461451530457,0.04182804748415947,0.142844557762146,0.32691264152526855,-0.008393296971917152
-0.425868958234787,0.14784479141235352,0.5355658531188965,0.42740753293037415,-0.28785157203674316,-0.3218059837818146,0.3496355712413788,0.1364077627658844
-0.05002764239907265,0.024715762585401535,0.7295135855674744,-0.1743077039718628,0.1870744228363037,0.5195597410202026,-0.23850005865097046,-0.26924481987953186
