0.0966206043958664,-0.10135208070278168,-0.2118738293647766,0.6289112567901611,0.42819711565971375,-0.31045109033584595,-0.20588603615760803,0.4667440354824066
-0.0039633335545659065,-0.6360788345336914,0.3015347719192505,0.34219327569007874,-0.04973148554563522,-0.2555890679359436,0.3805711269378662,-0.4180121421813965
0.6262096762657166,0.019123302772641182,-0.1524541825056076,0.16285109519958496,-0.6793428659439087,-0.0464763268828392,0.17187415063381195,0.25402218103408813
0.014118438586592674,-0.23529672622680664,-0.629299521446228,-0.4686112701892853,0.1943294256925583,-0.3281005620956421,0.420580118894577,0.08075549453496933
-0.1634892076253891,0.6387302279472351,0.09561797231435776,0.27037644386291504,0.08900030702352524,-0.1107291653752327,0.6803348064422607,-0.003567660227417946
-0.2339312583208084,0.25776585936546326,-0.34083792567253113,0.15508921444416046,-0.3254525065422058,-0.5308037400245667,-0.3582407236099243,-0.471805214881897
0.03734589368104935,-0.04607744142413139,-0.5535176396369934,0.3594110608100891,0.08255375176668167,0.6431625485420227,0.0791507214307785,-0.3663126528263092
0.7179580926895142,0.22990824282169342,0.11503544449806213,-0.12216735631227493,0.4407363831996918,-0.1442624181509018,-0.0942922979593277,-0.42375385761260986
