-6.543860564534043e-08,-5.278880976788969e-08,9.874715800606282e-08,8.796344985739779e-08,1.0000019073486328,1.1489284190702165e-08,4.250515672765687e-08,1.660235255940279e-07
0.9999977350234985,1.9478368074032915e-07,1.0103108394332594e-07,9.396580935572274e-08,-6.026453114316155e-09,-1.026117502078705e-07,5.2379046877604196e-08,1.5497327865432453e-07
1.6151915360751445e-08,-3.19097530621093e-08,-6.749283443241438e-08,-7.635088650204125e-08,-2.092607189752016e-07,-2.8919654226911007e-08,0.9999991655349731,1.4452575136658652e-08
-1.5510509854266274e-07,1.6094618615625222e-07,-9.179987614515994e-08,-3.1912696840663557e-07,-4.4330544568538244e-08,1.8999955386789225e-07,3.207942356198146e-08,1.0000014305114746
-7.694879400332866e-08,-1.4395918412901665e-07,-9.068336481732331e-08,3.138140414193913e-07,1.5235375627753456e-08,1.0000003576278687,5.086951659905026e-08,2.78904419559467e-08
-9.906001707804535e-08,2.4381119345662228e-08,1.0000016689300537,-2.0707999226488027e-07,-1.5717841961304657e-07,8.106850302169732e-09,-6.676157227047952e-08,-8.063754108889043e-08
1.6731883933918112e-10,0.9999979734420776,3.7031546185062325e-07,1.0684730256116381e-07,1.1291339774288645e-07,9.716255533476215e-08,1.2655740988520847e-07,-4.534474840056646e-08
-1.8700838211316295e-07,1.9588907207435113e-07,1.389924335626347e-07,0.9999979734420776,-2.017927691611021e-08,1.6639654631944722e-07,1.9716584631623846e-07,1.118357673135506e-07
