-0.17961150407791138,0.15949931740760803,-0.2100137323141098,0.050782691687345505,0.1678837239742279,0.7561513781547546,0.12848351895809174,-0.528353750705719
-0.15362846851348877,-0.051957711577415466,-0.22903470695018768,0.48828253149986267,-0.13305461406707764,0.06071161478757858,0.7123852968215942,0.3923535645008087
-0.3054995536804199,-0.47430410981178284,-0.12958823144435883,-0.4127477705478668,0.326675146818161,-0.3459399342536926,0.40735360980033875,-0.3197212219238281
-0.21508470177650452,-0.35011735558509827,0.03831455111503601,0.5193921327590942,-0.4752427935600281,-0.20615534484386444,-0.2136780172586441,-0.4958915710449219
0.03155185282230377,-0.09815859794616699,0.442041277885437,0.5146424770355225,0.7230463624000549,-0.0462971106171608,-0.06197899580001831,-0.018180733546614647
-0.7322808504104614,0.28068438172340393,0.5652875304222107,-0.15241283178329468,-0.15707071125507355,0.04003000259399414,0.05291164293885231,0.11457090079784393
0.4763150215148926,0.30085310339927673,0.44630420207977295,-0.05109990015625954,-0.19307757914066315,-0.15070977807044983,0.5045350193977356,-0.407757043838501
-0.20109422504901886,0.6673702597618103,-0.41356801986694336,0.16785286366939545,0.19181524217128754,-0.48571375012397766,-0.05665280669927597,-0.19760508835315704
