-2.6032054734059784e-08,-9.081923479925536e-08,0.9999984502792358,-9.826986513417069e-08,3.354924729137565e-07,-1.6328000640442042e-07,1.8946954583043407e-07,1.7281693942550191e-07
1.110143514893025e-07,7.256213052642124e-08,2.2753360440219694e-07,1.0000017881393433,2.705989459172997e-07,2.3707707441644743e-07,-2.9040563731541624e-08,-9.116747889947874e-08
1.0281907236731058e-07,1.0000020265579224,-4.746651782738809e-08,-9.827168412357423e-08,1.449379709583809e-07,-6.593193546677867e-08,3.800026604494633e-08,6.7521220614708e-08
7.567621196358232e-08,1.1486111617386996e-08,3.9130544138288315e-08,-1.4991864816238376e-07,-4.041746493044229e-08,-1.207043567319488e-07,-3.571786777456509e-08,1.0
1.0000020265579224,1.8218801756120229e-07,5.013028570033384e-08,6.210494518654741e-08,1.079907860912499e-07,3.4986701535899556e-08,-1.0123360993929964e-07,7.197346718612607e-08
1.1974391611602186e-07,-1.7259752738141287e-08,5.6613576049358016e-08,-3.843284446247708e-08,1.000002384185791,-2.5385364921248765e-08,-7.252165090676499e-08,3.736403186849202e-08
-5.5125170206338225e-08,-9.80263621386257e-08,-1.1379955822121701e-07,-8.263664597052411e-08,1.2867791099324677e-07,1.0000019073486328,1.23313213862275e-07,-2.498710038878471e-08
5.455308027535466e-08,-3.412615612319314e-08,-6.553462839065105e-08,7.343632546508161e-08,8.071489077110527e-08,7.125239509520043e-09,1.0000005960464478,1.1653122911070568e-08
