0.31388118863105774,0.2588115334510803,0.3815465569496155,-0.07153281569480896,-0.052126191556453705,-0.37157317996025085,0.15354351699352264,0.29829272627830505,-0.01659218594431877,0.6558877229690552
0.14485442638397217,-0.20331087708473206,0.1479528546333313,0.1680203527212143,-0.00752946175634861,0.43293052911758423,-0.7527857422828674,0.1047559306025505,-0.1574832946062088,0.3124290108680725
0.19169989228248596,0.2564793527126312,-0.27427858114242554,0.1265176683664322,0.12477721273899078,0.3863106369972229,0.08399193733930588,0.07774850726127625,0.7734036445617676,0.17372025549411774
0.1472470611333847,-0.3059307634830475,0.6767975687980652,-0.1202869862318039,0.012624790892004967,0.464049369096756,0.3886798024177551,0.02432584948837757,0.08940289914608002,-0.19247214496135712
0.5643934011459351,-0.09002909809350967,0.16292473673820496,0.2786405086517334,-0.28593650460243225,-0.39537158608436584,-0.2457025647163391,-0.20076751708984375,0.2801913619041443,-0.38975515961647034
0.07337755709886551,-0.28610482811927795,-0.033861275762319565,0.11520365625619888,0.6574254631996155,-0.23884160816669464,-0.057386141270399094,0.5922848582267761,0.05686595290899277,-0.22751176357269287
0.1890452802181244,-0.3290920555591583,-0.3115847408771515,0.6324112415313721,-0.20856888592243195,0.11794475466012955,0.42480504512786865,0.09630480408668518,-0.27535465359687805,0.18965119123458862
-0.19018563628196716,0.6559467911720276,0.30488845705986023,0.5493983030319214,0.08001820743083954,0.12110291421413422,-0.018952123820781708,0.12367682158946991,-0.17603635787963867,-0.2665611207485199
0.4807650148868561,0.2863219976425171,-0.2790398895740509,-0.3784317076206207,-0.22492656111717224,0.24997234344482422,0.021741019561886787,0.40570369362831116,-0.3164266049861908,-0.2958718240261078
0.4417014718055725,0.14763829112052917,-0.060440920293331146,-0.01646575890481472,0.6058330535888672,0.07416937500238419,0.08158540725708008,-0.5595874786376953,-0.28302785754203796,0.082130067050457
