5.181246365282277e-08,-4.539300135775193e-08,-1.5523504259817855e-07,-1.4028664452325756e-07,5.2321503574148664e-08,0.9999986886978149,3.924881752936926e-08,-1.243960312535819e-08
-5.4217899503328226e-08,1.2838737006859446e-07,-5.8388639700979184e-08,8.191220501885255e-08,3.333501865654398e-07,7.557147796433128e-09,1.0000020265579224,-3.696116266382887e-07
0.999999463558197,-5.2143377615720965e-08,5.1664002853613056e-08,-2.3420223538295204e-09,-1.1460832638476859e-07,1.4895660171987402e-07,-1.643497711256714e-07,-9.524622157641716e-08
-5.959061510907304e-08,1.0000019073486328,1.8093416542797058e-07,-1.1090897800158928e-07,4.716348200872744e-09,-6.469294078215171e-08,-1.0410953166228865e-07,6.007130082252843e-08
-1.1807744471070691e-07,8.567920417590358e-08,0.9999989867210388,-3.4193461395659597e-09,6.808338781638668e-08,-7.953650538183865e-08,4.2552173340482113e-07,6.858968504275254e-08
8.181505251059207e-08,-2.4660394615239056e-07,1.6460323593037174e-07,6.367204719026631e-08,3.3047179215373035e-08,6.50114202471741e-08,1.6302990957228758e-07,0.9999979734420776
7.823397396578002e-08,7.830351478332886e-08,2.3657632652884786e-07,0.999997615814209,2.5081716703567736e-09,-1.1155656665096103e-07,-5.007828818293092e-08,2.0357063590381586e-08
-2.446687403789838e-07,-2.0012299373206588e-08,5.769084410189862e-08,1.9412362917137216e-07,0.9999983906745911,-6.154887444154156e-08,1.583491098244849e-07,2.4436022272311675e-07
