3.428485939593884e-08,1.0,2.6310496537007566e-07,2.8232790327820112e-08,-3.56908849141746e-08,-6.752792103270622e-08,1.8805693002832413e-07,-4.439856482463256e-08
-2.340390352628674e-07,8.160747455576711e-08,1.8218750952314622e-08,1.0291455510014202e-07,7.498332621480586e-09,2.645152008540208e-08,0.9999988079071045,5.0810463392281235e-08
2.166441674944508e-07,1.6241575195863334e-08,0.9999990463256836,-5.305077266370972e-08,-1.004413263672177e-07,-3.855747721104308e-08,1.2998873444303172e-07,2.2270592126005795e-07
2.98111224594777e-08,8.870780732195271e-08,-6.490652282309384e-08,1.0000020265579224,1.4951268667573459e-07,-2.502290499251103e-07,1.9270869699994364e-07,2.087342032552897e-08
6.277638675555863e-08,1.5604655345669016e-07,1.3470237547608122e-07,-5.921083001680927e-08,2.498812818885199e-07,1.0739071854004578e-07,-1.3264062737050608e-08,1.0000005960464478
1.0000017881393433,-7.085436237730391e-08,5.6783356683354214e-08,4.501929851130626e-08,1.2307503993724822e-07,3.5560961464398133e-07,-1.8571257953681197e-07,7.189261630458077e-09
8.2752265484487e-08,1.3285966815601569e-07,-4.2113935450061035e-08,-1.2323849318818247e-07,1.000001311302185,4.542344100855189e-08,-1.0194077759706488e-07,1.5767058414439816e-07
-5.617604514895902e-08,-1.3738436166477186e-07,-9.217871621558515e-08,1.338971173936443e-07,6.307210043132727e-08,0.999997615814209,2.427473475563602e-07,-6.113394590556709e-08
