0.4745262861251831,0.19604146480560303,0.7321048974990845,0.20789878070354462,-0.14435884356498718,0.3192923367023468,-0.18413874506950378,-0.02234693616628647
-0.11635075509548187,-0.2959681749343872,0.02961064502596855,0.06195119768381119,0.5773261785507202,0.07954086363315582,-0.7443897724151611,0.0201149620115757
0.06393338739871979,0.485836386680603,-0.06571465730667114,-0.39935314655303955,0.17715293169021606,-0.026103727519512177,-0.12442005425691605,-0.7406262755393982
0.6002020239830017,-0.22920918464660645,-0.11792968958616257,-0.6891112923622131,0.08358467370271683,0.0334307961165905,0.011791860684752464,0.30032703280448914
0.07084868103265762,0.017183883115649223,0.06483932584524155,0.15402641892433167,0.7244313955307007,0.30329060554504395,0.5915256142616272,-0.008199578151106834
0.11761253327131271,0.6108996868133545,-0.49460265040397644,0.1678280234336853,0.002607950707897544,0.37985479831695557,-0.21390314400196075,0.38745206594467163
-0.06295020878314972,-0.41625791788101196,-0.23359957337379456,-0.02371118776500225,-0.28744545578956604,0.7534180283546448,0.012398526072502136,-0.3423694968223572
-0.6116717457771301,0.1965484470129013,0.3761853277683258,-0.5158786177635193,-0.0072820717468857765,0.2932784855365753,0.023419246077537537,0.3049044907093048
