-0.34579959511756897,0.031195880845189095,-0.18103864789009094,0.3817110061645508,-0.4213152229785919,0.38032281398773193,-0.1675158143043518,-0.08970954269170761,-0.16142314672470093,0.19301758706569672,-0.18970179557800293,0.15978462994098663,0.3671053349971771,0.21474140882492065,-0.19216515123844147,0.008531260304152966
0.2927813231945038,-0.19250793755054474,-0.23594896495342255,-0.16880102455615997,-0.013136884197592735,-0.11462975293397903,0.39038851857185364,-0.12369558215141296,-0.17031081020832062,0.15364894270896912,-0.18595729768276215,-0.3270522356033325,0.3986802101135254,0.011714803986251354,-0.18898043036460876,-0.4723176956176758
-0.2941376864910126,-0.1829991340637207,-0.080830417573452,-0.450968861579895,0.23568925261497498,0.08354926854372025,-0.06246521323919296,0.34673818945884705,0.2826728820800781,-0.010673961602151394,-0.08446882665157318,0.22823865711688995,-0.019432803615927696,0.48357710242271423,-0.25974878668785095,-0.20612871646881104
0.10916999727487564,0.12026599794626236,-0.11040140688419342,0.03943602740764618,-0.5012220144271851,0.2351435273885727,0.30133184790611267,0.30948615074157715,0.48067983984947205,0.18702539801597595,-0.06848272681236267,-0.13884517550468445,-0.374530166387558,-0.12765932083129883,0.034513574093580246,-0.137899249792099
0.3446332514286041,-0.5811220407485962,-0.28208860754966736,0.06357502937316895,-0.016463370993733406,0.05204596370458603,-0.38210487365722656,-0.06110220029950142,0.12707233428955078,0.3215789496898651,0.30282825231552124,0.26034337282180786,-0.05584890395402908,-0.1430237740278244,0.043218642473220825,-0.05199996009469032
0.20351286232471466,-0.013425345532596111,0.17883048951625824,-0.14215469360351562,-0.14944888651371002,0.08928567171096802,0.2225576490163803,-0.23270997405052185,0.40826451778411865,-0.025167787447571754,0.3217522203922272,-0.025447135791182518,0.445528507232666,0.3662121891975403,0.1696595698595047,0.3732898235321045
-0.13157854974269867,-0.06726419180631638,0.2287842333316803,0.4282981753349304,0.3773341774940491,0.05294087156653404,-0.009544518776237965,-0.19282370805740356,0.5734907984733582,-0.07913858443498611,-0.19316507875919342,0.01836387999355793,0.19420959055423737,-0.23944644629955292,-0.02835898846387863,-0.30210182070732117
0.08542343974113464,0.3202272355556488,-0.2418830245733261,-0.19340234994888306,0.401806503534317,0.27143895626068115,-0.14156968891620636,0.17623022198677063,0.0639127790927887,0.45529642701148987,-0.24279728531837463,-0.14897295832633972,0.22249898314476013,-0.2003287374973297,0.1737486571073532,0.3093041181564331
0.15338611602783203,-0.2194996029138565,0.008787833154201508,-0.12557020783424377,0.07298940420150757,0.3545568883419037,0.20189614593982697,-0.4472741484642029,-0.08481991291046143,-0.08850053697824478,-0.5263978242874146,0.22749075293540955,-0.3319884240627289,0.14817671477794647,0.2322450876235962,0.10300595313310623
0.272330105304718,-0.12954559922218323,-0.14953258633613586,0.2318701148033142,-0.1136724054813385,-0.48606523871421814,-0.05678047239780426,0.3364574611186981,0.13249419629573822,-0.18855498731136322,-0.5065625309944153,0.132263645529747,0.14732639491558075,0.11015895754098892,-0.001600806717760861,0.325996994972229
0.19639116525650024,0.11134673655033112,-0.34960779547691345,-0.010216834954917431,0.02521868236362934,0.3886503279209137,-0.07539278268814087,0.21272635459899902,-0.03871630132198334,-0.6729675531387329,0.12250291556119919,0.09003906697034836,0.2089652121067047,-0.11103059351444244,0.23113207519054413,-0.19278056919574738
0.42068687081336975,0.07724101096391678,0.10425544530153275,0.44102439284324646,0.332291841506958,0.2713688313961029,0.13916024565696716,0.19260938465595245,-0.147629976272583,0.04177342727780342,0.15151499211788177,-0.08441851288080215,-0.19042329490184784,0.35674673318862915,-0.3848528563976288,0.07679338753223419
0.00679008848965168,-0.4125193655490875,0.36875519156455994,-0.19191917777061462,-0.13465048372745514,0.3070148825645447,-0.2209450751543045,0.14683081209659576,-0.028341567143797874,-0.2033286690711975,-0.14918990433216095,-0.430352121591568,0.07559178024530411,-0.2574760615825653,-0.30434030294418335,0.24488012492656708
-0.24125704169273376,-0.3868001699447632,0.1923009306192398,0.1638203114271164,0.1143643781542778,0.09314707666635513,0.4717305302619934,0.4314231276512146,-0.23603728413581848,0.13885203003883362,0.0891910269856453,0.16410544514656067,0.1501939296722412,-0.11168701946735382,0.3872901499271393,0.05519908294081688
-0.008084517903625965,0.07662127166986465,-0.12861837446689606,-0.13889166712760925,0.02280004881322384,0.02025403454899788,0.369451105594635,-0.08492343127727509,0.03150976449251175,-0.06741425395011902,0.08441177755594254,0.48155325651168823,0.0700516402721405,-0.4421888291835785,-0.5456476211547852,0.26621511578559875
0.3740502595901489,0.2451089471578598,0.5704333782196045,-0.16935676336288452,-0.1675693541765213,0.05266815796494484,-0.179682657122612,0.15495441854000092,-0.11236348003149033,0.15249809622764587,-0.13082726299762726,0.4203236401081085,0.17824487388134003,-0.059893637895584106,0.03509770333766937,-0.3041796386241913
