0.20215359330177307,-0.27182379364967346,0.4307909309864044,0.23119059205055237,-0.3330930471420288,0.32150453329086304,-0.3706163763999939,-0.542718231678009
0.45527148246765137,0.6765299439430237,0.13626283407211304,0.326765775680542,-0.004897807724773884,0.18348301947116852,-0.23297379910945892,0.3488917350769043
-0.0524357371032238,0.04195942357182503,-0.2253209948539734,-0.09005670994520187,0.7306712865829468,0.09372209757566452,-0.5708869099617004,-0.26083746552467346
0.5100345611572266,-0.3613293766975403,-0.5790866613388062,-0.06939491629600525,-0.06294486671686172,0.48544710874557495,0.10207240283489227,0.13823775947093964
0.3518466055393219,-0.4529273211956024,0.46458545327186584,-0.2654976546764374,0.20121780037879944,-0.2572579085826874,-0.21232469379901886,0.4826796054840088
0.32840725779533386,0.34489694237709045,-0.0305680800229311,-0.7659617066383362,-0.23304173350334167,-0.16278482973575592,-0.05086994171142578,-0.31963634490966797
-0.08431076258420944,0.10714799910783768,0.43781864643096924,-0.26485195755958557,0.36343762278556824,0.6104811429977417,0.46263957023620605,-0.02771168388426304
-0.5002197027206421,0.0228639617562294,-0.03579369932413101,-0.31546294689178467,-0.3525632917881012,0.39135220646858215,-0.45861726999282837,0.4008368253707886
