-0.006589065305888653,-0.25679871439933777,-0.1910066455602646,0.45260435342788696,0.018614042550325394,0.2036450058221817,-0.8001437783241272,0.10310601443052292
-0.05974184721708298,0.3247795104980469,0.2987930178642273,-0.6707974076271057,0.2603263854980469,0.2024751454591751,-0.4896359443664551,0.0565146766602993
-0.4502366781234741,0.037044838070869446,-0.23597197234630585,-0.02048984169960022,0.02427096478641033,0.3137209415435791,0.013831918127834797,-0.8003819584846497
0.1245230883359909,0.7584079504013062,-0.40774011611938477,0.18972371518611908,0.08933789283037186,-0.4113571345806122,-0.15280087292194366,-0.08075970411300659
0.4098527133464813,-0.3559091091156006,-0.6801349520683289,-0.46971526741981506,0.1377878487110138,-0.034643858671188354,-0.003761050058528781,-0.043946754187345505
0.1357486993074417,-0.21101997792720795,0.2708171010017395,-0.16411669552326202,-0.46240904927253723,-0.5969635248184204,-0.3070519268512726,-0.4150872528553009
-0.4714365005493164,-0.282605916261673,0.008877444081008434,0.011390806175768375,0.6389038562774658,-0.5346056818962097,-0.014719883911311626,0.05878050625324249
-0.6078706383705139,0.030869243666529655,-0.34102651476860046,-0.24712522327899933,-0.5313263535499573,-0.08079469949007034,-0.04444142431020737,0.4016949534416199
