4.637958284092747e-08,2.7306908734203716e-08,-1.5670975983539392e-07,2.9199040341154614e-07,-6.83031373682752e-08,-1.0882575196546895e-07,1.0000019073486328,-2.538296257625916e-07
-9.686115731710743e-08,1.0000017881393433,-6.66391386516807e-08,1.9788753036209528e-07,-1.1434965330181512e-07,-8.636114046112198e-08,-2.074339588986618e-09,6.470245672574038e-09
-9.279558099706264e-08,-1.7794697271256155e-07,0.999997615814209,7.621097353194273e-08,-1.5092365401869756e-07,-4.166265110683298e-09,-7.303147242510022e-08,5.2761130575618154e-08
-2.422262035395306e-08,-2.2031116486687097e-07,-1.415475310295733e-07,1.744302124961905e-07,-8.58581472584774e-08,1.0000015497207642,-1.4753945265510993e-07,1.9532166106728255e-07
2.84947692108517e-08,-2.5070977471841616e-07,-7.491049558439045e-08,1.0000007152557373,1.1328208415761765e-07,-8.191683065206234e-08,2.9183672722865595e-07,3.0067511147535697e-07
2.4531746589673276e-07,-8.447830168734072e-08,7.440965532623522e-08,-3.069420415613422e-07,5.3374517250404097e-08,1.0984342324604768e-08,1.352960623535182e-07,1.0000003576278687
1.0000020265579224,-1.0160265162539872e-07,6.754355297289294e-08,-2.817405686528218e-07,5.9517802242226026e-08,-1.5870037728404895e-08,-3.933710956971481e-08,7.594377393616014e-08
1.2345036282113142e-07,-3.3330774584783285e-08,5.310486272946946e-08,2.331677109168595e-07,0.9999992847442627,-1.0359434554629843e-07,-6.264694007995786e-08,1.288832152113173e-09
