-6.390366991126939e-08,1.000001072883606,-1.2956133943475834e-08,-1.0004016814946226e-07,-1.0311740794577418e-07,1.9857037614201545e-07,-1.240719029738102e-07,-5.8071218944633074e-08
0.9999980330467224,5.448304918331814e-09,-2.5755497290447238e-08,-1.1911232888905943e-07,1.199117960481999e-08,7.208736718666842e-08,8.35157649703433e-08,6.283423914510422e-08
-1.0970596653336884e-09,-4.0572480486389395e-08,8.508802551432382e-08,-3.166557860367902e-08,-3.255377478694754e-08,-3.423929229029454e-08,0.9999995231628418,-1.9773738202388813e-08
5.2477890477575784e-08,6.335991287187426e-08,-2.2970905888541893e-07,-1.391843511555635e-07,1.0000020265579224,-6.287701381779698e-08,1.112207996811776e-07,-1.6345599362921348e-07
1.0152589879908192e-07,1.4041476958936983e-07,-1.1720950254812124e-07,0.999998152256012,2.479423244494683e-07,-1.0171600450803453e-07,1.6930767898770682e-08,-4.330015812570309e-08
1.999244858552629e-08,-3.369144110365596e-07,2.326972179389486e-07,6.354451898005209e-08,-2.233477971458342e-07,1.0000005960464478,-8.618616931244105e-08,-8.161228493008821e-08
-3.9865051348897396e-07,1.863541569946392e-07,1.0000015497207642,-1.505673097312865e-08,4.227380401289338e-08,-5.631291699614849e-08,4.340769876876038e-08,-2.0359027530503226e-07
-1.0414630935429159e-07,1.352013612176961e-07,-2.0153721891347232e-07,1.604183808012749e-07,1.183041220542691e-07,-6.4223413254183015e-09,1.1237381869477758e-07,1.0000027418136597
