0.17631429433822632,-0.41083166003227234,-0.0010293906088918447,0.7189524173736572,0.02673131413757801,-0.05083683505654335,-0.47978073358535767,-0.22304292023181915
-0.4082271158695221,0.4910820424556732,0.09757205843925476,0.49566081166267395,-0.4612696170806885,-0.3065188527107239,0.12041985988616943,0.12556195259094238
0.21911053359508514,-0.15685896575450897,0.4172653257846832,0.03976018354296684,-0.5393826365470886,0.463500440120697,0.35522639751434326,-0.3460353910923004
0.2347373217344284,0.5638089776039124,-0.4334317445755005,0.1056557148694992,0.15659666061401367,0.1520944982767105,0.041399165987968445,-0.6153225302696228
0.49036550521850586,0.32425811886787415,0.6532036066055298,-0.06628050655126572,0.20366519689559937,-0.4058293104171753,-0.12332774698734283,-0.044096652418375015
-0.573083758354187,-0.016209598630666733,0.4110070765018463,0.14912648499011993,0.571287989616394,0.19779783487319946,0.17225207388401031,-0.2915123999118805
-0.1749945431947708,-0.3382904827594757,-0.0886588990688324,-0.24837598204612732,-0.1602005958557129,-0.6560136079788208,0.16893044114112854,-0.548479437828064
0.3156653940677643,-0.16651208698749542,-0.1582469642162323,0.3692699372768402,0.27846863865852356,-0.17697657644748688,0.7443052530288696,0.21992719173431396
