-0.4081491231918335,0.2798372805118561,-0.21739237010478973,-0.27076828479766846,-0.2649688124656677,-0.33997324109077454,0.08225613087415695,-0.3345811367034912,0.48654311895370483,0.2965613007545471,-0.03644872084259987,-0.0634663850069046
-0.32081180810928345,-0.05620454624295235,0.056316569447517395,-0.2728927731513977,-0.026388229802250862,0.02336008846759796,-0.38866129517555237,0.538551390171051,0.13662682473659515,0.022436242550611496,-0.0244331955909729,0.5951249003410339
0.29556775093078613,0.07788906991481781,-0.22435729205608368,0.034860171377658844,0.5000373721122742,-0.3303277790546417,0.0027876156382262707,0.4486515522003174,0.31601157784461975,0.16130946576595306,-0.32043540477752686,-0.25692442059516907
-0.26396772265434265,-0.41921108961105347,0.12167932093143463,0.12594187259674072,0.10712068527936935,-0.1557924747467041,0.7456436157226562,0.10568908601999283,-0.05017462000250816,0.19298973679542542,-0.1007685661315918,0.2666401267051697
-0.3355042040348053,0.1973971724510193,-0.31546735763549805,-0.2905418276786804,0.3387405276298523,-0.08918408304452896,0.2191418707370758,0.033116135746240616,-0.18462644517421722,-0.661702036857605,0.13050884008407593,-0.0612320601940155
0.33234259486198425,0.11936496198177338,-0.013023804873228073,-0.3252151608467102,0.1784835010766983,0.3507441580295563,0.15797023475170135,-0.363687664270401,0.1586356908082962,-0.08738920092582703,-0.502048134803772,0.415222704410553
0.0014971421333029866,-0.3990298807621002,0.25791800022125244,-0.3519798517227173,0.43442264199256897,-0.3842799961566925,-0.32103079557418823,-0.3907083570957184,-0.16771772503852844,0.13009148836135864,0.11472492665052414,-0.006119330879300833
0.04853477329015732,-0.16720767319202423,-0.6825658082962036,-0.12512816488742828,-0.19821345806121826,-0.053806863725185394,-0.08902867883443832,0.0033377595245838165,-0.5499508380889893,0.28628718852996826,-0.2246546447277069,0.05598565563559532
-0.03558632358908653,0.39727240800857544,-0.19586995244026184,0.3783726096153259,0.4453373849391937,0.06833210587501526,-0.02376513183116913,-0.1736069619655609,-0.08111251890659332,0.330485463142395,0.3958011269569397,0.39143064618110657
-0.08726813644170761,-0.41996780037879944,-0.30233410000801086,-0.1957591474056244,0.18290451169013977,0.5886011123657227,0.019734367728233337,0.020841175690293312,0.3403608500957489,0.1623343676328659,0.3254033625125885,-0.23972587287425995
-0.5662199258804321,0.13504420220851898,0.2004380226135254,0.15328307449817657,0.24725355207920074,0.32000425457954407,-0.16719093918800354,-0.04277099296450615,-0.20382773876190186,0.1767992228269577,-0.49523404240608215,-0.2934402525424957
0.13636358082294464,0.3793349862098694,0.2870084047317505,-0.5481131076812744,-0.0074861915782094,0.12417414784431458,0.27075889706611633,0.2590944766998291,-0.2973685562610626,0.37024444341659546,0.2114696204662323,-0.16901174187660217
