1.0000005960464478,6.268121666153093e-08,8.724342137611529e-08,4.113930529570098e-09,1.0030599462140799e-08,-1.1974672986525547e-07,6.120836104628324e-08,2.3574463270392698e-08
-7.305796856371671e-08,1.1902393737273087e-07,5.2979974185518586e-08,-2.0721091686937143e-07,6.448313172313647e-08,5.0133273532537714e-08,1.0000017881393433,-2.2467639837486786e-07
-4.15191827585204e-08,3.979312168667093e-08,-1.6665378410607445e-08,8.128410655672269e-08,1.0000020265579224,-8.146460395153099e-09,4.716461887710466e-08,-1.6024335991460248e-07
-7.246766386970194e-08,-7.468980811609072e-08,-6.791098172698184e-08,0.999998152256012,-7.561529002941825e-08,-5.2040778797390885e-08,-5.240897849034809e-08,9.96024809296614e-08
-5.135086666996358e-08,-1.4027419581452705e-07,2.8557318287880662e-08,3.546663407405504e-08,-1.5833482791549613e-07,0.9999988675117493,-2.531093628022063e-07,-2.0493519059527898e-07
2.7579892503126757e-07,-1.1195938398600447e-08,0.9999976754188538,-3.967617701050585e-08,2.1648025949616567e-07,-8.46229966100509e-08,2.3823444905701763e-07,-1.3900167061819957e-07
-1.6625840260076075e-08,0.9999982714653015,-1.9553670682626034e-08,-6.78606468795806e-08,-1.2440493435406097e-07,7.273249025274708e-08,-5.553226856136462e-08,-3.71344270888585e-08
1.2620068901014747e-07,8.579324628499307e-08,-4.685548660177119e-08,-1.328560443880633e-07,-3.999536772880674e-07,-3.367395606801438e-08,7.044427263735997e-08,1.0000003576278687
