2.0888297314058946e-08,0.9999980330467224,8.787832683765373e-08,-6.507167427116656e-08,9.532206490803219e-08,-1.6428410631874613e-08,-1.9839239584484858e-08,5.7134744935183335e-08,6.366155247405914e-08,-9.182107874039502e-08,-3.059615849565489e-08,8.039020005234931e-10,6.117717532561073e-08,1.658414916505535e-08,1.0534162697695137e-07,2.3822586570076965e-08
7.747978258976218e-08,-5.63630564442974e-08,1.0000011920928955,-6.742151015259878e-08,-8.329475065238512e-08,-1.136376894805835e-07,-1.7631920457006345e-07,-5.2978794684577224e-08,-1.5776970840875038e-08,3.6199782726953345e-08,1.646017864231908e-07,8.641232085437878e-08,7.903879861714813e-08,7.920830569219106e-08,2.4622227101644967e-07,2.445665927552909e-07
-9.40379791813939e-08,1.9235928405691993e-08,-2.791355200315593e-07,6.514420647363295e-08,2.0848903048431566e-08,-6.604580704561158e-08,-1.0027940078316533e-07,6.793652573833242e-08,-5.484040244141397e-08,-3.946350091155182e-08,1.0000026226043701,1.0576292908126561e-07,6.968119414807461e-10,6.736537017104638e-08,-6.828417298265776e-08,1.0081639345571602e-07
0.9999975562095642,-1.4415159910186048e-07,3.439770921431773e-07,7.857696715518614e-08,1.6971621619177313e-07,6.314354550340795e-08,-2.492671455911477e-07,1.2293780571326351e-07,-1.1201293403928503e-07,-6.929181495252124e-08,3.2850397957417954e-08,-9.53882093313041e-08,7.182101313674139e-08,3.7154464394006936e-08,-5.3397062771409765e-08,-3.6625812072088593e-07
1.8682678160075739e-07,1.5378878970295773e-07,2.3963721673680993e-07,-2.5712810725053714e-07,-3.030497168765578e-07,-2.2873462057759752e-07,6.908864946808535e-08,-5.11860100971262e-08,-2.6087255378115515e-07,1.471168342703777e-08,-1.3308202539974445e-07,1.0000007152557373,-6.726651946564743e-08,-6.608197367086177e-08,1.4362311162585684e-07,9.861728500482059e-08
1.1022141421790366e-08,8.86886368789419e-08,3.9681381736045296e-08,5.212097775597613e-08,1.2747610966812317e-08,-8.387699068634902e-08,6.746595460072058e-08,1.7703384003198153e-07,-2.847089319857332e-07,1.8845708993353583e-08,3.030440041129623e-07,-4.8440966793350526e-08,8.391693739895345e-08,-1.2772795798809966e-07,-7.751504682573795e-08,0.9999988079071045
-1.5864536351273273e-07,1.1305860248000954e-08,2.5806562575780845e-07,-6.339922720144386e-08,-3.255318503647686e-08,-7.547998137624745e-08,-5.839024908027568e-08,-2.187674539300133e-07,2.231670208630021e-07,1.0000015497207642,-1.007917802553493e-07,1.167410914604261e-07,-1.8147144942304294e-07,-4.7762533483819425e-08,8.512071936195298e-09,-2.9513219601540186e-07
-9.352565655262879e-08,-1.162444807079055e-08,-2.8707389798654503e-09,7.18720229997416e-08,1.5264220110111637e-07,1.0000019073486328,-4.500845918187224e-08,-1.2294839280002634e-07,1.0329425492727751e-07,-8.11026765745737e-08,-1.9418094154843857e-07,-7.054751449686592e-08,1.0285717166880204e-07,-1.062415861952104e-07,-7.853621042386294e-08,1.1912889341658683e-08
1.0131552841130542e-07,-1.1976598557339457e-07,1.2352974465557054e-07,3.773443424393008e-08,6.868123136882787e-08,-3.869913101084421e-08,5.239215283836529e-08,2.9990340522090264e-07,-1.5841075651223946e-07,-2.9697590164801113e-08,-1.2163783935648098e-07,4.791658980707325e-08,1.0000027418136597,-1.0296663077724588e-07,2.1636299152305583e-07,2.7819629622172215e-07
-3.448142749107319e-08,-1.4430206363158504e-07,-9.71102096514187e-08,1.0846355280591524e-07,-2.73652290161408e-07,5.064290675704797e-08,-1.3479953508976905e-07,-2.201027342607631e-07,0.9999984502792358,-1.3166798318309247e-08,6.544724584500727e-08,9.276047308048874e-08,2.0830368896440632e-07,-1.2005240535017947e-07,6.808156882698313e-08,-1.2269691929134297e-08
4.899327521457053e-08,1.2333927656982269e-07,1.3540743282192125e-07,-1.0955135820722717e-07,-2.2711988734158695e-08,-7.129337120659329e-08,1.0000029802322388,1.8836412607470265e-07,-5.9114167783036464e-08,8.033216403191545e-08,-1.6405471114921966e-07,-4.843407452881365e-08,1.3734535286857863e-08,-1.931629611817698e-08,1.981536357220648e-08,1.0146991513693138e-07
-1.0515835668911677e-07,-3.2630970281388727e-07,2.1477657696777896e-07,8.227840453400859e-08,-4.01485266365853e-07,3.174358198521077e-08,-1.608870832114917e-07,1.0000020265579224,4.7018762217021504e-08,-4.9106585464642194e-08,-1.2681742589393252e-07,-1.7464454771243254e-08,2.046980540626464e-07,-1.5328701863381866e-08,1.4065270192986645e-07,-8.151045172155591e-09
-1.6008038983272854e-07,-3.7355018633888903e-08,2.537525034540522e-08,1.0000003576278687,3.4922848612950474e-07,-1.5522860508099257e-07,4.745211512613423e-08,1.1762016072225379e-07,-2.723123486703116e-07,-1.1733035654160062e-09,1.7095846516212987e-08,2.168061570273494e-07,-3.051717101243412e-08,-2.542091692703252e-07,7.247854938441378e-08,-3.851836893886684e-08
-7.025663251170045e-08,-8.23406267613791e-08,-1.5396305741433025e-07,6.693802845347818e-08,9.174773651920987e-08,9.020195079756377e-08,-3.471464182780437e-08,3.034705997606579e-08,1.2209663680096128e-07,8.715986865581726e-08,-9.670440448417139e-08,-1.3917843944000197e-07,-4.092554917178859e-08,0.9999986886978149,5.895483567996962e-08,3.1398592170717166e-08
-1.0726402877025976e-07,2.9300889536898467e-07,2.0739197736929782e-07,1.134187073148496e-07,0.9999986886978149,4.8192767110322166e-08,-8.897301739807517e-08,5.59970843028168e-08,-1.9082759195043764e-07,-1.6275693326406326e-07,-2.170457520378477e-07,-1.7441448108002078e-07,-8.845434962267973e-08,-4.412494902794606e-08,-8.300681741957305e-08,8.170565735099444e-08
-6.478729375203329e-08,1.07466471277462e-08,-6.065583590952883e-08,8.493731229464174e-08,-2.843778368344374e-08,-4.9891706765947674e-08,-2.0820893098516535e-07,6.290855480983737e-08,-4.040645151803801e-08,2.0640148079564824e-07,3.503097332213656e-07,6.744183878026888e-08,9.143182211346357e-08,9.299311898303131e-08,1.0000026226043701,-2.1392096982708608e-07
