-3.531675929480116e-08,1.0413918261065191e-07,-1.2856412467954215e-07,1.1344390316025965e-07,2.8255985284886265e-07,3.731331688072714e-08,-7.704817761577942e-08,8.829440645286013e-08,-1.0086641566431354e-07,-1.0974511610584159e-07,-2.5593395847067768e-08,-2.714408253723377e-07,-3.199204456905136e-07,0.9999990463256836,1.7144741093488847e-07,-1.0777791459304353e-07
1.0000027418136597,1.0685701212764798e-08,-2.420360658561549e-07,-6.224604476301465e-08,-6.772997807047432e-08,-5.939028824286652e-08,1.3818129218634567e-07,-7.9653723616957e-08,-4.3864410770311224e-08,2.3629272050129657e-07,-4.40039293891914e-08,-1.4708705009525147e-07,-1.5322831359299016e-07,-6.843944078127606e-08,-1.0888823176458118e-08,-9.561552616332847e-08
-1.659404702536449e-08,-1.2413954664225457e-07,-9.528805833269871e-08,-3.246451285576768e-07,0.9999988675117493,-2.2624318418706935e-08,2.6083922577413432e-08,-3.594371733584012e-08,-2.0448311488507898e-08,2.9409557100734673e-07,8.475700497001526e-08,2.781798968953808e-07,-2.2304600122424745e-07,5.071845166071398e-08,-9.498546660324791e-08,5.434205263554759e-08
2.59541280911435e-07,9.826273128510365e-08,-2.005248234127066e-07,6.968836885334895e-08,-5.8005255709758785e-08,3.2159164220502134e-08,1.982374442377477e-07,-9.324271132982176e-08,-2.6802734964803676e-07,-3.054745150166127e-07,-1.3135125698227057e-07,1.0000017881393433,9.19531899512549e-08,1.5038055778404669e-07,-1.0204818323700238e-07,-1.6956477111307322e-08
-1.573427965695373e-07,-2.807546728433863e-08,-2.6721975743271287e-09,-1.5196096114777902e-07,2.207130620490716e-07,2.1326936661125728e-08,7.777467203595734e-08,-8.429973519241685e-08,5.0521805405878695e-08,1.5922401530588104e-07,3.683627767259168e-07,1.92126918818758e-08,-4.94392899952345e-08,4.471620940194043e-08,0.9999979734420776,1.0624869872799536e-07
-6.370366634200764e-08,4.4764109929928964e-07,0.9999976754188538,-2.311825681999835e-07,6.273664610034757e-08,8.30775306326359e-08,8.720211752688556e-08,2.1727157673012698e-07,6.179620726243229e-08,-2.3196076170961533e-08,-2.6044645551337453e-07,9.858831617748365e-08,-3.552280958274423e-08,5.020756361773238e-07,-2.9214811547717545e-07,2.168003589986256e-07
2.148036344351567e-07,1.0000026226043701,-7.80244633347138e-08,-9.068283901569885e-08,-2.118239450510373e-07,2.6049752932522097e-07,-7.74001094328014e-08,-9.010454959934577e-08,4.914205220529766e-08,-1.0997759147812758e-07,8.417676156113885e-08,1.4164386641368765e-07,-1.631302239957222e-07,7.092145182241438e-08,5.449766504739273e-08,-5.4485060019260345e-08
-7.780569433180062e-08,-4.477660908719372e-08,5.1815003843103113e-08,1.900672828014649e-07,1.7092057191803178e-07,-2.8407617946868413e-07,9.056635974502569e-08,9.59696109248398e-08,3.332089093532886e-08,-3.1049228255142225e-07,7.530671553013235e-08,-5.311700945753728e-08,1.5983809831254803e-08,-2.9816970936735743e-07,-6.756098969162849e-08,0.9999983310699463
2.7344449904376233e-07,3.2378835612689727e-07,4.4668482246379426e-08,-1.2945022831445385e-07,-8.012557728420688e-09,-2.7968463101046837e-08,-1.0495796942677771e-07,-1.0807620043351562e-07,-8.812693153004147e-08,1.247564629380804e-08,1.0269134520513035e-07,-2.4368753770431795e-07,1.0000009536743164,2.195220538681042e-08,-6.824998166621299e-08,9.482208795930092e-09
-1.4278650262156134e-08,1.4797302583247074e-07,-8.377077165278024e-08,4.639569084474715e-08,4.745253789906201e-08,8.586842170643649e-08,-4.673061084758956e-07,-1.1064088312195963e-07,1.000001311302185,-1.4250004198856914e-07,3.3551381761753873e-07,-1.5204062009388508e-08,-1.185466835806892e-08,-3.585209356060659e-07,1.411127641404164e-07,-1.9902579140307353e-07
-1.8311607163923327e-07,3.3924807407714752e-09,3.3569737212246764e-08,6.816591024971785e-08,2.3317474173722985e-08,9.720779736710483e-09,-8.629317704844652e-08,-1.8611220298225817e-07,1.862186138623656e-07,-6.908487648615846e-08,0.9999997019767761,-1.0338728628767058e-07,3.339765797250038e-08,-2.682152739907906e-07,-1.218839997818577e-07,-8.713902843737742e-08
-1.7384540029752316e-08,9.145470158955504e-08,1.4663482872379063e-08,4.0101210174725566e-07,1.0321755894437956e-07,0.9999975562095642,1.5509033346461365e-07,-4.2708883540854004e-08,-4.9796625489761936e-08,-4.2241975251045005e-08,-2.0372192821582757e-08,2.0555455648718635e-07,-7.083388453565931e-08,-1.8505202703522627e-08,1.010298831261025e-07,-9.146577895080554e-08
5.344799447470905e-08,1.2665317683513422e-07,6.795492168976125e-08,7.055717787807225e-08,-1.4508640511223803e-08,-6.643639238745891e-08,-2.7467228846944636e-07,-8.233979542637826e-08,3.9375461113877464e-08,1.0000009536743164,-2.746326117630815e-07,1.8081523478485906e-07,6.95413220341834e-08,2.2218684136987576e-07,2.451597822528129e-07,-7.590239192722947e-08
-1.2458906795131952e-08,-7.05943747902893e-08,6.79951668303147e-08,6.84039562770522e-08,-8.142558982626724e-08,4.206181714039303e-08,1.0000019073486328,2.3880664556941156e-08,-5.8428916815955745e-08,7.88840566201543e-08,6.229812754554587e-08,-6.172855560038215e-09,-2.2213033901152812e-07,-3.5680440646501665e-07,-2.6984784540218243e-07,1.1072612693396877e-07
-9.614983476069483e-09,-4.318951596360421e-08,-7.249070677062264e-08,0.9999989867210388,1.0411524442588416e-07,-5.475102327068271e-08,-5.6578183915689806e-08,-1.0488166779509811e-08,1.4311321194782067e-07,-1.1529598964443721e-07,1.240643143773923e-07,-1.9115621796572668e-07,1.0747202594529881e-07,-2.3345203103986023e-08,5.002746661375568e-07,-1.4165455297643348e-07
-4.775858641892228e-08,-1.0265700289835422e-08,5.865932450888067e-08,-5.0486381297787375e-08,6.86274646000129e-08,9.388744892646628e-09,5.288251259116805e-08,1.0000017881393433,-1.3652824293330923e-07,-1.9098835934983072e-07,-1.401416085400342e-07,9.474894113736809e-08,-2.677542809692568e-08,-6.036660238351033e-08,-9.72401981158555e-09,2.2595850168727338e-07
