-0.36364850401878357,0.0371297150850296,-0.2680834233760834,0.15613792836666107,-0.2437557876110077,-0.23574283719062805,0.21181733906269073,0.781202495098114
-0.034830790013074875,-0.18259136378765106,0.6201179623603821,-0.6529549956321716,0.00908703450113535,-0.24503351747989655,0.23170095682144165,0.2018430531024933
0.0715331956744194,-0.27071571350097656,-0.4974837899208069,-0.30820953845977783,0.720365047454834,0.07230515033006668,0.19447600841522217,0.1309092491865158
0.004798123612999916,-0.30795249342918396,0.3929380774497986,0.3862152695655823,0.41229361295700073,-0.03562328964471817,-0.5586295127868652,0.34388718008995056
-0.6431694030761719,0.30128711462020874,0.1872156858444214,-0.10128013789653778,0.19282734394073486,0.6422594785690308,0.005699816159904003,0.023210743442177773
0.4451824724674225,0.7799127697944641,0.036150749772787094,-0.15855948626995087,0.197169229388237,-0.024639064446091652,-0.16969804465770721,0.31436076760292053
0.2593448758125305,-0.29042208194732666,-0.19165131449699402,-0.36994895339012146,-0.41890230774879456,0.5128467679023743,-0.4006003439426422,0.27537381649017334
0.42695581912994385,-0.11738938093185425,0.2619313895702362,0.36449235677719116,0.0071441130712628365,0.4491877853870392,0.6018693447113037,0.19595126807689667
