0.5759788155555725,0.34276488423347473,0.007949631661176682,-0.009073732420802116,0.24873851239681244,0.24853557348251343,-0.11708950251340866,0.5277018547058105,-0.17168137431144714,-0.21265119314193726,0.13069820404052734,-0.006255770567804575,0.05136348679661751,0.10855651646852493,0.15950286388397217,0.05581586807966232
-0.0462091863155365,-0.049826402217149734,-0.4095376133918762,-0.2986585199832916,-0.10443641245365143,-0.25782886147499084,0.09047656506299973,-0.14846789836883545,-0.1703643649816513,-0.23139503598213196,0.31456801295280457,-0.35060349106788635,-0.11437582969665527,0.38087382912635803,0.41005852818489075,0.010735590010881424
0.05610420182347298,-0.0729144811630249,0.22631968557834625,-0.1398990899324417,0.20363809168338776,-0.13191191852092743,-0.12111300975084305,-0.009942576289176941,-0.02547062188386917,0.14892154932022095,-0.158293217420578,-0.07090058922767639,-0.35031363368034363,-0.47871652245521545,0.6022351980209351,-0.28217536211013794
0.27449870109558105,-0.3909332752227783,0.3553377389907837,0.3311915099620819,-0.3132399618625641,0.11114747822284698,-0.16017791628837585,-0.08927912265062332,0.1968272477388382,-0.1003730297088623,-0.05956565588712692,-0.34958457946777344,0.3231983482837677,0.20425784587860107,0.24759893119335175,-0.09854508936405182
0.12255421280860901,-0.03261212259531021,0.25480836629867554,-0.09720343351364136,-0.06819132715463638,0.4158420264720917,0.03582748398184776,-0.19648638367652893,0.21463516354560852,0.2503170371055603,0.36788663268089294,-0.029590029269456863,-0.5654727220535278,0.15660738945007324,-0.03004598803818226,0.31929001212120056
0.11519894748926163,0.36778533458709717,0.18031516671180725,0.13959434628486633,0.37551349401474,-0.32969462871551514,0.014140952378511429,-0.3151799142360687,0.10189874470233917,0.023091278970241547,0.14525441825389862,-0.5389065742492676,0.124186672270298,-0.17873015999794006,-0.21062611043453217,0.18987014889717102
0.2780870199203491,-0.1071537658572197,-0.34755203127861023,0.18307895958423615,0.16020946204662323,0.21116122603416443,0.47381657361984253,-0.15496419370174408,-0.20981594920158386,0.5064107179641724,-0.29813626408576965,-0.11165512353181839,0.10480893403291702,0.0500204935669899,0.1300783008337021,0.07660205662250519
-0.490082710981369,0.43501874804496765,0.29340848326683044,0.1375495195388794,-0.12524820864200592,0.2026592493057251,0.19252818822860718,0.21128472685813904,-0.1803886592388153,0.040231578052043915,-0.2664273977279663,-0.317215234041214,-0.1272905319929123,0.2773141860961914,0.11152312159538269,-0.1256686896085739
0.36329546570777893,0.0347214974462986,0.09107822179794312,-0.028084462508559227,-0.30053049325942993,-0.4177198112010956,0.4458808898925781,0.24032767117023468,0.20036619901657104,0.05032987892627716,-0.015597169287502766,-0.03320550546050072,-0.2884417772293091,0.06203718110918999,-0.26818421483039856,-0.3651778995990753
0.1065908893942833,0.3140144646167755,-0.2712399959564209,0.11462986469268799,-0.0976349487900734,-0.14817732572555542,-0.6077210307121277,-0.0986667349934578,0.17526283860206604,0.4300270080566406,-0.1480686366558075,0.0522971972823143,-0.10619688034057617,0.3172945976257324,-0.002192058600485325,-0.20128285884857178
0.003153995145112276,0.18887881934642792,-0.18754661083221436,0.6767073273658752,-0.3141675591468811,-0.1550675481557846,0.055946242064237595,-0.024638764560222626,-0.05460692197084427,-0.18890294432640076,0.09868325293064117,0.18375645577907562,-0.23412702977657318,-0.24491700530052185,0.2364586442708969,0.3030514717102051
0.031580034643411636,0.06140569970011711,0.0693836659193039,-0.0950874388217926,0.2542426288127899,-0.16161039471626282,0.15355460345745087,-0.07374625653028488,0.48812180757522583,-0.26078253984451294,-0.48317310214042664,0.2354697287082672,-0.05454925820231438,0.3133586645126343,0.22612364590168,0.3378254771232605
0.09452665597200394,-0.3512296676635742,-0.007989753969013691,0.11656270176172256,0.14146848022937775,-0.08939433097839355,-0.25580766797065735,0.018563564866781235,-0.4143464267253876,-0.22744064033031464,-0.37733015418052673,-0.20852544903755188,-0.4547140598297119,0.11217842251062393,-0.33605191111564636,0.13679605722427368
0.12777170538902283,0.21516399085521698,-0.23623180389404297,0.005738801322877407,-0.017572415992617607,0.43992236256599426,0.053899455815553665,-0.4409937560558319,0.1455647200345993,-0.451507568359375,-0.14241811633110046,-0.04989682883024216,-0.12700819969177246,-0.14308789372444153,-0.10934612154960632,-0.4403824210166931
-0.0952649638056755,-0.06275184452533722,-0.376924067735672,-0.15540823340415955,-0.2013341337442398,0.15797853469848633,-0.0903644859790802,0.3978326618671417,0.4144291579723358,0.02871471829712391,-0.17434823513031006,-0.4525255560874939,-0.03340747952461243,-0.33809584379196167,-0.06253188848495483,0.24848584830760956
-0.2512415945529938,-0.26828816533088684,-0.17496639490127563,0.4259268641471863,0.5259004235267639,0.040301136672496796,0.058079738169908524,0.24122798442840576,0.3039163053035736,-0.012633077800273895,0.283956915140152,-0.04014826938509941,-0.13585138320922852,0.16221792995929718,-0.005214821081608534,-0.3058537244796753
