-3.155183136982487e-08,1.0000008344650269,5.7646907691832894e-08,1.3027427314682427e-07,7.207075469750635e-08,-1.8307837024167384e-07,1.672891585258185e-07,9.911598652934117e-08
-1.445545194656006e-07,1.4485612709336237e-08,5.963755000948368e-08,1.1302351765607455e-07,1.000001311302185,1.4283207860898983e-07,1.6555741666479662e-08,7.153168013473987e-08
-2.600264963348309e-07,-7.777157406962942e-08,1.3253854014294575e-08,-6.679541542098377e-08,-3.087710069848981e-07,1.0000009536743164,2.694914655876346e-07,-1.4739596565505053e-07
2.7999914209431154e-07,5.476682929383969e-08,-2.7079570585897272e-08,-9.299650827188088e-08,1.0843192654874656e-07,-1.8694493064685958e-08,1.0000020265579224,6.904944882535347e-08
4.2719906900856586e-07,3.5614357329905033e-07,1.3712607938032306e-07,9.457360761189193e-08,2.8015303854544982e-08,-5.164520757716673e-07,1.7588614298347238e-07,0.9999982714653015
-2.3941861826415334e-08,-1.253966104286519e-07,1.0000011920928955,-3.801181236440243e-08,1.2092642975858325e-07,4.78630219902243e-08,1.431017526698497e-08,-1.1452821269131164e-07
0.9999975562095642,6.983544409422393e-08,-1.0981148079736158e-07,-8.447658572663386e-09,-2.1227139157531383e-08,-1.4942574466658698e-07,7.356500475452776e-08,1.0290540330970543e-07
-6.784082984268025e-08,-1.4950191484786046e-07,4.250506080438754e-08,0.9999977946281433,1.9581303689619745e-08,-9.820193724863202e-08,1.276914503023363e-07,2.452256069318537e-07
