-0.33232825994491577,-0.14432327449321747,0.07806463539600372,-0.5639657378196716,-0.2130393385887146,0.08026203513145447,-0.5103587508201599,-0.23020824790000916,0.21638233959674835,0.36395972967147827
0.06818554550409317,0.1766234040260315,-0.48000362515449524,0.2318979650735855,-0.09590008109807968,-0.3816346526145935,0.18861591815948486,-0.21515314280986786,0.1898370236158371,0.6381438374519348
0.10782193392515182,0.20934921503067017,0.337818443775177,0.08099806308746338,0.24344074726104736,-0.22913643717765808,-0.07450319826602936,-0.8153246641159058,0.018450167030096054,-0.20360110700130463
0.13991960883140564,-0.24534165859222412,-0.5107550024986267,-0.4988061189651489,0.13697543740272522,9.176637104246765e-05,0.33640027046203613,-0.1925557404756546,0.30589473247528076,-0.3846750259399414
0.1297370344400406,0.06448480486869812,-0.09986977279186249,-0.2162579447031021,-0.6559821367263794,-0.39082565903663635,-0.01823766529560089,-0.0706525519490242,-0.5342901945114136,-0.2200416773557663
0.3121848702430725,-0.48314717411994934,0.032657742500305176,0.4359339773654938,-0.4857412576675415,0.18280230462551117,-0.16092519462108612,-0.16967427730560303,0.37417367100715637,-0.11811070889234543
0.20271438360214233,-0.4780632555484772,-0.11716188490390778,-0.01358119398355484,0.23426209390163422,0.32470229268074036,0.05308438092470169,-0.2686377465724945,-0.6091474890708923,0.33180198073387146
0.6323761940002441,0.12474022805690765,0.46267035603523254,-0.3671942949295044,-0.09438355267047882,0.05093996226787567,0.30164891481399536,0.12868934869766235,0.15723025798797607,0.3030935823917389
0.16866616904735565,0.6015234589576721,-0.31037402153015137,0.004707778804004192,-0.1771223098039627,0.6564702391624451,-0.13932129740715027,-0.1634255349636078,-0.044276654720306396,-0.05445146560668945
-0.5195894837379456,-0.02075822837650776,0.2309674620628357,0.03088090382516384,-0.3255373239517212,0.2650843560695648,0.667675793170929,-0.22285786271095276,0.003454951336607337,0.05987074598670006
