-0.3231337368488312,-0.10579560697078705,0.02267303504049778,-0.3266177475452423,-0.21626898646354675,0.7464751601219177,0.02839791402220726,0.4152057468891144
0.2909581661224365,0.6499730348587036,0.08504500985145569,0.12189212441444397,0.3985828757286072,0.19888922572135925,0.423958420753479,0.30433762073516846
0.2497137188911438,0.14494740962982178,-0.5362861752510071,-0.6325371861457825,-0.022640148177742958,-0.31096118688583374,-0.16795006394386292,0.32173436880111694
-0.6839762926101685,-0.009952325373888016,-0.34762364625930786,0.33017948269844055,0.2562980055809021,-0.28586655855178833,0.07541447877883911,0.38615891337394714
0.22413450479507446,-0.6829978823661804,0.18900750577449799,-0.16488809883594513,0.5492005348205566,-0.05848444253206253,0.24533328413963318,0.23480546474456787
-0.39294400811195374,0.2773323059082031,0.46381646394729614,-0.4500194787979126,0.4323846101760864,-0.10237143188714981,-0.34739047288894653,-0.18144862353801727
0.27515700459480286,-0.01247086375951767,0.10859082639217377,0.3704623878002167,0.11801446229219437,0.10713905096054077,-0.7587088942527771,0.4171973764896393
0.019862057641148567,-0.04095448926091194,-0.5667160749435425,0.048947907984256744,0.4750290513038635,0.44656622409820557,-0.17044198513031006,-0.46929943561553955
