-0.17390084266662598,-0.34603962302207947,0.4920732378959656,-0.43438640236854553,-0.040075138211250305,-0.2746952176094055,-0.17690783739089966,0.5575185418128967
-0.2313309907913208,-0.17846253514289856,-0.298977792263031,-0.5315804481506348,0.14931924641132355,0.7154140472412109,-0.09249001741409302,0.0006571964477188885
-0.2357172667980194,-0.45152926445007324,-0.06050224229693413,0.13702066242694855,0.47395074367523193,-0.27189144492149353,-0.47222840785980225,-0.4433610439300537
-0.35809749364852905,0.4941472113132477,0.6054763793945312,-0.025128133594989777,0.41545602679252625,0.17210963368415833,0.12993524968624115,-0.20307819545269012
-0.08080881088972092,0.3906153738498688,-0.4250241816043854,-0.5493593811988831,0.2131197452545166,-0.5420196652412415,0.13092167675495148,-0.04585577920079231
-0.829622209072113,0.0024198826868087053,-0.26863664388656616,0.33464643359184265,-0.20761936902999878,-0.06877928227186203,0.14986319839954376,0.2393084168434143
0.09038080275058746,0.4466041326522827,-0.16340599954128265,0.20836950838565826,0.19395960867404938,0.09805883467197418,-0.6822817325592041,0.4577236771583557
0.17167577147483826,-0.21978582441806793,-0.1367480307817459,0.22829857468605042,0.6728423833847046,0.03231269493699074,0.4638502597808838,0.42717695236206055
