2.071262272806962e-09,0.9999974966049194,1.6190111296054965e-07,2.888007522017233e-08,5.165286154351634e-08,2.54991743275923e-08,4.094501449003474e-08,3.658444924781179e-08
-4.000640529966404e-08,-1.3394205211625376e-07,-2.2975517310896976e-07,1.000002145767212,-5.937619107498904e-08,-4.428543434187304e-07,2.589358985005674e-07,3.970740536374251e-08
7.099298926505071e-08,-2.6452772772245225e-07,2.156984209022994e-07,-3.2904782187870296e-07,1.0000017881393433,1.1535869504086804e-07,-3.934038090847025e-07,-1.4351748234275874e-07
1.3033064760747948e-07,7.277648705894535e-08,6.225722160024816e-08,-1.564000484677308e-08,7.50817576999907e-08,-1.0855472254434062e-07,3.148153950860433e-07,0.999999463558197
-2.6176165235369808e-08,-3.075083299108883e-08,7.119014355794206e-08,-2.2494515405924176e-07,-9.989108917807243e-08,-7.307905036668672e-08,1.0000019073486328,-1.0725430854563456e-07
1.2008669614260725e-07,-6.455331913457485e-08,2.3592487963242093e-09,-6.194149904104052e-08,2.77304401663514e-08,0.9999988079071045,-2.3713816688086808e-07,1.853872255708211e-08
1.0000015497207642,1.9312163601625798e-07,1.0212824719246782e-07,8.358219005799583e-09,-8.93422864578497e-08,2.567827195321115e-08,7.139009738921231e-08,5.445400219628027e-08
-1.686964168357008e-07,-1.0158241536828427e-07,1.000002145767212,1.0474135336835388e-07,-7.919840783188192e-08,9.550678470304774e-08,3.0823940733171185e-08,-2.0463521366309578e-07
