-0.5095708966255188,-0.016651907935738564,-0.5233332514762878,0.2010359764099121,-0.10726793855428696,-0.19312289357185364,0.5527101159095764,-0.2673512101173401
0.16218651831150055,-0.3582742214202881,-0.13809317350387573,-0.299652636051178,0.6444194912910461,0.2612193822860718,0.44587624073028564,0.23271343111991882
0.39744341373443604,0.3360609710216522,-0.3784486651420593,0.594163715839386,0.1340388059616089,-0.07829729467630386,0.02151484787464142,0.4563860297203064
-0.010836143046617508,-0.6455872058868408,0.36268705129623413,0.5831242799758911,-0.22231276333332062,0.15128470957279205,0.1647367626428604,0.10988327115774155
0.5816254019737244,0.22199538350105286,0.07977614551782608,-0.07952982932329178,-0.3702079653739929,0.2843112647533417,0.4977167844772339,-0.3662409484386444
0.4167312979698181,-0.38523775339126587,-0.1121160089969635,-0.17985224723815918,-0.10238262265920639,-0.7876303791999817,0.01557036954909563,-0.04385269805788994
0.2087024301290512,-0.3076530396938324,-0.47342029213905334,0.16979917883872986,0.14794263243675232,0.29133784770965576,-0.4579178988933563,-0.5407228469848633
0.02112746238708496,0.2220384031534195,0.43500226736068726,0.33049020171165466,0.5800046920776367,-0.28173819184303284,0.10223138332366943,-0.4749404191970825
