-0.2201593965291977,-0.6982296109199524,0.13317149877548218,0.45831334590911865,0.22498121857643127,-0.0801788941025734,0.053681422024965286,0.4198746085166931
-0.5722822546958923,0.15958063304424286,0.35255372524261475,0.14551521837711334,-0.2165978103876114,0.6715299487113953,-0.002943863160908222,-0.060684751719236374
0.5318540334701538,-0.0690649077296257,0.7836024761199951,-0.213425412774086,-0.028125150129199028,0.11142833530902863,0.09987623244524002,0.17203116416931152
0.3847627639770508,0.011838968843221664,-0.4708036184310913,0.04028461128473282,-0.10143758356571198,0.5730569958686829,0.29020434617996216,0.45346957445144653
-0.2628645598888397,0.12318318337202072,0.047544609755277634,-0.13759058713912964,-0.6329393982887268,-0.4136110544204712,0.39096948504447937,0.41230103373527527
0.14037266373634338,0.03187941387295723,0.055642999708652496,0.4535622298717499,0.012094376608729362,-0.05312095209956169,0.7227263450622559,-0.4951402246952057
-0.2681439518928528,0.38641083240509033,0.0721246749162674,-0.2334601879119873,0.7004390358924866,-0.05282840132713318,0.36702603101730347,0.30160850286483765
-0.18003343045711517,-0.5626693964004517,-0.1082640290260315,-0.665166437625885,0.003844062564894557,0.15849123895168304,0.3049911558628082,-0.28047844767570496
