-0.44909048080444336,0.29933056235313416,0.1629599779844284,-0.624196469783783,0.24158690869808197,-0.11570371687412262,0.3398260772228241,-0.3245125114917755
-0.3792553246021271,-0.35197293758392334,0.12907619774341583,0.49184736609458923,0.4838818311691284,-0.478199303150177,0.06781984120607376,-0.07930108904838562
-0.4415838122367859,-0.6058348417282104,-0.5063174366950989,-0.3067210018634796,-0.23081514239311218,0.08482232689857483,-0.1638796478509903,0.014310852624475956
0.41321858763694763,-0.5040336847305298,0.22758790850639343,-0.36618947982788086,0.24004361033439636,-0.03778109326958656,0.40965670347213745,0.40303924679756165
0.14413055777549744,-0.3991237282752991,0.5252926349639893,-0.03647758811712265,-0.12422804534435272,0.23317530751228333,-0.2285037487745285,-0.6485708951950073
0.011735084466636181,0.010005312971770763,0.2698116600513458,-0.1679968684911728,-0.5663039684295654,-0.7329360842704773,-0.158600315451622,0.12526801228523254
0.18153072893619537,-0.07329709082841873,-0.3144780099391937,0.23626753687858582,-0.3516061305999756,-0.11948332190513611,0.7089711427688599,-0.4079361855983734
0.48463544249534607,0.025590473785996437,-0.4483330547809601,-0.23434622585773468,0.36991456151008606,-0.3787805736064911,-0.3244001865386963,-0.3507232666015625
