1.152924227199037e-07,7.86082452464143e-08,0.9999992847442627,-9.616524465627663e-08,-3.165810369409883e-08,-9.037830039915207e-08,1.411366952197568e-07,-4.3033558938532224e-08
8.152078834200438e-08,1.0000020265579224,5.7178315415740144e-08,-8.893219671790575e-08,1.5585341373025585e-07,1.2748402866691322e-07,-7.661858347773887e-08,1.4579165963368723e-07
-1.802422389118874e-08,3.7134835206842354e-09,1.5734562452962564e-07,1.0000017881393433,4.7779742828879534e-08,-6.230845883692382e-08,1.7608422808734758e-07,-5.8597475316446435e-08
1.519387922144233e-07,-1.497647303949634e-07,5.293148319651664e-07,-4.4472148630347874e-08,0.9999985694885254,5.461918703986157e-07,7.648490729650348e-09,-1.715527986334564e-07
-1.4137093273802748e-07,1.788859904650053e-08,5.942540681758146e-08,1.629602053299095e-08,-7.0633232596151174e-09,1.0000001192092896,-1.4213250665306987e-07,1.0034189301677543e-07
7.553224179446261e-08,-1.4127595981960894e-08,1.3559878198066144e-07,-1.2826211559513467e-07,-6.516227557540333e-08,6.634295601770646e-08,0.9999983906745911,3.227948397466207e-08
-5.541218328630748e-08,-4.4227235207472404e-08,-7.11197856162471e-08,2.0921493870673658e-08,-4.09647959997983e-08,-8.031297404897941e-09,-1.2505559254805121e-08,1.0000019073486328
1.0000020265579224,-2.304115440665555e-07,4.3189345433347626e-08,-3.982472662755754e-07,9.804928424728132e-09,-8.945762175471828e-08,-8.540281726254761e-08,-5.356818988389023e-08
