-3.251098590340007e-08,1.8410164059901035e-08,-6.8376472484033e-08,0.9999993443489075,-7.480179675667387e-08,-8.291747377597858e-08,9.007099777136318e-08,-4.65642564506652e-08
-6.445310418712324e-08,1.4322483821160858e-07,1.0000007152557373,-4.4985196012703454e-08,8.914946647564648e-08,8.246272642509211e-08,2.2531109777901293e-07,1.0671875827483746e-07
-2.3617548094989615e-07,-8.382946781182454e-09,5.304773509351435e-08,2.704867370084685e-07,-2.036842161601271e-08,6.662236984311676e-08,-3.8342381003531045e-07,0.9999982118606567
-7.64126824037703e-08,7.661825662808042e-08,4.86496816165527e-08,4.1900949376838525e-09,9.499434838744492e-08,-1.8076671892686136e-07,0.9999982714653015,-1.0415660511853275e-07
1.000002145767212,-4.250394169957872e-08,3.238136514482903e-08,-9.937058109699137e-08,6.51774456628118e-08,-3.810912403423572e-07,-4.736492087431543e-09,-6.437111466084389e-08
-6.743992742030969e-08,6.319250900332918e-08,1.1548838330099898e-07,1.6945988079442031e-07,1.000001072883606,2.1595359100956557e-07,-2.015187021697784e-07,-1.4159827799176128e-07
-6.434269295141348e-08,1.000000238418579,-8.905898596367479e-08,2.8220037862070058e-08,-8.522844296976473e-08,6.899966820128611e-08,-4.021236676976514e-09,4.80347459586028e-08
-2.7397714319477018e-08,-1.4526564484640403e-07,8.374991011805832e-08,-3.1971643466022215e-07,-1.9906218540199916e-07,1.0000019073486328,1.541116461112324e-07,-6.74243239018324e-08
