2.8905706273008036e-08,2.647133499067422e-07,8.336158430211071e-08,0.9999983906745911,-2.0493784447239705e-09,5.125972180053395e-08,8.611035440253545e-08,1.1091164431320522e-08,8.392203909579621e-08,8.393052297606118e-08,-5.221186150095036e-09,-7.413023439539757e-08,5.1761446684395196e-08,-1.2067727084286162e-07,-3.556715455488302e-07,-6.174334288289174e-08
-4.1053951349567797e-08,1.1426924828583651e-07,8.832226683352928e-08,-1.565461360542031e-07,5.21918543938682e-08,-2.7584382777945393e-08,-9.716046633911901e-08,2.95453531862222e-07,-2.665553324732173e-07,-1.9107382343008794e-07,-2.010753235026641e-07,-9.103204945404286e-08,4.75608494809876e-08,0.9999991655349731,7.202400809092069e-08,-5.67811966334375e-08
1.0631912239489338e-08,4.325199753907327e-09,-7.937769197496891e-08,6.345613456915089e-08,-2.6640325501148254e-08,3.727238961914736e-08,-2.2771982344238495e-07,-1.6400406366301468e-07,6.94694932690254e-08,2.1867857924462442e-07,5.830032634435156e-08,7.807192048403522e-08,-1.0319777921097284e-08,1.0768642511038706e-07,6.757039727744996e-08,0.9999997615814209
-6.544384145712456e-09,2.1221187296305288e-07,-2.8097630888623826e-07,-6.767348992298139e-08,8.772826731728856e-08,2.0748206708276484e-08,7.91677265965518e-08,4.650004470363456e-08,-1.0419435980679737e-08,7.145697367150206e-08,0.9999990463256836,-1.2143186722823884e-07,2.962560756714083e-07,-1.925970423144463e-07,-6.573674937726537e-08,5.5054208303317864e-08
-2.1085543266963214e-07,-1.2247296865552926e-07,2.386433095580287e-07,9.533319200727419e-08,9.22057239449714e-08,1.0893167257108871e-07,1.0000019073486328,-6.7083590238326e-08,-5.793291535383105e-08,1.230556212483691e-09,-1.569801781897695e-07,-1.2269644855678052e-07,-1.2859069897785957e-07,-9.268455869460013e-08,-1.3171677437640028e-07,-6.660194173946365e-08
6.572625466105819e-08,6.754687120746894e-08,2.696597221074626e-07,1.5733654379346262e-07,-8.338631118931517e-08,-8.050185407171284e-09,-2.5208013454403044e-08,2.1984423881349358e-07,-4.535489850354679e-08,1.615683657973932e-07,1.0785969095650216e-07,-1.1060978977184277e-07,-6.55752927514186e-08,-6.422775555847693e-08,0.999997615814209,-1.0984448550743764e-07
0.9999977946281433,-4.0024481506861775e-08,-8.861098166335069e-08,1.3310867075233546e-07,1.7549450603837613e-07,1.4719300622800802e-07,-3.1979141112969955e-08,-9.80768888325656e-08,-1.633826229863189e-08,-1.75578890093675e-07,-8.344662205672648e-08,-2.1523973714465683e-07,-8.498349046703879e-08,-7.771123478050868e-08,2.5844590822998725e-07,-1.5795512808836065e-07
4.620065752192204e-08,-1.4088807631651434e-07,2.509420049534583e-08,-8.955973185287291e-10,-1.9904888404198573e-07,6.445964118029224e-08,-3.1851691062456666e-08,7.714847782835932e-08,-2.8132666329838685e-07,-4.7287748827784526e-08,4.392988017798416e-08,-2.476920144545147e-07,1.0000003576278687,-1.9193635125702713e-07,-5.89327342481738e-08,-1.303395578133859e-07
-6.03941074928116e-08,7.584196737298043e-08,-1.2468416521471681e-08,-6.640142657943215e-08,0.9999993443489075,2.983768965236777e-08,7.667485135698371e-08,-2.407473775889457e-09,2.9345926577661885e-08,6.521445072849019e-08,5.260053015376798e-08,-2.8916051775240703e-08,8.093253001106859e-08,-7.104071642061172e-08,1.6723983264910203e-07,-5.593749818899596e-08
5.4955787476274054e-08,-3.115042801482559e-08,4.927372643237504e-08,-6.702214250253746e-08,-8.714993171565766e-09,5.285260229470623e-08,1.0490160207154986e-07,1.1043476888517034e-07,-2.6182388523920963e-07,-9.13749715891754e-08,1.2588996867179958e-07,1.0,8.479897672941661e-08,1.6362497490263195e-07,-1.3927966335813835e-08,9.657788524464195e-08
2.389170106198435e-08,0.9999982714653015,2.131138785443909e-07,1.2821870143397973e-07,-8.651861804764849e-08,-1.6634584198982338e-07,1.9325787548041262e-07,6.27890273108278e-08,-6.798163809662583e-08,-8.047647526154833e-08,1.309750388145403e-07,1.1467508187479325e-07,9.00234340406314e-08,-2.5657712399151933e-07,-6.818122244567348e-08,-2.220677686182171e-07
-1.5466343938896898e-07,-4.853188073639103e-08,3.820066041271275e-08,-7.012786085169864e-08,-6.188236767457056e-08,0.9999983906745911,3.3239382446481613e-07,-1.0385546289626291e-07,-1.998767089617104e-07,-2.1336079214506753e-07,1.5352537729995674e-07,2.414054449673131e-07,1.0993157673055975e-07,-1.0545897310976216e-07,6.27395237984274e-08,-3.572174591681687e-07
1.8515164512677984e-08,-6.7511166434997e-08,-1.8943184443287464e-07,-1.688998310100942e-07,-1.2526784587407747e-07,-3.220478106413793e-08,-5.369568256696766e-08,-1.5989846247066453e-07,-2.7344206898760604e-08,1.000000238418579,-8.421584851703301e-08,8.648630256402612e-08,9.425272651242267e-08,-3.665422809717711e-08,-8.025292430602349e-08,-5.080006104662971e-08
-2.3305152296870801e-07,-5.669664204788205e-08,0.9999992251396179,1.6695407722977507e-08,-7.739672724937918e-08,-1.2638361113204155e-07,-2.9717827487729664e-07,-5.844486850037356e-08,-2.5544444781644415e-08,-8.178670185543524e-08,-2.5213975618498807e-07,2.360794155720214e-07,9.20581655350361e-08,6.744275538039801e-08,-3.6724145502375904e-08,-4.5257003478127444e-08
-4.456265045860164e-08,-6.483107028998347e-08,6.564647492268705e-08,-2.3593514697495266e-07,-3.540043564953521e-07,4.8969983623692315e-08,-1.3300979162522708e-07,-5.504833477942839e-09,0.999998152256012,-6.888667769544554e-08,1.3251515440515504e-07,-8.181537225482316e-08,-5.0653699901204163e-08,2.5128363390081176e-08,-1.233617652474095e-08,-1.048065243480778e-07
9.604992357026276e-08,3.190060340330092e-07,-8.694060937841641e-08,7.691878067817015e-08,-2.277129773631259e-08,-3.2210175504587824e-07,-4.124049439724331e-07,0.9999998807907104,9.216181950932878e-08,-1.356959700160587e-07,1.507513189835663e-07,-1.4140420034891577e-07,1.1966540647279089e-08,1.671535798664081e-08,-2.2044756065042748e-07,8.516152405491084e-08
