-3.853870111925062e-08,0.999998152256012,-2.4948228372068115e-08,-7.782397659639173e-08,-2.4850720592439757e-07,2.5010809423520186e-08,-1.22805801083814e-07,-7.588766237631717e-08
-1.0819635321013266e-07,-1.4773847567539633e-07,-1.1174162750648975e-07,2.3486845179832017e-07,7.766425369482022e-08,6.747854541799825e-08,0.999998152256012,1.0042160880630036e-07
1.0000008344650269,4.629188588012312e-09,-9.383222021597248e-08,-5.7323440216805466e-08,6.117954853834817e-08,8.236285253815367e-08,-9.204504181070661e-08,3.186375607810987e-08
8.205917367831717e-08,4.18740100371906e-08,-1.2507417324059134e-09,-4.2941060485190974e-08,1.0000015497207642,-6.497534599247956e-08,2.191263526185594e-08,-6.842488176062034e-08
-1.0551118201362897e-08,6.734060065127778e-08,1.0000011920928955,-5.2417579610164466e-08,8.169536869218064e-08,-4.280613836726843e-07,1.9991095712157403e-07,1.6679472025771247e-08
-7.769044430006034e-08,-5.251007095807836e-08,-1.8169789939292968e-07,1.0000016689300537,-3.381209410235897e-07,2.759398576301919e-08,-2.1183173259942123e-07,1.6967810267942696e-07
-1.417452466512259e-07,1.958860273987284e-08,-7.352187481046712e-08,1.6633283195233162e-08,8.662708239626227e-08,1.000002145767212,1.5720046064870985e-07,-6.665472085387592e-08
1.5443067269416133e-08,-6.332049906632164e-08,4.36353602140116e-08,-1.286433501945794e-07,9.603681405678799e-08,2.0601868300218484e-07,-2.4507590978828375e-07,0.999998152256012
