0.9999986886978149,-5.0163418308102337e-08,1.5704333122812386e-07,-3.182937859946833e-07,-7.35499838810938e-08,-1.9904543080428994e-07,4.2575854308779526e-07,-9.4820549634278e-08
-6.001879171435576e-08,-4.2861149296413714e-08,8.223021552566934e-08,-1.681656272012333e-07,8.403468143569626e-08,1.0000007152557373,7.626444897823603e-08,-6.904731719714619e-08
-5.8131899294266987e-08,-6.757614556818226e-08,1.6855808837590303e-07,-2.4414328336774815e-08,5.4241564129142716e-08,8.789527328190161e-09,0.9999979138374329,9.457419736236261e-09
2.0236139164353517e-07,5.7984877344097185e-08,1.0000022649765015,1.1253546006173565e-07,1.5061783642522641e-07,1.7865959023311007e-07,2.0692401392352622e-07,-6.25535889753337e-08
-4.441120537990173e-08,0.9999974370002747,-1.6646386313823314e-07,5.092589816513282e-08,-4.043417334287369e-07,2.6022323140750814e-07,-7.100369003865126e-08,-3.87123122891353e-07
3.314054310976644e-07,-5.065990293928735e-08,-1.7920795869486028e-07,0.9999999403953552,2.1296997942954476e-07,1.8135106927275046e-07,1.1001278465982978e-07,-4.8708155730992075e-08
-2.604287230312252e-09,-5.292854154959059e-08,3.320327550682123e-07,-3.5441793500012864e-08,1.0000017881393433,1.4576571949476147e-08,-8.90629721084224e-08,-5.598917596216779e-08
2.1424737894903956e-07,-1.1378723030475157e-07,1.8779607557917188e-07,-2.576746283011744e-07,1.6068349850684172e-07,-5.542912973055536e-08,8.534431827911249e-08,0.9999977946281433
