0.05600852519273758,0.133269801735878,0.16083383560180664,-0.14913228154182434,0.7278808951377869,-0.4275731146335602,-0.2531142234802246,0.392810583114624
-0.42064204812049866,-0.09203313291072845,-0.5011435747146606,0.5954535007476807,0.17067542672157288,-0.3844689428806305,0.08889259397983551,-0.15501739084720612
-0.05897500365972519,-0.42775610089302063,-0.42865467071533203,-0.21508821845054626,0.2523477375507355,0.4236902594566345,-0.5696068406105042,-0.12606512010097504
0.3345399796962738,-0.5677586793899536,0.24881792068481445,0.5530799627304077,-0.06486348062753677,0.08665688335895538,-0.06311534345149994,0.42687568068504333
0.05624615028500557,-0.20242394506931305,0.11102161556482315,-0.14996421337127686,-0.46439409255981445,-0.6335950493812561,-0.5131509304046631,-0.20153501629829407
0.744114875793457,-0.03098922036588192,-0.5505703091621399,-0.1396474689245224,0.027194896712899208,-0.2166232466697693,0.271782785654068,-0.034233737736940384
0.38371700048446655,0.4250827133655548,0.1764947921037674,0.459232360124588,0.17254555225372314,0.14922867715358734,-0.36888712644577026,-0.49183544516563416
-0.02043653279542923,0.4957939684391022,-0.36156266927719116,0.13471849262714386,-0.3563736081123352,0.10817689448595047,-0.35542669892311096,0.582976222038269
