3.1739062489322123e-09,-8.239627646844383e-08,2.2526663201460906e-07,-1.0453725707293415e-07,9.162125280681721e-08,1.0000027418136597,-1.4592195896057092e-07,-9.629138730815612e-08,-7.0749628378052876e-09,-3.04435374687273e-08,-2.9005218493693974e-07,-2.1340325062624288e-08,-8.399225492894402e-08,-5.364478283809149e-08,3.247202755574108e-07,-1.9504264514580427e-07
9.544663726046565e-08,5.702647243310821e-08,1.6894100340891782e-08,-1.0094752411760055e-07,8.571707610371959e-08,-5.542997882912459e-08,-1.1498711316448862e-08,9.655492050342218e-08,-1.9923233196550427e-07,-1.0543647022132063e-07,-6.295265109201864e-08,2.3214903421830968e-07,-6.383319117730935e-08,1.9339525536565816e-08,0.999998152256012,-1.1219923123917397e-07
5.1189903871318165e-08,1.3320270397798595e-07,-1.7415937136888715e-08,6.025570797874025e-08,0.9999992251396179,3.2807503380638536e-09,-3.303498630202739e-08,-8.179758026471973e-08,-7.126666901058343e-08,-1.4614541044011276e-07,1.9749715818306868e-07,-1.2392982284836762e-07,4.255509367112609e-08,3.218796607029617e-08,-1.1568872970713073e-08,1.3117211494773073e-07
6.6672605214535e-08,1.0000005960464478,2.5215824095425887e-08,-9.58782777615852e-08,7.133527901714842e-08,4.595456104539153e-08,-2.1840416764007387e-07,9.565680869627613e-08,-7.600277740493766e-08,4.100386092886765e-07,9.536001499554914e-08,2.8634326554310974e-07,-2.070497773232205e-09,5.915887513197049e-08,8.676018126152485e-08,3.2490933676854183e-07
0.9999984502792358,2.8174822475079964e-08,-9.349815144332752e-08,-2.3544978944300965e-07,-1.1189441551096024e-07,1.7662416951225168e-07,3.309871772216866e-07,1.7548997277572198e-07,-2.7361082288734906e-07,1.3855873248758144e-07,1.5254165930400632e-07,2.516200368063437e-07,-6.389831952446912e-08,-2.774734468857787e-07,-1.570196275224589e-07,4.528460522124078e-07
2.0347958695765556e-07,-1.9448275168088003e-07,-5.916815126738584e-08,-1.0472260392191401e-08,2.2596336179958598e-07,4.87497295864614e-08,6.2322538241232905e-09,1.8351429265095476e-09,1.0283534379595949e-07,0.9999983906745911,7.388324263502e-08,-7.874238860949845e-08,1.930598436672426e-08,-3.8622733455895286e-08,-1.5781013473770145e-07,-1.2544199989861227e-07
-9.756747942901711e-08,1.1440293690156977e-07,3.380053570367636e-08,1.0773896974569652e-07,-1.187721352380322e-07,-6.003641317420261e-08,2.4457906988573086e-07,-1.1217475304192703e-07,-9.703380499104242e-08,1.4030999295755464e-07,1.0000019073486328,3.3600733218008827e-07,-6.268256136365835e-09,7.008618041481895e-08,-1.6469186903123045e-07,-2.0797544664219458e-07
2.4453896685372456e-07,-9.655958166376877e-08,-1.4208282550498552e-07,-1.3983986946186633e-07,3.228365486052098e-08,2.8006205354813574e-08,-9.929122768426168e-08,-1.4123833125267993e-07,-3.5845310719651025e-08,1.3205421112161275e-07,6.760701154462367e-08,6.9251633760814e-08,3.054210395703194e-08,-8.4953590828718e-08,-6.364208360309931e-08,1.000000238418579
-1.5669556319153344e-07,-6.795168161488618e-08,5.751861564817773e-08,1.0000007152557373,2.2250642928156594e-07,3.792995073581551e-07,8.700293108176993e-08,-6.403162444712507e-08,1.5651545481887297e-07,6.396525265017772e-08,1.2809947236291919e-07,-8.873782775253858e-08,-6.744766523070211e-08,-1.4118732849510707e-07,-1.0998730459732542e-07,-7.293964188193058e-08
4.1201627709597233e-07,-5.8243653455747335e-08,1.631116361977547e-07,1.282698036675356e-07,7.223680142942612e-08,-6.516086159535917e-08,-1.3693693290406372e-07,9.2749132818426e-08,6.289464948849854e-08,-4.36862386266057e-08,2.261576241835428e-07,-8.996287270690573e-09,-3.55431893694913e-07,0.9999982714653015,1.4647942236933886e-07,3.9799158457753947e-07
-7.111958666428109e-08,-8.37360047967195e-08,-5.397637536930233e-08,-4.405167715049174e-07,-1.3228957129740593e-07,3.566756276995875e-07,-9.07073314238005e-08,7.851303251982245e-08,1.1974850622209487e-07,7.453052575101538e-08,7.945870095227292e-08,2.791078124175783e-08,0.9999987483024597,-1.4658346003670886e-07,9.637165732101494e-08,-2.2748025685359607e-07
-1.1000712873965313e-07,1.7036785493473872e-07,5.92821152167744e-08,-4.822242516411279e-08,-6.310332878456393e-08,-3.0826296892882965e-07,4.044611401354814e-08,-5.3582386527750714e-08,1.7398791740674824e-08,-5.933515367928521e-08,-2.3206041532830568e-07,1.0000016689300537,-1.627832375561411e-07,1.5216721749311546e-07,-8.724923361569381e-08,2.40431290876586e-07
7.87318725770092e-08,-1.1311887249121355e-07,0.9999975562095642,-1.746575577499243e-07,6.582416745004593e-08,5.4410392635872995e-08,-7.103477628334076e-08,-6.54238476727187e-08,1.2825053374854178e-07,3.648624158358871e-08,8.938783935263928e-08,-5.158281624062511e-08,-1.8226855047487334e-07,-1.2870678745002806e-07,2.480101954915881e-07,1.360426864494002e-07
1.7128042983927116e-08,-6.668206253834796e-08,9.713410520362231e-08,-8.563024955776655e-09,-1.5932339181290445e-07,1.041226269649087e-07,7.682790936769379e-08,1.0076002610048818e-07,1.0000019073486328,-4.523556995650324e-08,-9.640640996622096e-08,1.77601606310418e-07,-1.8055629880109336e-07,-1.4867632103232609e-07,-2.980245383810143e-08,6.294158794162286e-08
1.4638622758411657e-07,1.2749480049478734e-07,-9.701387426730435e-08,1.662454565121152e-07,-8.733687195672246e-08,8.824461161793806e-08,0.9999985098838806,1.5439071887612954e-07,2.259763647316504e-07,5.099810707065444e-08,-6.221955572982552e-08,-5.7938766673260034e-08,6.870268265402046e-08,-5.511762601884129e-09,3.034079298913639e-08,-1.324108893641096e-07
-6.770577698489433e-08,9.598459627113698e-08,-1.8020359959791676e-07,-9.683477131261498e-09,-9.114489074590892e-08,2.5588559537936817e-07,-2.0510586296040856e-07,1.0,2.0726615090893574e-08,-5.965788574258113e-08,2.1793366045130824e-07,2.022818179625574e-08,-1.6963625171229069e-07,-3.1685968338024395e-07,-1.7421827180896798e-07,6.632390636696073e-08
