-2.8038483534942316e-08,-6.771339400302168e-08,1.0000016689300537,-8.527906203426028e-08,2.3139706684105477e-07,3.07355705331247e-08,-1.3363774087338243e-08,1.4810446202773164e-07
-3.882871624227846e-07,-3.19361618039693e-07,-1.638196494013755e-07,4.365700334574285e-08,4.421317001401803e-08,0.9999998211860657,1.9547995577795518e-07,3.311086516077921e-08
7.687972924941278e-08,-7.263598433837615e-08,1.1593706261692205e-07,1.0000011920928955,7.495765430576284e-08,-2.8968203835688655e-08,-1.8276878677170316e-07,-3.3160773682539e-08
6.065015867307011e-08,-1.473698603149387e-07,1.1380344488998162e-07,8.90145646081919e-09,2.412684274588628e-08,2.1813508510604152e-07,1.0000019073486328,-1.164052179092323e-07
9.307966308824689e-08,0.9999997019767761,-1.9689265684519341e-07,2.705420740767295e-07,-6.364301441408315e-08,-2.0355302865482372e-07,4.1123207950022334e-08,-6.878277503119534e-08
3.2788528869787115e-07,5.745573972149032e-08,-3.6001563330501085e-07,9.998912986475261e-08,-1.1842826097563375e-07,-8.040513677087802e-08,-9.79019461055941e-08,0.9999984502792358
1.0000017881393433,7.405741797583687e-08,1.5511322715155984e-07,-2.5067092845887373e-09,-1.24029044812346e-08,-1.4392144009889307e-07,2.2367215990470868e-07,8.854426170046281e-08
1.1581460768184115e-07,1.2582103181557613e-07,2.948188360107906e-09,-5.6266841852448124e-08,0.9999988675117493,-5.938005642747157e-08,3.582013974323672e-08,6.977554534159935e-08
