-1.0088731272617224e-07,-5.269822977993499e-08,-9.498666742047135e-08,-1.0449549847635353e-07,0.9999976754188538,-1.746812898772987e-07,-8.169260468093853e-08,4.190554570016047e-09
7.822337977358984e-08,1.6346642439657444e-07,1.0000001192092896,-1.5004006570507045e-07,-4.67398848513767e-08,-1.632480177704565e-07,-8.418811603405629e-08,7.358377729360654e-08
1.0029305030911928e-07,-3.0279016982603935e-07,4.958004851118858e-08,0.9999997019767761,4.592709501594072e-08,3.0588061861180904e-08,-4.2681233480834635e-07,6.751861292286776e-08
1.0000015497207642,1.6592103690982185e-07,4.8506278993443175e-09,1.773702535956545e-07,-2.0946782797182095e-07,-2.484906076460902e-07,-5.862624519181736e-08,-1.2925083581194485e-07
1.3532623199807858e-07,-1.6430669802502962e-07,1.7538886254442332e-07,1.3115149499753898e-07,-6.692408760500257e-08,5.236764355487367e-10,1.3390221909048705e-07,1.0000019073486328
2.988053182662043e-08,0.9999975562095642,-2.0681815726675268e-07,-2.8368933868705426e-08,-9.846831972026848e-08,-2.9021410341556475e-07,-2.9158494285752568e-08,-3.239922463649236e-08
-6.348515313447933e-08,2.241525187685056e-08,9.743361317759991e-08,-5.1819824875565246e-08,6.125392104650018e-08,1.3901685136374908e-08,0.9999977946281433,-2.4482025651195727e-07
2.019403133601827e-08,1.0055676824549664e-07,1.6244061384895758e-07,7.581564176462052e-08,-1.462544503283425e-07,0.9999975562095642,-8.941926665784194e-08,1.0052590226905522e-07
