0.03580671176314354,-0.3458331823348999,0.07125925272703171,-0.1461351066827774,-0.454272598028183,-0.07240830361843109,0.09029310941696167,0.2892341911792755,0.060946494340896606,-0.3825201988220215,0.13358575105667114,-0.1043829694390297,-0.09803023934364319,0.39517927169799805,-0.44526585936546326,-0.08032765239477158
-0.46082183718681335,0.016782643273472786,0.24551409482955933,-0.3780005872249603,0.09009518474340439,-0.3653286397457123,0.1149759367108345,-0.013597492128610611,-0.10292979329824448,-0.2885988652706146,0.11071687191724777,-0.1495654135942459,-0.2922721803188324,-0.17469444870948792,0.351331889629364,-0.24764028191566467
-0.11516320705413818,0.10513485968112946,-0.5913556218147278,0.12813252210617065,0.17041054368019104,0.005725653376430273,0.26261579990386963,-0.32233065366744995,-0.12086745351552963,-0.38463762402534485,-0.22293707728385925,0.1703726202249527,-0.3399107754230499,0.19232210516929626,-0.11223530024290085,0.0349380187690258
-0.17908386886119843,-0.1908385455608368,-0.10967808216810226,0.06052494794130325,-0.03730672970414162,0.17847467958927155,-0.14920862019062042,0.3213596045970917,0.45749431848526,-0.2969543933868408,-0.37808164954185486,-0.025773249566555023,-0.07931911200284958,-0.5023093223571777,0.022931909188628197,0.23834805190563202
0.1930224746465683,0.4476352632045746,-0.005364872980862856,-0.10999889671802521,-0.046831123530864716,0.05103248357772827,-0.08859173953533173,-0.20709779858589172,0.21466055512428284,-0.1935821920633316,0.38534799218177795,-0.4824414849281311,-0.1680164486169815,-0.0604279451072216,-0.08110344409942627,0.43754780292510986
-0.49382153153419495,-0.03673616424202919,-0.16633059084415436,-0.24475553631782532,-0.2201298475265503,0.16622339189052582,-0.562252402305603,-0.34116971492767334,-0.021981950849294662,0.18328820168972015,-0.17414075136184692,-0.17899088561534882,0.10338326543569565,0.19644339382648468,-0.10896609723567963,-0.0318923182785511
-0.006463032681494951,0.3668844997882843,0.411182701587677,0.29902470111846924,-0.4533301293849945,-0.007408025674521923,0.12582454085350037,-0.08373793959617615,0.0012146178632974625,-0.033925559371709824,-0.5141311287879944,-0.04977300763130188,-0.1329829841852188,0.21254339814186096,0.21335084736347198,0.04605436697602272
-0.16408388316631317,0.302192360162735,0.1972292959690094,0.3389074206352234,0.38077110052108765,-0.055354196578264236,-0.395162969827652,0.169559046626091,0.3357274532318115,-0.16953633725643158,0.14664414525032043,0.1896546632051468,-0.08937077969312668,0.274208664894104,-0.17062605917453766,-0.2895236909389496
-0.07367190718650818,-0.23312202095985413,-0.14150650799274445,0.5060039758682251,0.04868430271744728,0.2610616385936737,-0.08773307502269745,0.19600410759449005,-0.3077732026576996,-0.0853431299328804,0.15525029599666595,-0.5346988439559937,-0.06424887478351593,0.09764321893453598,0.3288632333278656,-0.11703995615243912
-0.0844234898686409,0.1377866566181183,0.030613020062446594,0.2400738149881363,-0.23908647894859314,0.14384669065475464,0.1827819049358368,-0.29504454135894775,0.0016437972662970424,-0.09428384155035019,0.1299796849489212,-0.09214227646589279,0.17225447297096252,-0.49969175457954407,-0.3679571747779846,-0.5176551938056946
-0.11113714426755905,0.396666020154953,0.04530426114797592,-0.2768624722957611,-0.023129209876060486,0.5663337707519531,-0.009873258881270885,0.38134363293647766,-0.43688398599624634,-0.17446722090244293,0.05359291285276413,0.23416289687156677,0.033124472945928574,-0.04403916373848915,-0.042409397661685944,0.03104870766401291
-0.2282657027244568,-0.21762004494667053,0.17418308556079865,0.2653748095035553,-0.22576962411403656,0.10412343591451645,-0.07007156312465668,-0.14284184575080872,-0.0906205028295517,0.20576748251914978,0.3727607727050781,0.3931899666786194,-0.5105353593826294,-0.14714685082435608,-0.04228382930159569,0.29061415791511536
-0.48338747024536133,0.24339614808559418,-0.3166668713092804,0.13971735537052155,-0.2238665670156479,-0.169409841299057,0.3482469618320465,0.27541929483413696,0.23087546229362488,0.20643144845962524,0.2540969252586365,0.04102268069982529,0.3190949857234955,0.1156107559800148,0.1071830540895462,0.1500263214111328
-0.08050499856472015,0.005217014811933041,0.08196916431188583,0.2400350421667099,-0.008316629566252232,-0.4449460208415985,-0.2610158920288086,-0.03117475099861622,-0.4436035752296448,-0.3501538336277008,-0.015414904803037643,0.09216796606779099,0.40155282616615295,-0.15151958167552948,-0.1424405425786972,0.35970932245254517
0.3080003559589386,0.22853484749794006,-0.41992732882499695,-0.021198397502303123,-0.3825641870498657,-0.3243790566921234,-0.38205084204673767,0.24365806579589844,-0.08855549991130829,0.09028931707143784,0.038342058658599854,0.1094285100698471,-0.25280246138572693,-0.17298255860805511,0.15730464458465576,-0.26682236790657043
-0.14465013146400452,0.12435232847929001,0.023654012009501457,0.032569196075201035,0.21532383561134338,-0.20912231504917145,0.0997747853398323,0.2940189242362976,-0.22531533241271973,0.4134897291660309,-0.2519974410533905,-0.32838380336761475,-0.3098849058151245,-0.1110883578658104,-0.5181169509887695,0.07483399659395218
