-0.711361289024353,-0.22022919356822968,-0.02825889177620411,-0.010892662219703197,-0.30627989768981934,-0.04394392669200897,0.048851918429136276,-0.02483384683728218,-0.22355780005455017,0.25660181045532227,0.2557104527950287,-0.40570521354675293
-0.07897774875164032,-0.22424334287643433,0.3165978789329529,-0.4990360736846924,-0.26972389221191406,0.17628049850463867,0.2368808537721634,-0.0010400310857221484,-0.34519070386886597,-0.17127710580825806,-0.47351735830307007,0.24809817969799042
-0.31367799639701843,-0.0003838942211586982,-0.34610214829444885,-0.22853507101535797,0.40967845916748047,0.109071746468544,0.48452162742614746,-0.38529759645462036,0.16134174168109894,-0.17612914741039276,0.19765308499336243,0.26555928587913513
-0.14831829071044922,0.09151099622249603,-0.23485101759433746,0.29122039675712585,0.05893485248088837,0.17414124310016632,-0.4594680368900299,-0.3175418972969055,-0.5591611266136169,0.03850838914513588,-0.07439850270748138,0.4052664339542389
0.08788567036390305,-0.7004427313804626,-0.4119468629360199,0.1511685848236084,0.07598187029361725,-0.27364739775657654,-0.06707306206226349,-0.11041656136512756,0.10118257999420166,-0.07165133953094482,-0.41924625635147095,-0.14359955489635468
0.13026075065135956,0.19940830767154694,-0.5094953775405884,-0.24526634812355042,-0.32578882575035095,0.5129947066307068,-0.052345160394907,-0.051563479006290436,0.22874854505062103,0.3550613224506378,-0.22045272588729858,-0.1477593034505844
0.5173661112785339,-0.39166414737701416,0.0037541280034929514,-0.21057236194610596,0.10378855466842651,0.13377712666988373,0.10473248362541199,-0.0969594344496727,-0.36830833554267883,0.3193412125110626,0.49577221274375916,-0.04603445529937744
0.11874605715274811,-0.11938165873289108,0.11487472802400589,0.012165308929979801,-0.5793638825416565,-0.04154832288622856,-0.16877056658267975,-0.5380874872207642,0.29660966992378235,-0.3373415768146515,0.2971430718898773,0.11324210464954376
-0.002621758496388793,0.23330047726631165,-0.006380877923220396,-0.6080673933029175,0.18779392540454865,-0.5021185278892517,-0.38708600401878357,-0.29084688425064087,-0.02844240888953209,0.1407182514667511,-0.07724359631538391,-0.1654774397611618
-0.24021029472351074,-0.36313724517822266,0.3043935298919678,-0.12962350249290466,0.22740647196769714,0.26687416434288025,-0.40791234374046326,0.10595054924488068,0.442861407995224,0.30464357137680054,0.05702362582087517,0.3289877772331238
0.050179433077573776,0.06202205270528793,0.43447399139404297,0.2773282527923584,0.21559768915176392,0.1988571286201477,0.17300106585025787,-0.5809941291809082,0.04311000555753708,0.2565176486968994,-0.3025583028793335,-0.3394777178764343
0.025529224425554276,0.0682724118232727,-0.008119836449623108,0.15116256475448608,-0.2651863992214203,-0.45189782977104187,0.32059141993522644,-0.05418185144662857,0.08476334065198898,0.5890023708343506,-0.08111949265003204,0.4804489016532898
