-0.05651666969060898,0.10994010418653488,0.06965583562850952,0.3642506003379822,-0.09784209728240967,0.32876378297805786,0.10291397571563721,-0.4898518919944763,-0.033883966505527496,0.3034570515155792,-0.0014478653902187943,0.15234491229057312,-0.20024921000003815,0.5039256811141968,-0.02561325952410698,-0.2604631781578064
0.1770777702331543,-0.3759876489639282,0.2587854862213135,-0.09428369998931885,0.016671596094965935,0.4892703592777252,-0.023559140041470528,-0.17741134762763977,0.06576251983642578,-0.11139685660600662,0.01879912056028843,-0.4083457887172699,0.01487861480563879,-0.2111378014087677,-0.49580255150794983,-0.07258402556180954
-0.038460537791252136,-0.15453730523586273,0.2816759943962097,-0.07051649689674377,-0.11050398647785187,0.010303343646228313,0.22188448905944824,-0.009056822396814823,0.492342472076416,-0.3314528167247772,-0.0848383828997612,0.3635465204715729,-0.5558078289031982,-0.10314695537090302,0.11892947554588318,0.058000851422548294
0.5388800501823425,-0.044011346995830536,0.1159888282418251,-0.07062103599309921,-0.13097243010997772,-0.4066876769065857,0.16449451446533203,-0.37727922201156616,0.1358337253332138,0.3114333748817444,0.19907420873641968,0.17373576760292053,0.15920965373516083,-0.07546508312225342,-0.17345906794071198,0.3014933168888092
-0.06643787026405334,-0.15217694640159607,-0.30984053015708923,-0.2729986906051636,-0.36895695328712463,0.2689187824726105,0.3206636607646942,0.050709303468465805,0.3443272113800049,-0.07401365041732788,-0.05511568859219551,0.11158774048089981,0.5327881574630737,0.2351168990135193,0.09062918275594711,-0.034187767654657364
0.11508987843990326,-0.36693981289863586,-0.055671174079179764,-0.0037498893216252327,-0.0679856538772583,-0.12671127915382385,-0.549500048160553,0.2506692111492157,0.34554627537727356,0.2530522644519806,-0.0940118134021759,-0.17023809254169464,-0.15652920305728912,0.4509434103965759,0.011502047069370747,0.11954592168331146
0.10962457954883575,-0.33818319439888,-0.3683188557624817,0.044311974197626114,0.14457833766937256,0.031110461801290512,0.4735640287399292,0.13787473738193512,-0.37305697798728943,-0.04805168882012367,-0.054045047610998154,-0.07020661979913712,-0.3125397861003876,0.24803367257118225,-0.09651598334312439,0.3911510109901428
0.4181365370750427,0.16479553282260895,0.39605996012687683,-0.05561898276209831,-0.036591120064258575,0.3706774413585663,0.0011037150397896767,0.36942344903945923,-0.17416906356811523,-0.06254756450653076,0.3943280875682831,0.055494025349617004,0.04345156252384186,0.21555697917938232,0.32525405287742615,0.1259598433971405
-0.002619219245389104,0.13613982498645782,-0.23705971240997314,0.19298748672008514,-0.2405737042427063,0.25276458263397217,0.022636309266090393,0.4354557693004608,0.10153801739215851,0.4701191186904907,0.11501047760248184,0.24960757791996002,-0.173194020986557,-0.3695572018623352,-0.3203951418399811,-0.006542740855365992
-0.2506551742553711,-0.4883478283882141,-0.018088197335600853,0.30970707535743713,-0.06318824738264084,-0.13385002315044403,0.10512647032737732,-0.03769861161708832,0.03444162383675575,0.0768299251794815,0.6186755299568176,-0.14209748804569244,0.03810635581612587,-0.17738090455532074,0.31483593583106995,-0.16119664907455444
0.03790317475795746,-0.04262298718094826,0.30873653292655945,-0.26149770617485046,-0.1865289807319641,-0.25227391719818115,0.393846720457077,0.23718246817588806,-0.11266415566205978,0.35999152064323425,-0.25822722911834717,-0.302684485912323,-0.1213354840874672,0.030670618638396263,0.09018392860889435,-0.4459357261657715
0.21694304049015045,-0.03453120216727257,-0.14539924263954163,-0.07374691218137741,0.7285470962524414,-0.0275352094322443,0.13674026727676392,0.14089566469192505,0.2698197662830353,0.03517638519406319,0.15411993861198425,0.19807079434394836,0.06844621896743774,0.10976279526948929,-0.12896519899368286,-0.42975297570228577
0.508957028388977,0.1640855222940445,-0.31638866662979126,0.41227126121520996,-0.2803308963775635,-0.12975269556045532,0.015889493748545647,0.04232989251613617,0.10441982746124268,-0.39520275592803955,-0.05724826455116272,-0.2637907564640045,-0.08861154317855835,-0.03406279534101486,0.03544024005532265,-0.3102971315383911
-0.07888489961624146,-0.17676936089992523,0.10390254110097885,-0.09584168344736099,-0.2807447612285614,-0.24972029030323029,-0.1437426656484604,0.13963398337364197,-0.34261593222618103,-0.2973203659057617,0.20877337455749512,0.3887236416339874,0.03218806907534599,0.24053697288036346,-0.47180837392807007,-0.2814885377883911
0.2763616144657135,-0.44930338859558105,0.006015891209244728,0.13256379961967468,0.027805710211396217,0.1411479413509369,-0.17390835285186768,-0.04358560964465141,-0.2833254635334015,0.08233702182769775,-0.43355903029441833,0.40519142150878906,0.15020044147968292,-0.2589516043663025,0.3129276931285858,-0.15670576691627502
-0.12685957551002502,-0.03643732890486717,0.39980509877204895,0.6042869091033936,0.11033662408590317,-0.12231969833374023,0.21676193177700043,0.273713082075119,0.1437084972858429,-0.061714451760053635,-0.24752162396907806,0.005832076072692871,0.36765652894973755,0.10691123455762863,-0.19368794560432434,0.196602463722229
