-5.574865014068564e-08,-2.0362051600386621e-07,-3.4068833087985695e-08,-6.906868321721049e-08,4.051865332144189e-08,1.046565856199777e-07,-8.217580216296483e-08,1.0000019073486328
-1.2805308813312877e-07,1.0000020265579224,-3.0627091973656206e-08,-1.0984129517055408e-07,1.0263743632776823e-07,-1.0581036491430496e-07,-7.972951721058052e-08,-1.4665545222669607e-08
5.479403171193553e-07,-1.837546648175703e-08,-3.929371530375647e-07,8.60201012642392e-08,1.9171839937826007e-07,1.0000014305114746,8.703963061407194e-08,4.910700468485629e-08
0.9999997019767761,-4.3282053496795925e-08,3.621042354851056e-09,6.685116460403151e-08,5.930749580329575e-08,1.029141074582185e-07,-2.7030335303379616e-08,5.363525801271862e-08
7.543815883082061e-08,7.847037153396741e-08,1.0000011920928955,-7.933613943578166e-08,6.176523470458051e-07,-1.630417898468295e-07,-2.858898540125665e-07,8.176542221072225e-10
-3.248257840482438e-08,1.6336510100245505e-07,2.9087163966323715e-07,-1.990009756980271e-08,1.0000011920928955,-1.5142677511903457e-07,1.0227579894106498e-09,-2.9842604476471024e-07
-1.5850288548335811e-07,2.9426021797007706e-07,9.801033939993431e-08,1.8339713392379053e-07,8.57967279443983e-08,1.5395490038372373e-07,1.000002145767212,-1.4779112689211615e-07
-6.560105703101726e-08,4.9039435623399186e-08,1.0014316131901069e-07,0.9999987483024597,-5.2553740914618174e-08,-3.228807088362373e-08,-7.445186867016673e-08,-1.559975260079227e-08
