-0.497592955827713,-0.3480418920516968,0.08979980647563934,0.22627390921115875,-0.6224802136421204,0.086946502327919,-0.12496913969516754,0.2213819921016693,0.16987541317939758,-0.28892093896865845
0.09110038727521896,0.2926936447620392,0.09818459302186966,0.1830170601606369,0.1596018373966217,-0.584417462348938,0.16243591904640198,0.2553533613681793,0.2402866780757904,-0.5886838436126709
0.41111138463020325,-0.48643597960472107,-0.28073638677597046,-0.41973719000816345,-0.12091777473688126,-0.09592066705226898,0.12132377922534943,0.0024882100988179445,0.5473508834838867,-0.03513837233185768
0.32799169421195984,-0.30236026644706726,0.4693884253501892,0.08754482865333557,-0.1742149144411087,0.05737341195344925,0.4499097764492035,-0.3691585958003998,-0.35148677229881287,-0.27771520614624023
-0.15925158560276031,-0.5851752161979675,0.27701205015182495,-0.1233578771352768,0.575843095779419,-0.09479347616434097,-0.24618647992610931,0.31099507212638855,-0.19366972148418427,-0.06959647685289383
0.28417912125587463,0.24555017054080963,0.23263363540172577,-0.33388444781303406,-0.17780931293964386,0.38837099075317383,0.09249658137559891,0.6940792202949524,-0.13063830137252808,-0.0594298392534256
-0.27661481499671936,0.23871709406375885,0.2642308175563812,-0.5942761301994324,0.07164931297302246,0.18667565286159515,-0.23136168718338013,-0.40179288387298584,0.17587821185588837,-0.39703506231307983
0.13148827850818634,0.07243338972330093,0.6772422194480896,0.05675651133060455,-0.15493766963481903,-0.2714480459690094,-0.23392415046691895,-0.02698269858956337,0.35775497555732727,0.48421141505241394
-0.36340776085853577,0.007765923161059618,0.1498214453458786,0.10055091232061386,0.318665087223053,0.3117844760417938,0.6544709205627441,0.05754849687218666,0.42373770475387573,0.15925319492816925
-0.3681311309337616,0.011778730899095535,-0.03718526288866997,-0.4881288707256317,-0.21948735415935516,-0.5223468542098999,0.3675762712955475,0.07454622536897659,-0.31180188059806824,0.25647619366645813
