-0.3225643038749695,-0.3622176945209503,0.35117438435554504,-0.4933236241340637,-0.07077307999134064,-0.08205968886613846,0.19817258417606354,-0.12728747725486755,-0.3159447908401489,0.2916819453239441,-0.07911103963851929,0.3737456500530243
0.17979714274406433,-0.1461056023836136,0.0711393728852272,0.6252952218055725,0.039174266159534454,0.2664678692817688,0.28049638867378235,0.12813054025173187,-0.3712292015552521,0.07987307757139206,-0.4063706398010254,0.27075299620628357
-0.5495931506156921,0.42288270592689514,0.05339404568076134,-0.011364168487489223,-0.11440999060869217,0.2025132179260254,-0.3675763010978699,0.2978125810623169,-0.1670605093240738,0.19537867605686188,-0.372346967458725,-0.18305230140686035
0.3461751639842987,0.43641021847724915,0.1713017225265503,-0.19032156467437744,-0.26873472332954407,-0.48653408885002136,0.37607714533805847,0.11052707582712173,0.0032269363291561604,0.022811472415924072,-0.3867869973182678,-0.10687698423862457
-0.4986332654953003,-0.1727730929851532,0.10124324262142181,0.3059762120246887,0.1384926736354828,-0.5177271366119385,0.1625993549823761,-0.025201953947544098,-0.16823922097682953,-0.4577004015445709,0.0013313189847394824,-0.25603488087654114
0.1127958670258522,-0.018003229051828384,0.3748857378959656,0.01961025595664978,-0.2429155707359314,0.32208383083343506,0.20590709149837494,-0.07504372298717499,-0.3257550299167633,0.09144727885723114,0.3556021451950073,-0.6279504895210266
0.20786765217781067,0.19237618148326874,0.52254718542099,-0.15035578608512878,0.484352171421051,0.16025826334953308,-0.2747720181941986,-0.2794724404811859,-0.08604633808135986,-0.3945099115371704,-0.21274809539318085,0.04392760992050171
0.12682926654815674,-0.25442996621131897,-0.34214839339256287,-0.08256563544273376,0.3287973403930664,-0.14508937299251556,-0.1078178659081459,-0.3542887270450592,-0.14514397084712982,0.3814946711063385,-0.3880074620246887,-0.4602607488632202
-0.10976600646972656,0.06600622087717056,0.4653441905975342,0.3475537896156311,0.2521517276763916,-0.16848796606063843,0.03899248316884041,-0.051926225423812866,0.4967769384384155,0.539217472076416,0.11101260036230087,-0.014233163557946682
0.1657128930091858,0.28574541211128235,-0.08052635937929153,0.06046273559331894,0.3040422201156616,-0.341357558965683,-0.20681627094745636,0.19249875843524933,-0.5580447316169739,0.2416473627090454,0.4410143196582794,0.16628962755203247
0.28459933400154114,-0.48192206025123596,0.2745819091796875,0.05283447727560997,-0.2825202941894531,-0.24419768154621124,-0.5582368969917297,0.37254443764686584,0.018669523298740387,-0.02006617560982704,-0.1039590910077095,-0.08449576050043106
-0.02403482422232628,0.16731606423854828,0.00922291912138462,0.2803829312324524,-0.5014137625694275,-0.14654242992401123,-0.3059749901294708,-0.6914032697677612,-0.1140483021736145,0.035614024847745895,0.0216470155864954,0.18285514414310455
