5.777721412414394e-08,2.8335566781834132e-08,1.0000005960464478,2.4318657310118397e-08,-1.536995739570557e-07,-2.867996897748526e-07,4.8122746676426686e-08,6.558467191553063e-08
1.517317258503681e-07,-7.115316691397311e-08,6.037037536543721e-08,-1.2173350683042372e-07,-8.057315170617585e-08,1.403937091026819e-07,-1.7485436387687514e-07,1.000002145767212
-6.215503667306166e-09,-1.4755816835076985e-07,9.665610889442178e-08,3.952385796424096e-08,1.0000020265579224,-6.482262193685528e-08,-8.552764052538464e-10,6.494882143215364e-08
-6.712576094969336e-08,9.016669366701535e-08,3.292718631087155e-08,1.000002145767212,-2.339761095981885e-08,-7.52309077256541e-08,-1.5309031198285084e-07,6.61522037148643e-08
1.0000020265579224,4.3804753602216806e-08,-1.618102913880648e-07,-7.3429120561741e-08,8.933587736237314e-08,-1.4252394819891379e-08,5.197168206905189e-07,1.2776830260463612e-07
-7.061478868308768e-08,2.0858072957707918e-07,3.289352434876491e-08,1.1845767033946686e-07,-1.5377636941593664e-07,0.9999976754188538,1.160953218004579e-07,-8.538282258996333e-08
5.502775124455184e-08,-7.92053995724018e-08,-9.72170610680223e-08,-6.892785897605336e-09,-9.233001030395371e-09,2.585291269951995e-07,0.9999976754188538,1.7252494899366866e-07
-8.892390468417943e-08,0.9999994039535522,6.782880745959119e-08,1.3133495713191223e-07,-7.310204352961591e-08,-5.384156409604657e-08,5.196860684009152e-07,5.214807785591802e-08
