-0.021209124475717545,0.11903740465641022,0.07699994742870331,-0.3377569019794464,0.37551549077033997,-0.4761432111263275,-0.5775498747825623,0.4050736129283905
0.34479641914367676,0.044014185667037964,0.3366695046424866,-0.2507283091545105,-0.2218356728553772,0.6360359787940979,-0.1458061784505844,0.47744548320770264
0.47819334268569946,-0.007412950042635202,-0.44858020544052124,-0.09459039568901062,0.6563137769699097,0.1850428432226181,0.30143338441848755,0.07248135656118393
0.03770595043897629,-0.3814239501953125,0.5098495483398438,0.0846262276172638,0.45493826270103455,0.22745653986930847,-0.296421617269516,-0.4893006384372711
-0.15935978293418884,0.5533022284507751,-0.3723512589931488,-0.10783258080482483,-0.0017673159018158913,0.3892311751842499,-0.46270182728767395,-0.3906296193599701
0.5093052387237549,0.5262458324432373,0.39467209577560425,-0.18572239577770233,-0.090144582092762,-0.3163360059261322,0.2084130346775055,-0.3489767014980316
0.3531525731086731,0.1681080162525177,-0.017056139186024666,0.8478105664253235,-0.0060714129358530045,-0.06332137435674667,-0.3054260313510895,0.1749763786792755
-0.4909904897212982,0.47646111249923706,0.35334470868110657,0.20504115521907806,0.4048382341861725,0.16489794850349426,0.3400508165359497,0.24145066738128662
