8.208152735278418e-08,-8.862770073392312e-08,8.782082261404867e-08,1.0000007152557373,-9.921510013555235e-08,-4.3456918064066485e-08,-2.4461786551910336e-07,4.919278850934461e-08
-7.631401643948266e-08,3.553684280177549e-08,1.325136054219911e-07,8.638056669951766e-08,-4.60371211374877e-07,1.888297873620104e-07,-4.5105181811777584e-08,1.0000016689300537
-1.2794734516319295e-07,-6.22443696585151e-09,-1.0752513190936952e-07,1.6854956541578758e-08,0.999998152256012,-4.9993797546221685e-08,1.9701056430676545e-07,2.9780311550098304e-08
-1.1131993460367084e-07,7.468459273241024e-08,-5.468467279001743e-08,1.523234658407091e-07,1.5093823435563536e-07,-1.893296399657629e-07,0.9999992251396179,1.817431467543429e-07
4.011948462334658e-08,-2.7669426572174416e-07,0.9999982714653015,-1.1235327690428676e-07,5.39610134353552e-08,5.1750816965068225e-08,-6.241560868147644e-08,-7.107011157359011e-08
1.0000020265579224,4.884299542595727e-08,7.552205971705916e-08,-6.92226578280497e-08,9.323179739340048e-08,-1.6310553974108188e-07,-2.0733659766847268e-07,8.163609521716353e-08
-6.3036162956109365e-09,2.713599833725766e-08,-1.949446044591241e-07,-7.925817868681406e-08,-7.056949868911033e-08,0.9999985694885254,7.805957125128771e-08,1.7265564622448437e-07
-3.6444696149828815e-08,0.9999983906745911,-1.9157160124905204e-07,-4.9890193309920505e-08,-4.035530576373958e-09,-7.031007953628432e-08,5.7055100199931985e-08,-4.3043801412068206e-08
