-0.2935691177845001,-0.3199908435344696,-0.0005687769735231996,0.14884015917778015,-0.1092839241027832,0.2088167816400528,-0.04640164598822594,-0.008066147565841675,-0.22407734394073486,0.21526484191417694,0.561241090297699,0.19557520747184753,-0.2121627777814865,0.41333043575286865,-0.2381359189748764,0.09564296901226044
-0.12894409894943237,0.08480144292116165,-0.06865470856428146,-0.19264742732048035,-0.3718486726284027,-0.492381751537323,-0.1041998341679573,-0.3315979838371277,-0.026326678693294525,-0.30320093035697937,-0.010061217471957207,0.4509240984916687,-0.15932613611221313,-0.05169343575835228,-0.24423867464065552,-0.22150039672851562
-0.21934764087200165,-0.15336094796657562,-0.2964218258857727,-0.011499335058033466,0.1300179809331894,0.20454268157482147,-0.2321767657995224,-0.4407702386379242,-0.3288145661354065,-0.35810571908950806,-0.35277676582336426,-0.18849189579486847,-0.06287496536970139,0.17281314730644226,0.1243196502327919,0.2963634431362152
-0.2937979996204376,0.11401281505823135,-0.5719480514526367,-0.058440327644348145,0.15489697456359863,-0.32104384899139404,-0.13541743159294128,-0.007403753697872162,0.18469296395778656,0.38813865184783936,0.11374500393867493,-0.2270282804965973,0.09134860336780548,-0.21786381304264069,-0.2625238001346588,0.22520847618579865
0.0241185761988163,-0.009754778817296028,-0.27144864201545715,0.430184006690979,-0.5275750756263733,-0.12408546358346939,0.1963236927986145,0.09210025519132614,0.07525521516799927,0.11052893102169037,-0.10204523801803589,0.031570449471473694,-0.30243104696273804,-0.031021080911159515,0.4705668091773987,0.23806113004684448
0.06230780482292175,0.37267759442329407,-0.3311462700366974,-0.05436594784259796,0.3920992314815521,0.12387652695178986,0.2343466877937317,-0.07777103036642075,0.24017007648944855,-0.11393003910779953,0.12842239439487457,0.056681253015995026,-0.4816056489944458,0.29916253685951233,0.12487670034170151,-0.29522812366485596
0.1388675719499588,-0.0876031368970871,-0.0016555663896724582,-0.0532473623752594,0.32954686880111694,-0.13744671642780304,0.35502466559410095,-0.12214145064353943,-0.5779815912246704,0.36316123604774475,-0.13474979996681213,0.29351991415023804,-0.19445200264453888,-0.3005673587322235,0.04026390239596367,0.04144800454378128
0.40055006742477417,-0.240738183259964,-0.1839379370212555,0.05239158496260643,-0.2720698118209839,0.0921032652258873,0.17796462774276733,-0.1363336592912674,-0.0191262885928154,0.16154582798480988,-0.2665501534938812,-0.3749273717403412,-0.13144569098949432,0.13460169732570648,-0.5015459656715393,-0.2953606843948364
0.08466874808073044,-0.25664401054382324,-0.3066422641277313,-0.22570063173770905,0.06315656006336212,-0.08308898657560349,-0.10477102547883987,0.3867272138595581,0.0602312907576561,0.14366886019706726,-0.3659602999687195,0.41428378224372864,0.25010403990745544,0.45341771841049194,0.10128647834062576,-0.04840076342225075
-0.15563872456550598,-0.31528958678245544,-0.24940037727355957,-0.29040423035621643,-0.1413707137107849,0.31869709491729736,-0.211233988404274,0.09553714841604233,-0.044656794518232346,0.035945672541856766,0.12764586508274078,-0.03915029391646385,-0.10861705988645554,-0.4400569796562195,0.29618391394615173,-0.49015146493911743
0.5562642216682434,0.23112423717975616,-0.30197110772132874,0.3137168288230896,0.010207947343587875,0.20850329101085663,-0.4289936125278473,-0.048939209431409836,-0.15572404861450195,-0.05946216359734535,0.22373823821544647,0.28081727027893066,0.17220328748226166,-0.15020164847373962,-0.08221331983804703,0.0431145541369915
-0.24529848992824554,0.2633648216724396,0.15076909959316254,0.22182311117649078,0.03583753481507301,0.05296947807073593,-0.3837893009185791,0.46347883343696594,-0.1881898045539856,0.034393977373838425,-0.3659522235393524,-0.004617917351424694,-0.4248286187648773,-0.06717152148485184,-0.2594440281391144,-0.09741165488958359
0.34463778138160706,-0.29551780223846436,-0.03384767845273018,-0.2021617889404297,0.12882530689239502,-0.40801292657852173,-0.12473121285438538,0.3523780107498169,-0.1351630985736847,-0.3493957817554474,0.27132469415664673,-0.2719866633415222,-0.31270837783813477,0.004787756595760584,0.03797587752342224,0.20466876029968262
0.1535489559173584,-0.36793816089630127,0.23020605742931366,0.0504063181579113,0.20854656398296356,0.029604947194457054,-0.30712997913360596,-0.28956490755081177,0.5367839336395264,0.20465533435344696,-0.14310850203037262,0.2063950002193451,-0.34453174471855164,-0.1336745172739029,-0.003680799389258027,0.18242736160755157
-0.008558510802686214,-0.05428307503461838,0.12534846365451813,0.3420202136039734,0.1628507822751999,-0.42991408705711365,-0.31054219603538513,-0.21243691444396973,-0.14236168563365936,0.22399747371673584,0.04908578842878342,-0.22991301119327545,0.11623819917440414,0.24740733206272125,0.31820619106292725,-0.45791709423065186
-0.18748697638511658,-0.36820340156555176,-0.15204760432243347,0.5479999780654907,0.2867344617843628,-0.06327899545431137,0.265177845954895,0.13626202940940857,0.13090190291404724,-0.39858657121658325,-0.026421185582876205,0.13760191202163696,0.15595397353172302,-0.2117161899805069,-0.18520909547805786,-0.17792512476444244
