-7.575255267511238e-08,0.9999979138374329,-2.5756926902431587e-07,3.05575120762569e-08,-1.2751256406318134e-07,1.6911160116706014e-07,-2.8258264705982583e-07,9.1145984981722e-08
-1.3945354737643356e-07,6.747620062697024e-08,-7.326732998080843e-08,6.547999475969846e-08,-2.902273479321593e-07,-8.785387706211623e-08,1.694903488669297e-07,1.0000011920928955
1.0000011920928955,-1.1163504609612573e-07,6.316476230949775e-08,6.752022585487794e-08,1.6515133438588236e-07,-1.3920375074860658e-08,8.837970000286077e-08,5.509003386805489e-08
6.760819104556504e-08,-4.494132497256942e-07,7.558914205674228e-08,6.618799375246454e-08,1.1739382443920476e-07,1.0000017881393433,-1.7473661273470498e-07,6.249116069056981e-08
9.097285413872669e-08,8.148941788022057e-08,-1.6237376598837727e-07,1.0000008344650269,4.368176931279777e-08,6.867558965950593e-08,-3.2192065901881506e-08,1.1370016039791153e-07
-2.0927485522292955e-08,-7.254628542341379e-08,-1.7928756790297484e-07,2.1373764980125998e-08,0.9999979138374329,-1.754736445036542e-08,1.1566386959316333e-08,-6.568189547806469e-08
6.772054206294342e-08,-3.3785589437229646e-08,-1.4563502759301628e-07,4.587213453532968e-08,-2.7960260240433854e-07,-6.659229967453939e-08,0.9999996423721313,6.175239519734532e-08
-1.0105060255227727e-07,2.3590449416133197e-07,0.9999983906745911,6.393351981159867e-08,-1.352392686726489e-08,2.0826451674338387e-08,-1.1407734490376242e-07,-1.2260456117019203e-07
