0.25016549229621887,-0.07657385617494583,-0.5038271546363831,0.014862456358969212,-0.49543505907058716,0.37673360109329224,0.4287441074848175,-0.32601264119148254
-0.04428376257419586,0.2803497612476349,0.012344462797045708,-0.31971028447151184,0.5255126357078552,0.1424078345298767,0.035631682723760605,-0.7206681966781616
-0.5685458183288574,0.24029827117919922,0.20201650261878967,0.2635178565979004,-0.5315699577331543,-0.10041394084692001,-0.2302088737487793,-0.40387436747550964
0.6891949772834778,0.09885741025209427,-0.043063998222351074,0.2410041242837906,-0.10617345571517944,-0.43786147236824036,-0.40613052248954773,-0.2955721914768219
0.14558616280555725,-0.2989967465400696,0.44735896587371826,-0.7203857898712158,-0.38084354996681213,-0.12359457463026047,0.004876947496086359,-0.09990517050027847
-0.15258070826530457,0.08170225471258163,-0.574103057384491,-0.4226701557636261,-0.08411900699138641,0.12108475714921951,-0.646312952041626,0.14946682751178741
0.2837729752063751,0.22356778383255005,0.4166714549064636,0.11648060381412506,-0.07434011995792389,0.7549225091934204,-0.3097153902053833,0.10465055704116821
-0.11053873598575592,-0.8378344178199768,-0.001411390956491232,0.24262548983097076,0.16400831937789917,0.19011427462100983,-0.2886190414428711,-0.2839052975177765
