-0.5893855094909668,-0.13349111378192902,0.1204424574971199,0.38593053817749023,-0.1734299510717392,-0.22967663407325745,0.005076838657259941,-0.16857565939426422,-0.3089444935321808,0.08453008532524109,0.06304392963647842,0.13847237825393677,0.13386017084121704,-0.2730608880519867,-0.32018232345581055,0.1983601152896881
0.40921199321746826,0.2009158581495285,0.13345974683761597,0.35807982087135315,0.14969827234745026,-0.309585303068161,0.5466920733451843,0.010550886392593384,-0.17295999825000763,0.10768672078847885,0.24673092365264893,0.06919202208518982,0.10233736038208008,-0.21750757098197937,0.23796916007995605,-0.0855756402015686
-0.14172570407390594,0.29766854643821716,0.3591650426387787,0.003096823813393712,0.17216765880584717,-0.06641259044408798,-0.18769876658916473,0.10670189559459686,-0.23159503936767578,0.2397971898317337,-0.271859735250473,-0.12878255546092987,0.4646460711956024,0.32779785990715027,0.018159091472625732,-0.3953719139099121
0.1158304437994957,0.0916639119386673,-0.0007333914400078356,-0.4304254651069641,-0.3208993375301361,-0.06489402800798416,0.18206222355365753,-0.297694593667984,-0.3873622417449951,-0.21322138607501984,-0.3419051468372345,-0.3398574888706207,0.03595791384577751,-0.35695576667785645,-0.019549204036593437,-0.08336447179317474
-0.1609039008617401,0.22988466918468475,0.3009771704673767,-0.2939909100532532,-0.26615405082702637,0.3812054693698883,0.4182628095149994,0.01036525797098875,0.34798482060432434,0.03703579679131508,0.22884373366832733,0.24390050768852234,0.2642437815666199,-0.06707044690847397,-0.20549973845481873,-0.04651182144880295
0.14659160375595093,-0.3108338415622711,0.20402321219444275,0.0228129755705595,-0.38550621271133423,-0.09158012270927429,-0.03142957389354706,-0.10937093198299408,-0.0862482562661171,-0.29986312985420227,0.12876276671886444,0.04138723015785217,0.38498353958129883,0.43263915181159973,0.33627402782440186,0.3250761032104492
0.10435846447944641,-0.2876855432987213,0.35898739099502563,0.2279140055179596,-0.18867993354797363,-0.10291250050067902,-0.16707928478717804,0.19632497429847717,0.28690651059150696,-0.2943439483642578,0.16833721101284027,-0.36515629291534424,-0.048457611352205276,-0.21581070125102997,-0.18449300527572632,-0.44641777873039246
-0.2531777024269104,-0.35765308141708374,-0.3696043789386749,-0.034980446100234985,0.14645515382289886,0.2177668809890747,0.40991246700286865,0.4697396755218506,-0.24099361896514893,-0.11507240682840347,0.06853193789720535,-0.2526187300682068,0.2302124947309494,0.06966491043567657,0.027051756158471107,-0.11909478902816772
0.1603408008813858,-0.04174669086933136,-0.24642939865589142,-0.002732844091951847,-0.36645230650901794,0.265171080827713,-0.3123711347579956,-0.028315382078289986,-0.37550029158592224,0.2581418454647064,0.395844429731369,0.2541167736053467,0.01453162357211113,-0.08617661148309708,0.09156236052513123,-0.40485313534736633
-0.049709074199199677,-0.2995606064796448,-0.28696295619010925,-0.11675543338060379,0.10136261582374573,-0.23552317917346954,-0.07091864943504333,-0.2536386549472809,0.4298207759857178,0.2074190080165863,-0.12614205479621887,0.10289035737514496,0.4854801893234253,-0.3157593607902527,0.23867613077163696,-0.17343270778656006
-0.32632237672805786,-0.003048089798539877,0.22634924948215485,-0.33973896503448486,0.08726029843091965,-0.2783469557762146,-0.060530323535203934,0.29587122797966003,-0.10240065306425095,-0.27815112471580505,0.04591196030378342,0.40733376145362854,-0.23365384340286255,-0.1682346761226654,0.43287402391433716,-0.15618345141410828
-0.23166793584823608,0.5090269446372986,-0.4078000485897064,-0.03553580120205879,-0.09389809519052505,-0.3515329658985138,-0.06438130140304565,-0.09205938130617142,0.1356418877840042,-0.29125693440437317,0.40930473804473877,-0.234440416097641,0.09295236319303513,0.1800183355808258,-0.027129027992486954,-0.08451081812381744
0.03863631933927536,0.13894526660442352,0.06074235215783119,0.13441960513591766,0.4531272351741791,0.4386839270591736,-0.2511698305606842,-0.19458115100860596,-0.12437962740659714,-0.4867155849933624,0.13096769154071808,0.04156499728560448,0.28470468521118164,-0.3039610981941223,0.06785924732685089,0.09711029380559921
0.14248020946979523,0.266099750995636,-0.2568158209323883,0.31705984473228455,-0.3427441120147705,0.012292534112930298,-0.059631895273923874,0.4216584861278534,0.09650682657957077,-0.24858498573303223,-0.4736977517604828,0.3119155466556549,0.17564299702644348,-0.12787488102912903,-0.05353636294603348,0.02400277368724346
0.18744561076164246,-0.20945404469966888,-0.09553223848342896,-0.10237982124090195,0.206534743309021,-0.19774790108203888,0.14571303129196167,-0.22976024448871613,-0.10434918850660324,-0.3130400478839874,-0.05703148618340492,0.43636372685432434,0.013911884278059006,0.2899080812931061,-0.5071642994880676,-0.3187437653541565
-0.28988537192344666,0.00891716405749321,-0.04012099653482437,0.37153932452201843,-0.10929243266582489,0.2693127691745758,0.25012072920799255,-0.4130350947380066,0.10827422887086868,-0.13631770014762878,-0.23520387709140778,0.010771652683615685,-0.26419416069984436,0.19881142675876617,0.36319229006767273,-0.36280620098114014
