-0.07912351191043854,-0.4920610189437866,-0.18419453501701355,0.17735277116298676,0.42132002115249634,0.35873013734817505,0.04087631031870842,-0.009809719398617744,-0.14223922789096832,-0.3367989659309387,-0.45515480637550354,-0.19348570704460144
-0.04836332052946091,0.3614155650138855,-0.21861408650875092,-0.19994837045669556,0.42187222838401794,0.09997459501028061,-0.6573055386543274,-0.20949901640415192,-0.2984222173690796,-0.02667723409831524,0.15972654521465302,-0.008682403713464737
-0.27590781450271606,-0.22992859780788422,-0.21477940678596497,-0.10297580063343048,-0.06278417259454727,-0.40748122334480286,-0.4351692199707031,0.35357800126075745,0.22258977591991425,0.30981242656707764,-0.41980403661727905,0.09020818024873734
-0.1371302455663681,0.027685901150107384,0.36395207047462463,-0.38899120688438416,-0.31456395983695984,0.1509849727153778,-0.02562820538878441,0.11584020406007767,-0.49834877252578735,0.15941137075424194,-0.2406550794839859,-0.4786987006664276
0.4612288773059845,0.26882606744766235,0.38585925102233887,-0.15751230716705322,0.19900454580783844,-0.257432222366333,-0.09065300971269608,0.2785564959049225,0.13840654492378235,-0.47095435857772827,-0.32834500074386597,0.029225777834653854
0.16696029901504517,0.016431810334324837,-0.017738154157996178,0.5291314125061035,0.020924944430589676,-0.5050215125083923,-0.09365848451852798,-0.2310156524181366,-0.09799277782440186,0.06802976876497269,0.019574273377656937,-0.5994341969490051
-0.14727436006069183,-0.45477643609046936,0.6590977907180786,0.004046619404107332,0.20388224720954895,0.033422213047742844,-0.3208182156085968,-0.08935853093862534,0.24159058928489685,0.03635198995471001,0.35056087374687195,-0.029816489666700363
-0.18116332590579987,-0.05623958632349968,-0.26601624488830566,-0.259633868932724,0.17434124648571014,-0.13988709449768066,0.1708696037530899,0.5207828879356384,0.0843205377459526,-0.25678640604019165,0.48931318521499634,-0.4037228226661682
0.22149574756622314,0.15138386189937592,-0.07908711582422256,-0.265337735414505,0.20859332382678986,0.28354331851005554,0.09048063308000565,-0.17340393364429474,0.5910884737968445,0.39449506998062134,-0.15097856521606445,-0.4017360508441925
0.40795066952705383,-0.444979190826416,-0.1397852897644043,-0.4893289804458618,0.15212254226207733,-0.3664077818393707,0.17859475314617157,-0.2856653332710266,-0.2535998523235321,0.1399284154176712,0.07093961536884308,0.12947507202625275
-0.5765731930732727,0.15009385347366333,0.05391518771648407,-0.25911399722099304,0.016368703916668892,-0.3054050803184509,0.19982793927192688,-0.5086151957511902,0.18767838180065155,-0.34217333793640137,-0.1702520102262497,-0.03920390456914902
0.2311556339263916,-0.2182813137769699,-0.23793599009513855,-0.13207857310771942,-0.6022430062294006,0.15017396211624146,-0.3835667073726654,-0.19249722361564636,0.22284036874771118,-0.4224745035171509,0.07644203305244446,-0.1464540958404541
