0.09694601595401764,0.43743082880973816,0.05737506225705147,-0.23937004804611206,-0.04886302351951599,-0.015529513359069824,0.11899973452091217,-0.20881621539592743,0.06223343685269356,-0.10060743242502213,0.568613588809967,0.37938424944877625,-0.22092844545841217,-0.3370802700519562,0.10722966492176056,0.15196923911571503
0.019693324342370033,0.14101451635360718,0.3206026554107666,0.4712674915790558,0.15230470895767212,-0.24428912997245789,0.2508646547794342,-0.2816862463951111,0.26480957865715027,-0.09588748961687088,-0.3456645607948303,-0.1927221566438675,-0.16385795176029205,-0.336801677942276,0.049093663692474365,0.2259550839662552
0.27678459882736206,0.03790627792477608,0.011938625946640968,-0.11707928776741028,-0.292866975069046,0.2615066468715668,-0.14245331287384033,0.24127884209156036,-0.012894515879452229,-0.4917507469654083,-0.06909827142953873,-0.406539648771286,-0.5078927874565125,-0.036480847746133804,-0.030497616156935692,0.05645860359072685
0.4464521110057831,-0.10904137790203094,0.595720648765564,-0.30073240399360657,-0.25133994221687317,-0.0706329420208931,0.10108630359172821,-0.04009263962507248,-0.1055660992860794,0.036047257483005524,-0.13954417407512665,0.08875025063753128,0.3034437596797943,-0.13219845294952393,-0.2916963994503021,-0.17043164372444153
-0.2396996021270752,-0.3179478049278259,0.23758050799369812,-0.26842305064201355,0.14854583144187927,0.09804215282201767,-0.20838287472724915,-0.17534460127353668,0.2221093326807022,0.13901986181735992,-0.24723920226097107,0.35431399941444397,-0.5600597858428955,0.018988588824868202,-0.0007319928845390677,-0.1943153440952301
0.10766053944826126,-0.45843860507011414,-0.07991547137498856,-0.07307684421539307,-0.08955003321170807,-0.027391795068979263,0.31127628684043884,0.3215128779411316,0.37015947699546814,-0.27887579798698425,-0.040818702429533005,0.3144501745700836,0.1675688475370407,-0.031821731477975845,0.37015500664711,0.27575504779815674
0.07266213744878769,0.076177679002285,0.10100354999303818,0.32889628410339355,0.01926392689347267,0.06680313497781754,0.3168381452560425,0.4291168451309204,-0.5549339056015015,0.16102294623851776,-0.1212436705827713,0.3640003800392151,-0.3123268783092499,0.005970074329525232,0.04398338869214058,-0.02419845573604107
0.19616089761257172,-0.29447129368782043,0.15532104671001434,-0.11706462502479553,0.5731039643287659,0.1096150353550911,0.2390957474708557,-0.24566173553466797,-0.2558671832084656,-0.13613058626651764,0.26121386885643005,-0.17943185567855835,-0.08495479077100754,0.3268223702907562,-0.05810127779841423,0.27778252959251404
-0.3863352835178375,-0.04133370518684387,0.40975505113601685,-0.15421925485134125,-0.32328513264656067,-0.11225055158138275,0.19475629925727844,0.11647683382034302,-0.030739983543753624,0.3206910192966461,0.23639807105064392,-0.38682079315185547,-0.09237981587648392,0.15192189812660217,0.3688872456550598,0.10839080065488815
-0.09194894880056381,0.23353207111358643,-0.11013440787792206,-0.46244531869888306,0.2918011546134949,0.4143823981285095,0.19929610192775726,0.1170065701007843,-0.06183750554919243,0.19177983701229095,-0.3775879740715027,-0.16554859280586243,0.14789849519729614,-0.36163678765296936,0.14244090020656586,0.13124284148216248
0.09455298632383347,0.46287423372268677,0.0733431950211525,-0.2230478823184967,0.29047760367393494,-0.356453537940979,0.15353401005268097,0.32279807329177856,0.31060487031936646,-0.09491293132305145,-0.11608722060918808,0.003946898505091667,-0.06198924034833908,0.45728057622909546,-0.011659912765026093,-0.2245205044746399
-0.3056376874446869,0.17103582620620728,-0.036648452281951904,-0.1466113030910492,-0.2837676703929901,-0.013548539951443672,0.17886288464069366,-0.41386738419532776,-0.31475940346717834,-0.44421645998954773,-0.34177258610725403,0.1897306591272354,0.0991423949599266,0.3052326738834381,0.12145375460386276,0.05961345508694649
-0.30074161291122437,-0.16982871294021606,-0.12572576105594635,-0.2760751247406006,0.08084462583065033,-0.5973510146141052,-0.049166444689035416,0.21999472379684448,-0.2477133870124817,-0.15200400352478027,-0.013307872228324413,-0.05389581620693207,-0.0837646871805191,-0.3098451495170593,-0.3617406487464905,0.23040127754211426
-0.10246255248785019,0.1977376788854599,0.22723087668418884,0.061768412590026855,-0.07117298990488052,0.20875801146030426,-0.3020537495613098,0.16494667530059814,0.14344608783721924,0.10848093032836914,-0.07398049533367157,0.19404947757720947,0.08545340597629547,0.25477346777915955,-0.32112860679626465,0.6906924247741699
0.469877690076828,0.02110084891319275,-0.17518281936645508,-0.14190222322940826,-0.05315011739730835,-0.3576291799545288,-0.33692866563796997,-0.15890102088451385,-0.18526728451251984,0.2986851930618286,-0.2223767787218094,0.008567110635340214,-0.11066406965255737,0.0842256098985672,0.4348798096179962,0.2773582339286804
0.14031001925468445,-0.05941801890730858,-0.39605244994163513,-0.09022103250026703,-0.312375545501709,-0.0025294118095189333,0.5041182041168213,-0.18714289367198944,0.1958046704530716,0.35490965843200684,-0.05812578275799751,-0.054594654589891434,-0.23906700313091278,0.14754796028137207,-0.4042210876941681,0.109839528799057
