1.3624698169678595e-07,4.614873461150637e-08,-1.3985476243760786e-07,-2.0007213663575385e-07,0.9999986886978149,-8.946211949023564e-08,-2.47291268351546e-07,-8.02089985540988e-08
1.333905572664662e-07,7.543031443901782e-08,5.9112185368803694e-08,-8.264711937044922e-08,3.269496318125675e-08,7.702583815216713e-08,0.9999993443489075,-2.74538280109482e-07
8.692077102523399e-08,2.612432297155465e-07,7.845279981211206e-08,1.3201525916883838e-07,1.6131801672258916e-08,0.9999983310699463,-6.752231485052107e-08,1.3871301973722439e-07
1.4765323896881455e-07,-2.224720816457193e-07,-1.9062775891143247e-07,-1.0204573896999136e-07,3.0012449769856175e-07,1.7639003146996401e-07,-3.3072791172372717e-09,0.999998152256012
-2.0538612943710177e-07,-2.2690306877848343e-07,9.95726168184774e-08,1.0000019073486328,-5.805170122386016e-09,-1.904543012187787e-07,-2.6976067601935938e-08,6.721894152406094e-08
-1.1335681193713754e-07,1.0000001192092896,1.6907087285744637e-07,-7.011747271690183e-08,-4.923511909282752e-08,-9.114938137599893e-08,1.269094251910019e-08,-2.2970021973378607e-07
1.957702266963679e-08,9.136004308629708e-08,0.999998152256012,3.646487201081072e-08,7.724617034909897e-08,-1.3820732647218392e-07,-4.602241432394294e-08,2.9558767877801984e-08
0.9999990463256836,1.4158775485384467e-08,1.3568738665981073e-07,-1.5628050675786653e-07,-5.06597430671718e-08,1.0292194474459393e-07,5.3242185771296135e-08,-1.1113148445929255e-07
