0.2539273500442505,0.3473895788192749,-0.2781640291213989,-0.18069078028202057,-0.10748213529586792,0.027320653200149536,-0.2591390907764435,0.06167459860444069,-0.3921632468700409,0.09078329801559448,0.0383785255253315,0.5266634821891785,0.06425770372152328,0.11079119890928268,0.25718554854393005,-0.31325873732566833
-0.059834372252225876,-0.04365863278508186,0.08882366865873337,-0.1067226380109787,-0.18812300264835358,-0.05082452669739723,-0.5253636837005615,-0.395617812871933,0.37721338868141174,-0.20137692987918854,0.03726118430495262,0.2712331712245941,-0.4341447353363037,0.014230608008801937,-0.2369525283575058,-0.0459800660610199
0.13956435024738312,-0.08523941040039062,0.5023162364959717,0.15400995314121246,-0.284124493598938,-0.5238961577415466,-0.03890746086835861,-0.0460706390440464,-0.25760987401008606,0.2456970065832138,0.4129121005535126,-0.025925852358341217,-0.08629202842712402,-0.067379429936409,0.16119840741157532,0.05015440285205841
-0.10566438734531403,0.22808709740638733,-0.01455230638384819,-0.1657968908548355,-0.11191055178642273,-0.02251475676894188,-0.3342586159706116,0.1448230892419815,-0.1015201136469841,0.0853518694639206,-0.012324652634561062,-0.34952300786972046,0.17929817736148834,-0.6538397669792175,-0.3055952489376068,-0.2653789520263672
0.38391491770744324,0.043802615255117416,0.3044179677963257,-0.42483028769493103,0.13148382306098938,0.282505601644516,-0.1830097734928131,-0.3414198160171509,0.043745964765548706,0.27457737922668457,-0.1412922739982605,-0.3754161596298218,0.0960158258676529,0.17831408977508545,0.2226121574640274,0.04006567224860191
-0.031137757003307343,0.2046378254890442,-0.14261087775230408,0.3236519694328308,-0.5001507997512817,0.04981767386198044,0.060875844210386276,-0.026180606335401535,0.16538572311401367,0.005938767921179533,-0.319703608751297,-0.31540998816490173,-0.28743594884872437,-0.028819745406508446,0.4751116931438446,-0.19177864491939545
-0.12734782695770264,-0.27006059885025024,-0.14390432834625244,-0.08616737276315689,0.338564932346344,-0.16660712659358978,-0.3536520004272461,0.3937748968601227,0.22057870030403137,0.35653701424598694,-0.09512797743082047,0.07257673889398575,-0.20450133085250854,-0.17642754316329956,0.40571290254592896,0.18045108020305634
0.0016787875210866332,0.26622214913368225,0.01142874639481306,-0.4091624617576599,-0.35328030586242676,0.15252692997455597,0.38824161887168884,0.15737119317054749,0.3835696876049042,0.2598402798175812,0.2287929654121399,0.2298198938369751,-0.05168205127120018,-0.18552738428115845,-0.01943749003112316,0.2841370701789856
-0.19521832466125488,-0.3558313846588135,-0.3406248688697815,-0.04181152209639549,-0.11635774374008179,-0.05427001416683197,0.1376080960035324,-0.2598358690738678,0.062494728714227676,0.5831669569015503,0.11537180095911026,-0.051443878561258316,0.0499267652630806,0.18804872035980225,-0.1963861584663391,-0.42213353514671326
0.5346883535385132,-0.2906396687030792,-0.4494892358779907,-0.041548095643520355,0.05126313492655754,-0.09492740780115128,0.15411721169948578,-0.26444631814956665,0.02797084115445614,-0.24096718430519104,0.2334136962890625,-0.0822046622633934,-0.07251566648483276,-0.41559261083602905,0.13566960394382477,0.06385421007871628
0.004136054776608944,0.4705086946487427,0.06120571494102478,0.280682235956192,0.4433351755142212,-0.2540845274925232,0.10493268817663193,-0.29092472791671753,0.42835745215415955,0.11020399630069733,0.09128671139478683,0.11442093551158905,0.22433985769748688,-0.11953499168157578,0.12010606378316879,-0.2078935205936432
0.3675391972064972,0.06467509269714355,-0.1842024177312851,0.3911501467227936,-0.15605022013187408,0.15233582258224487,-0.3536095917224884,0.2956116795539856,0.27516233921051025,0.11657612025737762,0.303394079208374,-0.15456533432006836,0.23854567110538483,0.2815007269382477,-0.21107909083366394,0.1669589728116989
-0.0963936597108841,-0.349660724401474,0.28105428814888,0.27397873997688293,-0.1147727444767952,0.5383449792861938,-0.07071838527917862,-0.10353134572505951,0.057734306901693344,0.014460328966379166,0.08351044356822968,0.3188694715499878,0.3238019347190857,-0.32404279708862305,0.24406157433986664,-0.1186155378818512
-0.4494226276874542,0.18099351227283478,-0.17140592634677887,-0.06316639482975006,0.1267668753862381,0.24966925382614136,-0.11421807110309601,-0.1407061666250229,-0.15227773785591125,-0.13033956289291382,0.6373149752616882,-0.2632078230381012,-0.12840819358825684,0.09168154746294022,0.2696724832057953,0.08602416515350342
-0.03880620747804642,-0.197114497423172,0.09604977816343307,-0.35503166913986206,-0.12339232861995697,-0.23506484925746918,0.0008535856031812727,0.27044764161109924,0.3330221474170685,-0.4146652817726135,0.14506524801254272,-0.09595254063606262,0.32470232248306274,0.20483335852622986,0.2293502390384674,-0.4094504117965698
-0.25462546944618225,-0.00038732896791771054,-0.2345554232597351,-0.06577066332101822,-0.26720771193504333,-0.285052090883255,-0.18387801945209503,-0.3261604309082031,-0.029731202870607376,-0.0215041171759367,-0.20139338076114655,0.0341193862259388,0.5382518172264099,0.01808122545480728,0.13124015927314758,0.4823310673236847
