0.13811251521110535,0.42556729912757874,-0.03288787230849266,0.4363199770450592,-0.4786475598812103,0.5367283225059509,-0.2490582913160324,-0.1707335263490677
-0.5024840831756592,0.5315694808959961,0.39225244522094727,-0.30647945404052734,0.12904205918312073,0.09687134623527527,0.24833454191684723,-0.35978665947914124
-0.2686347961425781,0.042702462524175644,0.23105469346046448,-0.2225208580493927,0.006228679325431585,-0.08137992769479752,-0.8643085360527039,0.2634800970554352
0.2866591215133667,0.4525095522403717,0.3946722149848938,0.21454499661922455,0.12656736373901367,-0.16953006386756897,0.19953665137290955,0.6532164812088013
0.36024343967437744,0.13062693178653717,-0.12052730470895767,-0.05368872359395027,0.783950924873352,0.4000909924507141,-0.20015046000480652,-0.14504796266555786
-0.42084136605262756,0.38132593035697937,-0.6760085821151733,0.2947697937488556,0.19992052018642426,-0.27200478315353394,-0.03885457664728165,0.1346891224384308
0.27255281805992126,0.3017374575138092,-0.4030458927154541,-0.7281306982040405,-0.28372278809547424,0.10333779454231262,0.06406174600124359,0.2162611037492752
0.43923792243003845,0.2760806679725647,0.044063616544008255,0.014356369152665138,-0.05602482333779335,-0.6499508619308472,-0.20924676954746246,-0.5092572569847107
