-7.887688724395048e-08,9.300807590761906e-08,-6.076219705164476e-08,-1.2576514052398124e-07,5.3243724096319056e-08,-7.013526470700526e-08,-5.665194890980274e-08,0.999998152256012
8.503151605054882e-08,1.0000028610229492,1.9614407875678808e-08,-8.033435960896895e-08,-4.981686529959006e-08,8.209659085878229e-08,1.0430034080854966e-07,-1.144116890117175e-08
1.0,3.686693972326793e-08,1.5980165812834457e-07,-9.06836348235629e-08,8.301797294052449e-08,-6.746188319084467e-08,-3.894178917107638e-07,-1.4314926488623314e-07
-1.3635123252697667e-07,-3.7271608022138025e-08,1.0000009536743164,7.111638211654281e-08,1.1089753826354354e-07,-1.764821035976638e-07,-6.648866701652878e-08,3.626496081210462e-08
-1.7580215683210554e-07,3.965080708212554e-08,-1.421016975200473e-07,2.1370698988221193e-08,-2.1685178808183991e-07,1.2742468413762253e-07,1.0000014305114746,-1.649259928626634e-07
1.0292848884319028e-07,2.3688542682975822e-08,4.3224915202699776e-08,-6.002958485851195e-08,4.395153041514277e-08,0.9999977350234985,-4.026613282803737e-07,-6.310376665652484e-09
2.384543940081585e-08,1.9466072842533322e-07,7.451350114706656e-08,1.0000019073486328,-1.7767931126400072e-07,1.1714333503221042e-08,-4.47022046046186e-08,9.233741593561717e-08
-1.260174968820138e-07,-9.740558226667417e-08,2.597853381303139e-07,3.918525592894184e-08,1.000001072883606,-2.3514770575161492e-08,-4.722061319739623e-08,-1.4298097994469572e-07
