5.5397958220737564e-08,-1.1527077958817245e-07,1.4830645511665352e-07,5.008371317671845e-08,1.0000017881393433,1.2972093088592374e-07,-1.1216283724024834e-07,6.932047114105444e-08
-2.6883160586521626e-08,-8.29477357910946e-08,-4.0396187728219957e-08,1.0000011920928955,-9.540703871380174e-08,1.3023839073866839e-07,-8.551112529175953e-08,-9.555690638762826e-08
-6.796165763489626e-08,-6.76603164606604e-08,-1.1658505627565319e-07,5.462794216981592e-09,-1.2660153458909917e-07,-8.053084421533185e-09,-1.5630348570994101e-07,1.0000019073486328
6.289099019340938e-08,6.607591274132574e-08,7.901920895392323e-08,-1.868740717725359e-08,-7.406623758754449e-09,-5.8837290595192826e-08,1.0000004768371582,-7.926472278541041e-08
-7.66571233157265e-08,-6.674029862097086e-08,1.0000011920928955,-1.57418931223674e-08,-4.116211371751888e-08,2.8237113269824476e-07,1.7361185200570617e-07,-1.132346483245783e-07
5.7863854152628846e-08,1.0000016689300537,-3.071102483431787e-08,-2.2528990939463256e-07,-2.0346435647411454e-08,3.3327779647152056e-07,8.334045276114921e-08,-4.9113246802789945e-09
0.9999988675117493,1.1685579437425986e-07,-7.908287358304733e-10,-1.692984312740009e-07,-1.2554293959965435e-07,-3.7826856669198605e-07,-2.0844917969498056e-07,-4.534889228580141e-07
2.6973861366741403e-08,8.027880582517355e-09,9.618626251040041e-08,9.494412012145403e-08,-3.265330761337282e-08,0.9999988079071045,1.209630227094749e-07,1.394318047687193e-07
