0.19568489491939545,-0.2880766987800598,0.029979955404996872,0.39547473192214966,0.4155556857585907,0.01744929328560829,0.4892090857028961,0.3935392498970032,-0.18127454817295074,0.20802205801010132,-0.0370834618806839,0.052534669637680054,0.0007718175183981657,-0.15768280625343323,0.21670174598693848,-0.046234581619501114
-0.20876002311706543,0.4838566482067108,0.07222546637058258,0.06088443845510483,0.2838841378688812,-0.5811196565628052,0.16367009282112122,-0.1340615600347519,-0.11940331012010574,0.04680022969841957,0.1842363178730011,-0.016693735495209694,-0.39725935459136963,-0.14003410935401917,-0.09889427572488785,0.11159927397966385
0.03974054753780365,0.19047412276268005,0.0688256099820137,-0.00932700652629137,0.5192753672599792,0.21934115886688232,0.10960333794355392,-0.31133946776390076,0.1537960320711136,-0.10461694747209549,-0.009751898236572742,-0.4433738589286804,0.2226431965827942,0.15940521657466888,-0.11840395629405975,-0.45862823724746704
0.10586602240800858,-0.007217586971819401,0.15693411231040955,-0.31699052453041077,0.4014928638935089,0.24798913300037384,-0.35457029938697815,0.3053985834121704,-0.47874370217323303,-0.24281731247901917,0.03134411573410034,-0.07533470541238785,-0.14647641777992249,-0.02435632236301899,-0.198788121342659,0.25606077909469604
0.314642071723938,0.2703653573989868,0.1573171615600586,0.043204594403505325,-0.10363336652517319,0.02910628356039524,-0.252034068107605,-0.10829697549343109,-0.21793517470359802,0.08385557681322098,-0.5093425512313843,0.10977865010499954,-0.2767787575721741,-0.19692759215831757,0.33166933059692383,-0.4037949740886688
-0.26467040181159973,0.04808884859085083,0.5626367330551147,0.04617312178015709,0.0919685810804367,-0.12311090528964996,-0.04994826391339302,-0.11074920743703842,-0.0854944959282875,-0.20707234740257263,-0.032724883407354355,0.3070879280567169,0.581951379776001,-0.19794747233390808,0.2047809660434723,0.0722593143582344
0.3473018407821655,0.12977884709835052,0.17948386073112488,0.2856403887271881,0.21807809174060822,0.23312543332576752,-0.19301298260688782,-0.07114162296056747,0.5822159647941589,-0.005350764375180006,0.07809822261333466,0.3186376392841339,-0.1647244542837143,-0.15674051642417908,-0.18758055567741394,0.2664390504360199
0.003808140056207776,0.2954234480857849,0.20921625196933746,0.17702355980873108,-0.3592565655708313,0.4563177227973938,0.18409664928913116,-0.10261647403240204,-0.24964626133441925,0.24235235154628754,0.2790929079055786,-0.3321477770805359,0.037427887320518494,-0.33579614758491516,-0.0613124743103981,0.16940389573574066
0.386253297328949,-0.34493276476860046,0.05470382049679756,-0.27202996611595154,0.004363296087831259,-0.2714585065841675,0.1776735782623291,-0.40138909220695496,0.004980235826224089,0.0058554839342832565,-0.28035736083984375,-0.2664273679256439,0.07694213092327118,-0.33800065517425537,-0.1411564201116562,0.3141888678073883
-0.17315377295017242,-0.44506698846817017,0.06411564350128174,0.1484166830778122,0.003218904370442033,-0.13666051626205444,-0.3946009874343872,-0.015994613990187645,0.02046452835202217,0.0627547949552536,0.3262229263782501,-0.1048419252038002,-0.12459516525268555,-0.46699607372283936,-0.1826881319284439,-0.42706984281539917
-0.060501568019390106,0.0050535076297819614,0.5164380073547363,-0.35801756381988525,-0.13588815927505493,-0.038328904658555984,0.23010297119617462,0.3541724979877472,0.20937907695770264,0.3139737546443939,-0.1713612824678421,0.04245910048484802,-0.08799319714307785,0.08647581934928894,-0.40584996342658997,-0.22268487513065338
-0.5301950573921204,-0.1422637403011322,0.08215351402759552,0.140589639544487,0.18142445385456085,0.12810681760311127,-0.22814805805683136,-0.051620908081531525,0.15656758844852448,0.34834444522857666,-0.41863563656806946,-0.2958023250102997,-0.15458180010318756,0.05519382655620575,0.17747662961483002,0.3178763687610626
0.08078286796808243,0.07137670367956161,-0.10280821472406387,0.49035775661468506,-0.059787359088659286,-0.17335493862628937,-0.1903439164161682,-0.007846476510167122,-0.2917077839374542,0.15547284483909607,-0.2827412784099579,0.037815310060977936,0.2948102653026581,0.1925937533378601,-0.5936317443847656,0.01996428146958351
0.11106415838003159,-0.057393644005060196,0.33973732590675354,0.3476754128932953,-0.2503880560398102,-0.1972983032464981,-0.0071034603752195835,0.2428147792816162,0.12890493869781494,-0.5369964241981506,-0.04573945328593254,-0.45470765233039856,-0.16568511724472046,0.1884372979402542,0.0879707932472229,0.053937625139951706
-0.007850265130400658,0.3453892469406128,-0.338533878326416,-0.10694678127765656,0.014484651386737823,-0.12488279491662979,-0.11543284356594086,0.4925892651081085,0.26996496319770813,-0.040853336453437805,-0.17129477858543396,-0.23445747792720795,0.3335345983505249,-0.46062979102134705,0.016307031735777855,0.016584837809205055
0.36440566182136536,0.04501259699463844,0.16145458817481995,-0.07523327320814133,0.04658661037683487,-0.28104981780052185,-0.3422132432460785,0.07894012331962585,0.023251432925462723,0.48770612478256226,0.3436429500579834,-0.20508882403373718,0.22058726847171783,0.2942771315574646,0.29820138216018677,0.07887960225343704
