0.24775414168834686,-0.10743346065282822,-0.05869919806718826,-0.1574282944202423,0.654651403427124,-0.0759517103433609,0.27365347743034363,0.6241989135742188
0.17126013338565826,0.2630425989627838,0.5414808988571167,-0.020898044109344482,-0.24993067979812622,-0.11761481314897537,0.7274780869483948,-0.04817195236682892
-0.24512247741222382,-0.03827299922704697,-0.17371104657649994,0.8113230466842651,-0.05355720967054367,0.3266686797142029,0.2753940224647522,0.25417643785476685
0.08063267916440964,-0.7857298254966736,0.3622877597808838,-0.1430583894252777,-0.1618722677230835,0.442295104265213,0.010540635325014591,0.049716170877218246
-0.32523593306541443,-0.42435210943222046,0.18541549146175385,0.22591513395309448,-0.022070787847042084,-0.7887309193611145,-0.03187433257699013,0.07161890715360641
-0.0922350212931633,-0.17593586444854736,-0.635000467300415,-0.35310089588165283,-0.49255430698394775,-0.10119375586509705,0.37531545758247375,0.1972895860671997
-0.770490288734436,0.23940567672252655,0.27393510937690735,-0.32896608114242554,-0.00847800262272358,0.19394586980342865,-0.06680062413215637,0.3515963852405548
-0.3670930564403534,-0.1791369765996933,-0.17111757397651672,-0.11014746129512787,0.48654434084892273,0.09004317224025726,0.4166504740715027,-0.6109893918037415
