-0.13203279674053192,-0.6069389581680298,-0.2808605432510376,0.23244436085224152,-0.0420907624065876,-0.6429656147956848,0.22492317855358124,-0.12454906851053238
0.6623843312263489,-0.04727145656943321,0.48437902331352234,-0.3840545117855072,-0.02741931937634945,-0.3865319788455963,0.07151732593774796,-0.1470341980457306
-0.04158350080251694,-0.2862984538078308,-0.32699692249298096,-0.7180845141410828,0.30128079652786255,0.1696794182062149,0.25930777192115784,0.32700303196907043
-0.5787068605422974,-0.06236349791288376,0.3460046052932739,-0.4027037024497986,-0.4603661000728607,-0.22452792525291443,-0.3178682029247284,0.12620770931243896
-0.1412731409072876,0.21331101655960083,-0.14514455199241638,-0.1494682878255844,0.6337299346923828,-0.3398290276527405,-0.5428832769393921,-0.28162336349487305
0.3585432767868042,0.14140325784683228,-0.3843826651573181,0.07692790776491165,-0.24335512518882751,-0.2610527276992798,-0.4068939983844757,0.6362805366516113
-0.2186141163110733,0.6497358679771423,-0.010455223731696606,-0.023279570043087006,0.06646130234003067,-0.4167236089706421,0.5617875456809998,0.1889958679676056
-0.10430990159511566,-0.23639050126075745,0.5393722057342529,0.3030757009983063,0.4790804088115692,-0.02634248323738575,-0.011158851906657219,0.565798282623291
