-6.768656390931937e-08,-1.0241588199733087e-07,8.030441023265666e-08,6.308674471711129e-08,-7.976941418519345e-08,-3.5914048623908457e-08,-5.136191560950465e-08,0.9999998807907104
-4.977506051773162e-08,-1.4137620496512682e-07,1.8859265082937782e-07,1.1802859489762341e-07,4.248631668701819e-08,1.0000027418136597,3.310045570970033e-08,2.1532443383875943e-08
-1.0170568032208394e-07,1.027173297529771e-07,-2.5398307457180636e-07,5.730622731903168e-08,2.3249957337156957e-07,3.305418161403395e-08,1.0,5.569133421090555e-08
1.413906858260816e-08,2.4331035319846706e-07,2.551089783864313e-09,-9.262025457701384e-08,0.9999989867210388,1.4045974694454344e-07,9.809387790937762e-08,-3.3254924147740894e-08
-1.8913760868599638e-07,-1.3133616505456303e-07,0.9999982714653015,1.2565399742925365e-07,-1.1603788152569905e-07,-2.1676825667782396e-08,3.7825256526957673e-07,-1.3305874801972095e-07
-2.2209544425777494e-08,0.9999991655349731,-1.1277174394308531e-07,-9.907878251169677e-08,2.7280142589347633e-08,2.6575794009886522e-08,-4.29671160873113e-08,-1.3344603644327435e-07
2.2922260711766285e-07,8.220918346069084e-08,8.199137369047094e-08,1.000001072883606,1.0407031680870205e-07,1.4664391301266733e-07,-2.1672906314051943e-07,-3.843592555341502e-09
0.9999977946281433,-1.722410019056042e-07,-5.73523140090515e-09,-1.2570680496537534e-07,-9.604450923461627e-08,2.602729978207208e-07,8.188918343421392e-08,-2.3941611360100978e-08
