1.0000007152557373,-4.7243054268619744e-07,2.7438114003075498e-08,8.9039140505065e-08,-7.933903312107304e-09,-5.0635126314091394e-08,-6.296104260172797e-08,-3.604349529950923e-08
8.459085165668512e-08,-3.4048761676785944e-07,-8.457987377141762e-08,-1.2880458655217808e-07,-8.271909024415436e-08,2.6521965423853544e-07,-6.86240966274454e-08,0.9999976754188538
2.5155433291956797e-08,-2.227467348348e-07,0.9999982714653015,-1.101374138556821e-07,-6.32885814866313e-08,-5.382546675036792e-08,1.3045781122045241e-09,-6.664320295612924e-08
-2.5518531288071244e-08,-5.256648449858403e-08,3.031856579127634e-07,-9.056832794840375e-08,-5.2744184131370275e-08,1.4984722440658516e-07,0.9999975562095642,1.0412954054572765e-07
1.850522934887522e-08,4.1209780476947344e-08,-9.391334998554157e-08,-3.6883707821289136e-07,1.274591454603069e-07,1.0000007152557373,9.039211334993524e-08,1.9881112223174568e-07
-4.675851528190833e-08,0.9999990463256836,-6.767730553747242e-08,9.897141239889606e-08,4.664999053716201e-08,8.003113549648333e-08,-1.1304133096246005e-07,1.4769466361030936e-07
-1.3095453255118628e-07,8.037176968400672e-08,-6.031686705654238e-09,0.999997615814209,4.970643630031191e-08,3.1932486876939947e-07,-1.0370501968282042e-07,4.7113534407117186e-08
-3.5203687076545975e-08,2.0326422145444667e-07,3.7756046822323697e-07,-6.861485246645316e-08,0.9999992251396179,-3.758126254638228e-08,4.4268400500868665e-08,1.5088705396237856e-08
