-9.54734602487406e-08,2.3467568155410845e-07,5.120395485391782e-08,8.168796483687402e-08,5.601396324550478e-08,-6.449450040690863e-08,1.0000004768371582,-6.506985172904933e-09,-8.253507388644721e-08,8.350941982371296e-08,1.0689741714031697e-07,3.795908654069535e-08,-2.3582176211789374e-08,5.1552287771983174e-08,2.5578392737202194e-08,-8.183023680885526e-08
-4.0134221279686244e-08,-8.29662294421496e-09,4.291855759674945e-08,6.479216096977325e-08,-1.7606234692379985e-08,5.505917499704083e-08,-1.329946712758101e-07,2.2907231311819487e-07,6.752176773261453e-08,6.996601342734721e-08,0.9999992847442627,-9.780497123301757e-08,2.141280042167182e-09,-3.7922202267282046e-08,-1.2166519525180775e-07,1.4344301746405108e-07
-6.74120883559226e-08,6.97953623784997e-08,1.1728309345926391e-07,7.458488227030102e-08,0.9999995231628418,7.643664190482014e-08,-8.70547101072816e-09,-3.1418812795891427e-07,1.6557308413212013e-07,4.6947285170517716e-08,-1.4851681839900266e-07,-4.375219830876631e-08,7.685131464540973e-08,4.8468333346818326e-08,2.780100203381153e-07,-3.7742918834737793e-07
1.0646684245330107e-07,7.550809755230148e-08,9.561870228935732e-08,-5.74697693878079e-08,-2.00989305199073e-07,-1.4634681910763447e-08,-2.0942421130598632e-08,-1.5036494005471468e-07,-1.5836995714835211e-07,-1.4813973336913477e-07,1.092614638764644e-07,-1.281027284250058e-08,1.6409632053182577e-07,-7.41529904146887e-09,0.9999993443489075,-3.428861916621173e-10
1.5421171895013686e-08,1.1288840795486976e-07,-5.327019891865348e-08,-1.7532823903820827e-07,-7.792136358375501e-08,1.1835409452487511e-07,1.3254282293928554e-07,-5.5096215589856e-08,-8.088758818303177e-08,1.4172989892813348e-07,1.6517206802291184e-07,-1.2595791076819296e-08,9.996386296506898e-08,0.9999985694885254,1.619931424556853e-07,-3.3591710746350145e-08
-2.5276969495280355e-07,1.0000005960464478,-3.0236151360441e-07,6.335701385751236e-08,-5.738035468993985e-08,4.9836199167430095e-08,3.328531477109209e-07,3.989939401094489e-08,-1.4216269050848496e-07,-1.091757440008223e-07,1.713613357878785e-07,-9.526628019784766e-08,2.0130581646071732e-08,2.2929510734570613e-08,-2.820546285420278e-07,-7.118319444998633e-08
8.880656565679601e-08,-1.2272168703475472e-07,2.426035727864928e-08,-1.5434154931881494e-07,1.909161682078775e-07,1.000001072883606,-1.3964938716526376e-07,-1.0000189121228686e-07,-1.7448240896555944e-07,-1.599963042053787e-07,1.477808808658665e-07,-6.846526900972094e-08,1.2496751367052639e-07,-2.027452552511022e-07,6.206757774407379e-08,-7.004040725178129e-08
8.952500962777776e-08,-6.178395750566779e-08,5.875733677385142e-08,-1.3911642327002482e-07,1.7634043558700796e-08,-3.9383454719654765e-08,8.699086606611672e-08,1.0000019073486328,-2.23220567363569e-07,-2.797831655243499e-07,-1.7475969116276246e-07,1.5526505592333706e-07,-1.7325977097470968e-08,-2.5515889845451056e-08,7.036390314851815e-08,-1.0730445154649715e-07
-2.5452536078773846e-08,-3.822136207531912e-08,1.7570822308243805e-07,-1.163984730823131e-08,1.8400596957235393e-07,1.7023877418864686e-08,3.4436928331160743e-07,6.370027705315806e-08,1.4938846604195533e-08,0.9999982118606567,-5.195439811700453e-08,3.43376385103511e-08,-5.341177455875368e-08,6.718247647086173e-08,-1.0609275591377809e-07,-4.9033069160486775e-08
1.5185729296263162e-07,-2.9525352829296025e-07,0.9999974370002747,6.76742928362728e-08,-4.7407407777200206e-08,3.919862479051517e-08,-1.2079070188519836e-07,-1.629244934520102e-07,3.3195714621570005e-08,-2.2761212914446105e-09,1.048884978871456e-09,-1.0867448452245299e-07,-3.849193319638289e-08,1.0292206553685901e-07,-1.7345424652148722e-08,1.0418425233638118e-07
6.757867510032156e-08,-8.265394058071251e-08,1.0430512986658869e-07,2.384552821865782e-08,1.8104199028812218e-08,5.942123593172255e-08,3.344303323160602e-08,-2.668288914264849e-07,1.0000020265579224,2.66843258600602e-08,-6.383409356658376e-08,3.189491781796505e-09,-1.2051195596995967e-07,4.379528917297648e-08,1.436182088809801e-07,-2.5282968607598377e-08
3.1030373293106095e-07,9.75072680375888e-08,9.164406122863511e-08,0.9999992251396179,-3.604306186844042e-07,-2.805798260396841e-07,1.6389254398063713e-08,5.4568968010926255e-08,-5.1213188356769024e-08,5.2395876082300674e-08,-1.9228423298045527e-08,8.02237281050111e-08,7.160934245575845e-08,3.525135960913417e-09,4.867863445667808e-09,-5.799510560677845e-08
-1.4054775476779469e-07,2.064394948320114e-07,2.0190839222777868e-07,1.964819915656335e-07,7.424808501355074e-08,1.0754799006917892e-07,-5.2478920764542636e-08,7.696470305518233e-08,-2.1127755545080618e-08,-9.904568543106507e-08,-5.15006171042387e-08,9.177924198411347e-08,1.0000016689300537,1.477577615816017e-08,5.3732691185359727e-08,-1.1886535844496393e-07
-8.335724999142258e-08,1.7146680519886104e-08,-8.489538316780454e-08,5.115647994102801e-08,-1.1002921951330791e-07,1.1489168372236236e-07,5.343127895685029e-08,-2.5904492417794245e-07,8.514641791634858e-08,8.055196332179548e-08,-3.363767220321279e-08,0.9999985098838806,2.0857015670117107e-07,8.68462368686096e-09,-3.353930466687416e-08,7.550434943937034e-09
-3.980164464678637e-08,-5.865944530114575e-08,-7.574928417852789e-08,-6.102225569293296e-08,-1.5709443346167973e-07,-8.410477647657899e-08,1.0021091156886541e-07,1.3992483616220852e-07,-2.136591348289585e-08,1.103731719354073e-07,1.2705034180271468e-07,-1.0026679575503294e-07,-3.2178448794439873e-09,-1.2765127621605643e-07,-3.329595088530368e-08,0.999998152256012
0.9999979734420776,3.735022957584988e-08,-8.44756229412269e-08,-1.3698479683910136e-08,3.100103356246109e-07,6.920801354226569e-08,1.6179872375232662e-07,-6.306624555918461e-08,9.428686098544858e-08,1.1017230150400792e-07,6.345304370825033e-08,2.0780902332262485e-07,4.407080567148114e-08,2.4692482725185982e-08,3.137990916002309e-07,-4.421029586865188e-08
