-0.07027576118707657,0.49992984533309937,0.40846920013427734,0.44992145895957947,-0.023635108023881912,0.5575485229492188,-0.25141018629074097,-0.035039883106946945
-0.1129889264702797,-0.04366585984826088,0.23209020495414734,0.4203679859638214,0.7546342611312866,-0.34077420830726624,0.2295728474855423,0.12824657559394836
0.8760659098625183,0.07768163084983826,-0.0012195458402857184,-0.06273701786994934,0.2530490756034851,0.14193882048130035,0.13464391231536865,-0.34673580527305603
-0.051030661910772324,0.18233731389045715,-0.8705199956893921,0.3411768674850464,0.19581374526023865,0.11051321029663086,-0.19544468820095062,-0.03450331091880798
-0.0871993750333786,-0.8042442798614502,0.040369827300310135,0.14417366683483124,0.1541682779788971,0.4672604501247406,-0.20148852467536926,-0.201180562376976
0.31396329402923584,-0.175607830286026,-0.07538267970085144,0.2667350769042969,-0.21763858199119568,0.22433482110500336,0.3290233016014099,0.7666866183280945
-0.19341593980789185,0.17238178849220276,-0.07140371203422546,-0.6209098696708679,0.4754827916622162,0.47643619775772095,0.14518339931964874,0.26094934344291687
0.2619377672672272,-0.0389556810259819,0.09525584429502487,-0.1518632471561432,0.1742730438709259,-0.21213963627815247,-0.811067521572113,0.40562376379966736
