-0.13937166333198547,0.19647227227687836,-0.7919766902923584,-0.06655678153038025,0.17510536313056946,-0.19918330013751984,-0.09621886909008026,0.4803394675254822
-0.3519980311393738,0.0825597420334816,0.07021548599004745,-0.04363636299967766,0.7466244101524353,-0.2456926852464676,-0.2180943638086319,-0.4439251124858856
-0.01570330560207367,0.2784455120563507,0.312454491853714,-0.14732913672924042,0.34639468789100647,0.64008629322052,-0.22988297045230865,0.4694075584411621
0.00462354626506567,-0.0634303167462349,0.377741277217865,0.5581722259521484,0.024491092190146446,-0.48681867122650146,-0.3131895363330841,0.4539062976837158
0.024369651451706886,0.6389467716217041,-0.17582519352436066,0.5603233575820923,-0.19822470843791962,0.22335804998874664,-0.20060347020626068,-0.34183552861213684
0.8489315509796143,0.2665618062019348,0.022027896717190742,-0.2691996395587921,0.17298944294452667,-0.268884539604187,-0.16715018451213837,-0.07173740118741989
0.24968506395816803,-0.6200622320175171,-0.29881754517555237,0.23933999240398407,0.10689340531826019,0.3345147967338562,-0.5143726468086243,-0.13674233853816986
-0.2697894871234894,0.09612515568733215,0.08268613368272781,-0.4655013680458069,-0.45897433161735535,-0.1384618878364563,-0.6778506636619568,-0.07164888828992844
