-0.19621361792087555,-0.20263786613941193,0.6608991026878357,-0.22577907145023346,0.09842438995838165,0.10735304653644562,0.05767976865172386,0.05712325870990753,0.0192315224558115,0.6113945245742798,0.06505561619997025,0.16269457340240479
-0.37541115283966064,0.12731483578681946,-0.3391930162906647,-0.08087289333343506,0.2851821482181549,-0.36137712001800537,-0.007753260433673859,0.2963755428791046,0.08121967315673828,0.28436294198036194,0.4734196960926056,-0.33144837617874146
0.3306112587451935,0.3822954595088959,0.2922208309173584,0.02047910913825035,-0.4049224853515625,-0.06988219916820526,-0.025581762194633484,0.14907881617546082,0.07085301727056503,0.1718806028366089,-0.10125045478343964,-0.6497648358345032
-0.13780900835990906,0.3757205605506897,-0.08011310547590256,-0.039288587868213654,-0.46153825521469116,-0.05687553808093071,0.001378631335683167,-0.002981252269819379,0.6063008904457092,0.0773136094212532,0.14149752259254456,0.47118890285491943
-0.6364763379096985,0.3026846945285797,-0.010074100457131863,-0.04947971552610397,0.031639233231544495,0.07352497428655624,0.2075812965631485,-0.46236827969551086,-0.0302299652248621,0.001978997141122818,-0.42868226766586304,-0.22970527410507202
-0.2274841070175171,-0.46535220742225647,-0.2984814941883087,-0.42435145378112793,-0.4363885223865509,0.23807492852210999,-0.3235604166984558,0.1885077953338623,0.04516991972923279,0.04864266514778137,-0.18862560391426086,-0.18763354420661926
-0.14922396838665009,0.24738860130310059,0.16912348568439484,-0.09326627105474472,-0.19556541740894318,0.1414879560470581,-0.4983786940574646,-0.3079712986946106,-0.43237966299057007,-0.15035025775432587,0.5169398784637451,0.03089320845901966
0.01740328036248684,-0.18147526681423187,0.16356807947158813,-0.35291266441345215,-0.0367334708571434,0.1960560381412506,0.5309862494468689,-0.13991542160511017,0.2412988692522049,-0.41732969880104065,0.43035224080085754,-0.23782314360141754
-0.1577519327402115,0.3383742868900299,-0.025826962664723396,0.10710412263870239,0.09823615849018097,0.6740782260894775,0.13630901277065277,0.5779911875724792,-0.14207708835601807,-0.08523152768611908,0.0011632365640252829,0.06588722765445709
0.014642889611423016,0.06101014092564583,-0.14583665132522583,-0.20055972039699554,-0.40217795968055725,-0.2837744951248169,0.5079066157341003,0.12446998059749603,-0.5932834148406982,0.12128830701112747,0.0012969509698450565,0.22833682596683502
0.3897169232368469,0.3473554849624634,-0.22795408964157104,-0.681041955947876,0.3402511775493622,0.12811462581157684,-0.07611625641584396,-0.15244998037815094,0.009691597893834114,0.16904038190841675,-0.12041160464286804,0.08541730046272278
0.18939931690692902,-0.11930635571479797,-0.37135231494903564,0.33051106333732605,-0.11748825758695602,0.4217785894870758,0.188431978225708,-0.3874492645263672,-0.004197569098323584,0.5100246667861938,0.23470644652843475,-0.10099314153194427
