-1.271600211794066e-07,2.4883024707378354e-07,-5.868777464002051e-08,-5.5396686349240554e-08,1.0000016689300537,-9.369426834382466e-08,9.571447634471042e-08,-1.25857688715314e-08
1.0955430695958057e-07,7.021544234930843e-08,2.2607531846574602e-08,1.000002145767212,8.97874414818034e-08,-7.348887010039107e-08,-1.6490498921939434e-07,-2.0120334287554442e-09
3.3035064461728325e-07,-6.044616895906074e-08,0.9999988675117493,1.2584555975081457e-07,-5.146220161122983e-08,-1.6442744055211733e-08,5.403366287737299e-08,-3.857390140638017e-08
1.000001072883606,1.1316600279087652e-07,8.019103714396181e-10,6.467071500537713e-08,9.35052835160377e-09,1.0308040998552315e-07,9.114253884945356e-08,-6.704735255880223e-08
8.391779005023636e-08,0.9999977946281433,1.1057206705800127e-07,-6.687299247687406e-08,-6.348918191179109e-08,2.3717628039321426e-07,1.2513562808180723e-07,6.279535114117607e-08
7.201596263772814e-11,-3.451012275945686e-08,5.356233856446124e-08,-6.27521430374145e-08,6.665444374220897e-08,8.703416654043394e-09,1.0000020265579224,1.7636061500070355e-07
-5.863658714133635e-08,6.316326306432529e-08,-4.819711207915134e-08,1.681932104702355e-07,1.8884730934587424e-07,1.000002145767212,-1.68679591183718e-07,2.0735127748139348e-07
-1.3390273778668416e-08,1.3893618699967192e-08,1.7597225010490547e-08,-6.842143296381664e-09,5.1920912014224996e-09,1.2826200190829695e-07,-3.1003548173202944e-08,1.0000020265579224
