0.3518148958683014,0.12553459405899048,-0.16190661489963531,-0.3627468943595886,-0.03795941546559334,0.18128934502601624,0.07572576403617859,-0.5937947630882263,0.1740206480026245,0.1921757012605667,0.09349223971366882,0.1636734902858734,-0.20590202510356903,-0.18355874717235565,0.03346029296517372,-0.3606691062450409
-0.4582720100879669,-0.3375455141067505,0.014521592296659946,-0.19145898520946503,0.2848852276802063,0.371202290058136,-0.22950001060962677,-0.3632078766822815,0.06512302160263062,-0.22851455211639404,-0.1765139251947403,-0.2609572112560272,0.07738062739372253,0.05954185128211975,0.2642807364463806,0.02344587817788124
0.40133994817733765,-0.11172328889369965,0.2875910699367523,-0.09860757738351822,0.39850467443466187,0.3929627239704132,0.010458158329129219,0.2969065308570862,0.02052634209394455,0.15048694610595703,0.4668104946613312,-0.08542431890964508,-0.0150898527354002,0.05588291212916374,0.23124843835830688,0.16558954119682312
-0.04704246297478676,-0.12426801770925522,0.632734477519989,-0.30953502655029297,-0.16045744717121124,-0.1962929368019104,-0.05261814221739769,0.06804586946964264,-0.38971343636512756,0.14072997868061066,-0.15574629604816437,0.07752643525600433,0.047021448612213135,0.03365257754921913,0.20247702300548553,-0.4101407825946808
-0.40433549880981445,-0.15763436257839203,0.07306267321109772,0.09889568388462067,-0.2690729796886444,-0.006860919296741486,-0.052370768040418625,0.04575476795434952,0.2548430263996124,0.11510416120290756,0.4024398922920227,0.1944223791360855,-0.591994047164917,0.27917271852493286,0.09563834220170975,-0.061398621648550034
-0.17921480536460876,0.21485209465026855,0.09524308890104294,-0.11446361243724823,0.03339805826544762,0.25023266673088074,0.43503084778785706,-0.09190470725297928,-0.15784119069576263,-0.2379014641046524,-0.022461362183094025,0.6531464457511902,0.1470409631729126,0.16838857531547546,0.09816768765449524,0.2643669843673706
0.1665835976600647,-0.575627326965332,0.14792011678218842,0.126966655254364,0.0373123362660408,0.11984354257583618,-0.055569373071193695,-0.08417930454015732,0.20467054843902588,0.24951300024986267,-0.23724737763404846,0.3218325972557068,0.14792843163013458,0.19642002880573273,-0.5011594295501709,0.03661604970693588
0.11560595780611038,0.1345047950744629,0.2548254132270813,-0.03749491646885872,0.15413206815719604,-0.2521955668926239,0.1143520399928093,-0.016085593029856682,0.5292972922325134,-0.5051068663597107,0.10054871439933777,-0.08421530574560165,0.17804375290870667,0.33304738998413086,-0.08606022596359253,-0.31462761759757996
-0.12159744650125504,-0.3050636649131775,-0.23414596915245056,-0.06420541554689407,-0.1449568271636963,0.29838302731513977,0.2341611087322235,0.43144965171813965,0.04470120370388031,-0.25342869758605957,0.103960782289505,0.08762990683317184,0.11220788210630417,-0.4085116982460022,-0.0747951790690422,-0.46086907386779785
-0.02379072643816471,0.4120132625102997,-0.18430835008621216,-0.1437438279390335,-0.08808054029941559,0.3905676007270813,-0.4768032431602478,0.30348530411720276,0.03787868842482567,0.1310139000415802,-0.1815267652273178,0.10324131697416306,0.11332397162914276,0.3994154930114746,-0.07739243656396866,-0.23393471539020538
-0.31137797236442566,0.09427310526371002,-0.17706070840358734,0.1139739528298378,0.6828702092170715,-0.18805834650993347,0.20933286845684052,0.023752570152282715,-0.148443341255188,0.34951674938201904,0.06189528852701187,0.06662194430828094,-0.012411237694323063,0.09048951417207718,-0.12392042577266693,-0.35719504952430725
-0.12583348155021667,0.30359140038490295,0.4135147035121918,0.022880474105477333,0.19604545831680298,0.18967992067337036,0.009493060410022736,0.14012065529823303,0.27231767773628235,-0.006706305779516697,-0.372662216424942,-0.004452371969819069,-0.40931856632232666,-0.4315345287322998,-0.22988159954547882,0.0814628154039383
-0.17120777070522308,-0.03174193575978279,-0.0866507738828659,-0.4080828130245209,0.07612951099872589,-0.3570360839366913,-0.2321525663137436,0.17202074825763702,0.42436811327934265,0.23193922638893127,0.05897318199276924,0.290770560503006,0.29050278663635254,-0.2818843126296997,0.2069721668958664,0.22424910962581635
-0.23535819351673126,0.1611519604921341,0.16847734153270721,0.08918292820453644,-0.30563607811927795,0.21757227182388306,0.418549120426178,-0.07666928321123123,0.2653319239616394,0.46193766593933105,0.0411544106900692,-0.3525373935699463,0.38534751534461975,0.03882981836795807,0.026486411690711975,0.0043609230779111385
-0.22889776527881622,0.12258093059062958,0.15068835020065308,-0.2850823700428009,-0.037228040397167206,0.024962864816188812,-0.19717250764369965,-0.14692552387714386,-0.2253911793231964,-0.09838970005512238,0.5010784268379211,-0.09280934929847717,0.1397845596075058,-0.12385775148868561,-0.6322253942489624,0.10660562664270401
0.0310570877045393,-0.12670694291591644,-0.19887326657772064,-0.6259081363677979,-0.008476992137730122,-0.08607690781354904,0.36948397755622864,0.22206774353981018,-0.018914952874183655,0.02650570310652256,-0.21530479192733765,-0.27657967805862427,-0.2792234718799591,0.29254084825515747,-0.18487676978111267,0.19162006676197052
