-6.750519077058925e-08,-7.627818376931828e-09,2.3709046104158915e-07,-3.7257333218576605e-08,-7.258633161200123e-08,1.6401986613345798e-07,0.999997615814209,1.5711850664956728e-07
1.0000019073486328,-1.3224986616933165e-07,1.9606032353181035e-08,-8.26544450660549e-08,-5.42077316367795e-08,-2.8710636001960665e-07,-1.5660045704635195e-08,1.0150165508093778e-07
1.9337707612976374e-07,3.768695933104027e-08,-1.9708031118170766e-07,0.9999979734420776,3.160118922096444e-08,-4.0538392198641304e-08,-2.7632783172748532e-08,3.1422456459040404e-07
6.296454557741527e-08,3.284133072156692e-07,1.262300628468438e-07,3.369113130702317e-07,1.000001311302185,-5.790359480783991e-08,-5.899239141626822e-08,-6.141926434111156e-08
-6.126082752189177e-08,-1.973571706059829e-08,8.473982404666458e-08,1.4412397497665097e-08,-5.430509020243335e-08,0.9999983310699463,-2.2654151621281926e-07,2.635350142554671e-07
2.1197132582528866e-07,1.0000017881393433,-1.317135200906705e-07,9.099762365849529e-08,7.077019148482577e-08,2.8720927502945415e-07,-2.571099173565017e-07,7.744037588963693e-08
-1.2415422645517538e-07,-1.479270372861663e-09,-8.10405538231862e-08,9.513096443924951e-08,-1.8294382897465766e-08,5.223535382015143e-08,1.8289048853148415e-07,1.0000011920928955
-6.714720779399386e-09,2.1421578821900766e-07,0.9999976754188538,2.2908002961230522e-07,1.3953638244856847e-08,-4.8832141885668534e-08,5.689961923849296e-08,-7.504521448709056e-08
