-0.12445235252380371,0.6758086681365967,0.1460605412721634,0.22966621816158295,0.16215671598911285,0.6272242069244385,0.16459308564662933,0.08319476246833801
-0.2752159535884857,0.24004307389259338,-0.1861140877008438,-0.4553481936454773,0.4688437879085541,-0.07660374790430069,-0.6211380362510681,0.11471736431121826
0.2902289628982544,0.22247588634490967,-0.3200013041496277,0.06009886786341667,-0.11257180571556091,0.07169569283723831,-0.23757529258728027,-0.8282526731491089
0.35851871967315674,0.5707747936248779,0.12247595936059952,0.019648946821689606,-0.43073344230651855,-0.4565461277961731,-0.20099231600761414,0.30972611904144287
0.035528119653463364,-0.22980338335037231,0.45405054092407227,-0.26799678802490234,-0.4673936367034912,0.489099383354187,-0.45849931240081787,-0.006770981941372156
-0.3248506784439087,0.1700303852558136,-0.3721834719181061,-0.5948984026908875,-0.45220401883125305,0.069760262966156,0.40438395738601685,-0.016024503856897354
-0.73854660987854,0.11143118143081665,0.33604252338409424,0.2758847773075104,-0.1910937875509262,-0.3300672173500061,-0.094207264482975,-0.3142542243003845
-0.20917612314224243,-0.12746717035770416,-0.607467770576477,0.4838150441646576,-0.31020456552505493,0.1847124844789505,-0.3280748128890991,0.31452465057373047
