0.21910031139850616,-0.3174015283584595,0.40715646743774414,-0.3675597012042999,0.2678759694099426,-0.38439032435417175,-0.2690882384777069,-0.015057900920510292,-0.22167551517486572,-0.04865933954715729,0.1939593255519867,-0.41121360659599304
-0.398541659116745,-0.07613713294267654,0.33515405654907227,-0.25006556510925293,-0.39296433329582214,0.3402092158794403,-0.3118145167827606,-0.3021242916584015,0.34872522950172424,0.13622887432575226,0.2440105676651001,-0.046129580587148666
-0.32447174191474915,-0.26674845814704895,0.1141483262181282,-0.027413412928581238,0.3226945698261261,0.5366203188896179,0.012095379643142223,0.1076723039150238,-0.6045323014259338,0.011413434520363808,0.017626307904720306,0.20012468099594116
0.013548268936574459,0.016306886449456215,-0.2585597634315491,-0.36678507924079895,0.3521706759929657,0.013454707339406013,0.4791690707206726,-0.581203818321228,0.09398987889289856,0.050872065126895905,0.2990846633911133,0.0754169300198555
0.15421807765960693,-0.2885112166404724,0.2716643810272217,-0.09773658215999603,-0.11001119762659073,0.19774869084358215,0.6227148771286011,0.46490558981895447,0.26602888107299805,0.23223213851451874,0.06715185195207596,-0.15903691947460175
0.49411195516586304,0.36558276414871216,-0.08806490153074265,0.05996611714363098,-0.07504449784755707,0.3444119691848755,-0.16726098954677582,-0.047893501818180084,-0.25064006447792053,0.5280092358589172,0.24956221878528595,-0.2289859801530838
-0.3242760896682739,-0.1372462660074234,-0.274305522441864,0.31614017486572266,-0.07878157496452332,-0.2933351695537567,-0.0006360093830153346,0.22605271637439728,-0.0805354118347168,0.11944488435983658,0.7319319248199463,-0.03148642182350159
0.06352484226226807,0.1326814591884613,-0.03339991718530655,0.19349904358386993,-0.014667104929685593,0.3602102994918823,0.10020875185728073,-0.0387948639690876,0.021103641018271446,-0.6990130543708801,0.20595651865005493,-0.5165296196937561
0.034563519060611725,-0.28712761402130127,-0.029588719829916954,0.4518607556819916,0.5731310248374939,0.1654714047908783,-0.24415293335914612,-0.09035598486661911,0.4736495018005371,0.2039148360490799,-0.07569295912981033,-0.12656241655349731
0.14376351237297058,-0.40877825021743774,0.17558668553829193,0.47464191913604736,-0.361165851354599,-0.09919263422489166,0.22350694239139557,-0.5234243869781494,-0.27076250314712524,0.06632300466299057,-0.1113763228058815,-0.04233894124627113
0.2719239294528961,0.24767592549324036,0.5556724667549133,0.22011108696460724,0.1470276564359665,-0.021120449528098106,0.023362595587968826,-0.012512192130088806,0.08759819716215134,-0.20488353073596954,0.3582393527030945,0.5538412928581238
0.4634290337562561,-0.5077605843544006,-0.3789691627025604,-0.19656629860401154,-0.20241834223270416,0.19279977679252625,-0.25437912344932556,0.07598257064819336,0.09542015939950943,-0.22975121438503265,0.14722783863544464,0.3360992670059204
