-0.3284900188446045,0.14349614083766937,0.05607989802956581,0.2577858865261078,0.15681810677051544,-0.36942318081855774,-0.08276084065437317,0.3039470613002777,0.1819118857383728,0.15492388606071472,0.19954265654087067,-0.020262939855456352,-0.06786882132291794,0.41596338152885437,-0.5163755416870117,-0.002749202772974968
0.11484236270189285,0.3641647398471832,-0.03606056421995163,0.06848245859146118,-0.3575265407562256,-0.3949330747127533,-0.217729389667511,-0.036784298717975616,-0.3282542824745178,-0.361003577709198,-0.087233766913414,0.26801425218582153,0.249338760972023,-0.1655045449733734,-0.19007864594459534,0.26914796233177185
0.2701541483402252,-0.08562197536230087,-0.3542576730251312,0.3383125960826874,-0.15361617505550385,0.030830176547169685,0.09783215820789337,0.05156772956252098,0.17642952501773834,0.031101742759346962,0.47254759073257446,-0.036448318511247635,-0.19079524278640747,0.027970263734459877,0.18086865544319153,0.5624335408210754
0.2535506784915924,0.4699500799179077,-0.12464260309934616,0.026181679219007492,0.36416640877723694,0.07088840752840042,0.16494862735271454,-0.016436541453003883,0.19418556988239288,0.38815492391586304,-0.1053827628493309,0.3054710030555725,-0.07104980200529099,-0.43445783853530884,-0.21597038209438324,0.016805535182356834
0.34392863512039185,-0.5881989598274231,0.14753158390522003,0.04345392808318138,0.29424673318862915,-0.0692836195230484,0.1307971477508545,0.17262636125087738,-0.04472063481807709,-0.20672833919525146,-0.2108772099018097,0.44961562752723694,-0.02783258445560932,0.08907868713140488,-0.22723978757858276,0.1486060917377472
-0.4738125205039978,-0.15013383328914642,-0.1596098393201828,0.30649739503860474,-0.3882722854614258,0.16013476252555847,0.4372580349445343,-0.16640064120292664,-0.14393478631973267,0.0904896929860115,-0.20375211536884308,0.2630954384803772,-0.21647627651691437,-0.12308526784181595,-0.1882694810628891,-0.03417658433318138
0.1530991643667221,0.22623157501220703,-0.1060488298535347,-0.20127683877944946,-0.11901723593473434,-0.26518139243125916,0.5707488656044006,0.31099092960357666,-0.044057708233594894,0.11608406156301498,-0.3337325155735016,-0.06899482011795044,0.06395029276609421,0.3792899250984192,0.2884698212146759,0.06280484050512314
0.3596947491168976,-0.08331143110990524,-0.37208497524261475,0.09243592619895935,-0.180593341588974,-0.12941227853298187,-0.16047054529190063,0.20263592898845673,-0.30352213978767395,0.1299116015434265,0.15211740136146545,0.07218439877033234,-0.2647465467453003,0.016383886337280273,-0.024171143770217896,-0.6262723207473755
0.11027151346206665,-0.09068584442138672,-0.13266074657440186,0.15019506216049194,0.22780123353004456,-0.2658967077732086,0.05713850259780884,-0.2149607390165329,-0.20030809938907623,-0.08287493139505386,-0.3335855305194855,-0.6498605608940125,-0.2925148606300354,-0.1856433004140854,-0.2216951549053192,0.13275937736034393
-0.30388692021369934,0.09398725628852844,0.1614079773426056,0.06144930422306061,0.2596927881240845,-0.1672831028699875,0.14053502678871155,0.4412361979484558,-0.1330917626619339,-0.3523698151111603,0.19085083901882172,0.05606240779161453,-0.31495755910873413,-0.39492660760879517,0.34587475657463074,-0.05373767018318176
-0.14785049855709076,-0.3451305031776428,-0.1258551925420761,-0.018729358911514282,-0.10367392003536224,-0.5999431014060974,-0.12906047701835632,-0.07706666737794876,0.40209436416625977,0.2706420421600342,-0.11470438539981842,0.07644481211900711,0.18361684679985046,-0.309321790933609,0.2507038712501526,-0.0581669881939888
0.11272267252206802,-0.01625235751271248,0.484622597694397,0.5568225979804993,0.007407788187265396,0.003595804562792182,-0.058486539870500565,0.06136973947286606,-0.35572338104248047,0.4428402781486511,-0.04999161884188652,-0.05840205028653145,0.21087898313999176,-0.021830962970852852,0.24456629157066345,0.039356060326099396
-0.22082313895225525,0.1072336733341217,-0.3412379324436188,0.1219102144241333,0.3216121196746826,0.0403728187084198,-0.41736069321632385,-0.13381582498550415,-0.13510599732398987,0.033486876636743546,-0.34267061948776245,0.2740131914615631,-0.21272175014019012,0.32311660051345825,0.3577243685722351,0.14754608273506165
-0.19511449337005615,-0.1775568574666977,-0.3853251338005066,-0.1279013454914093,0.05081323906779289,0.2594844698905945,-0.13694855570793152,0.5392541885375977,-0.23057787120342255,0.1755882352590561,-0.09688379615545273,-0.16596165299415588,0.3968541920185089,-0.2140456587076187,-0.14689329266548157,0.20072834193706512
0.09553874284029007,0.10434307903051376,-0.15685904026031494,0.5445989966392517,0.017346959561109543,0.17981207370758057,0.024190213531255722,0.1341007649898529,0.41477444767951965,-0.41672515869140625,-0.26277562975883484,-0.10899481922388077,0.3080701231956482,0.0025068249087780714,0.06162470951676369,-0.2867966592311859
0.104867123067379,0.04021221771836281,0.2714959979057312,-0.06546462327241898,-0.4132784307003021,0.15538108348846436,-0.33546239137649536,0.36163610219955444,0.2898707687854767,0.08226039260625839,-0.3720810115337372,-0.050507914274930954,-0.4575560688972473,-0.07758765667676926,-0.04692569375038147,0.14753273129463196
