1.3018036781886622e-07,9.70546381040549e-08,1.8510958044171133e-10,9.018058477749946e-08,0.9999992251396179,6.03286665068481e-08,2.7395197221835588e-08,-9.490607055795408e-08
1.0000015497207642,-3.134083499389817e-07,6.429707877231294e-09,-4.500048333966333e-08,2.0118584131978423e-07,9.420475066690415e-08,-2.6605977154758875e-07,-2.1124868965216592e-08
-9.835353154130644e-08,1.0538276740135188e-07,-1.491622114713209e-08,4.290879473956011e-08,-7.045667871352634e-08,-4.4491518025324694e-08,0.9999977946281433,-5.304580596998676e-08
-8.844178012168413e-08,7.483977526590024e-08,1.000000238418579,1.0493598523453329e-07,8.440279941623885e-08,2.244949968144283e-07,1.9037001308674917e-08,1.1322105564204321e-07
8.558689046367363e-08,0.9999978542327881,-1.293960423254248e-07,-1.986446562796118e-08,1.6031019356432807e-07,3.9424680409183566e-08,-6.51452367605998e-08,6.5429794915417e-08
-2.8561096598878066e-08,5.150117488028627e-08,5.941283021115851e-08,-2.7784629708094144e-08,3.0077990231802687e-07,0.9999997019767761,-4.596311597993008e-08,7.230236320765471e-08
7.437780880081846e-08,-6.395607954345905e-08,2.723035379403882e-07,0.9999986290931702,5.2053756860459544e-08,3.36712204784817e-08,3.801866554908884e-08,1.0738599343085298e-07
-1.2748593292144506e-07,4.8481549441703464e-08,-7.503375343276275e-08,-7.932531964627287e-09,6.57225172062681e-08,1.3248721586478496e-07,1.0991169752117003e-08,0.999997615814209
