1.0759824675687923e-07,-7.369205246021693e-10,1.74382435602638e-07,-3.491311417747056e-08,2.6047720780297823e-07,0.9999984502792358,1.825769118113385e-07,7.477785857190611e-08
-2.2775395791541087e-07,-1.1976804614732828e-07,-6.6709205270854e-08,0.9999985098838806,-5.4693071405154114e-08,-3.5686701949089183e-07,-3.781840973715589e-07,8.010733409946624e-08
-1.7279806474590487e-09,7.228232590250627e-08,1.0000025033950806,2.744645257735101e-07,6.650216022308086e-08,-1.007347663062319e-07,-3.412134503832931e-07,-4.401114495067304e-08
4.594892644149695e-08,-7.272222291021535e-08,-8.4479360396017e-08,-3.0248074267547054e-07,1.0000001192092896,2.852610592185556e-08,2.681630064671481e-07,-8.426299302755069e-08
5.09326554265499e-08,-1.1906218233548316e-08,1.4892926003540197e-07,-8.621866243174736e-08,1.563486193845165e-07,1.5603269787334284e-08,2.0319005500368803e-07,0.9999983906745911
4.367631589730081e-08,0.9999983310699463,-7.299863113985339e-08,-4.741105996686201e-08,-1.5805720465777995e-07,-1.0703983832627273e-07,-4.096507666417892e-08,3.663559766664548e-08
-7.645436284064999e-08,9.434138803499081e-08,7.58322542537826e-08,8.994818045948705e-08,1.4293277672550175e-07,-7.301085247490846e-08,0.9999977350234985,1.8977177163037595e-08
1.0000028610229492,5.682871062617778e-08,-6.983402300875241e-08,-1.7945816921383084e-07,-1.4776897039325831e-08,-2.0228328878602042e-07,-4.9236046351097684e-08,1.3039864654729172e-07
