-1.0734346744811774e-07,1.9374212456568785e-07,-2.8792399575650052e-08,8.234160020492709e-08,6.530918028602173e-08,0.9999997615814209,-1.2596125031905103e-07,-7.192795692390064e-08
-6.115881490131869e-08,4.1777047954383306e-07,1.628424115551752e-07,1.000002145767212,1.1336416605445265e-07,7.328274165274706e-08,8.616820679208104e-08,-6.73653843819011e-08
-8.863674594294935e-08,-1.555771405037376e-07,0.9999976754188538,-1.6961696758244216e-07,5.2814559836633634e-08,6.007315533906876e-08,4.089390515105151e-08,7.211206298762818e-09
-1.0123454075028349e-07,-6.260741258756752e-08,-7.48224380231477e-08,7.849476446608605e-08,0.9999977350234985,-1.233358375429816e-07,-1.3536995879803726e-07,8.536422768656848e-08
0.9999982714653015,-1.8256715583753191e-10,-7.397425605404351e-08,6.82206859892176e-08,-9.050626914586246e-09,-8.289076447454136e-08,-6.664434692993382e-08,-1.1938688260215713e-07
7.534830359645639e-08,5.183879636661004e-08,-1.572238161884343e-08,-1.04675507373031e-07,6.588963685771887e-08,3.4826200590032386e-07,0.9999977946281433,7.474319119182837e-08
2.2851739345242095e-07,0.9999985098838806,-1.9538569517862925e-07,1.4449126339854956e-09,9.118669908048105e-08,1.0401902272860752e-07,1.0274897732642785e-07,1.4779497803374397e-07
-9.092298469681737e-09,-2.734255133418628e-07,-8.603007017882192e-08,2.0093339969662338e-07,-7.216515029995207e-08,-8.784238758607898e-08,2.0585117965765676e-07,1.0000026226043701
