7.575681593152694e-08,8.125346795395672e-08,-7.09677863142133e-08,-1.6055800244885177e-08,0.9999984502792358,-8.387835492840168e-08,-6.607174185546683e-08,1.4174146656387165e-07
8.560340880592321e-09,3.8932164159177773e-08,-3.746256993508723e-08,-1.6813126535453193e-07,-6.283274700535912e-08,1.000001072883606,6.519775297419983e-08,-7.973554261297977e-08
-1.624999015348294e-07,-1.2969120177785953e-07,2.20465086187005e-08,-9.009843893181824e-08,-7.543340529991838e-08,2.4333164105883043e-07,0.999997615814209,-1.7397086438109e-08
-2.5063289221805007e-09,-6.958776310739268e-08,4.089972094334371e-07,3.782691919695935e-07,2.1180647991059232e-07,3.063887277221511e-07,-8.83638762161354e-08,1.0000020265579224
1.000001311302185,9.965404501599551e-08,-2.32626606866404e-09,-1.6970245653169513e-08,1.1193719728908036e-08,-2.1545287154367543e-07,-1.7821392361838662e-07,4.895030158991176e-08
1.664082134311684e-07,1.0000014305114746,-7.328976181497637e-08,8.817020002993559e-09,2.086912154197762e-08,1.0044996656688454e-07,-1.174848662799377e-07,-3.3264191756643413e-07
1.0958192575571957e-07,6.208143332742111e-08,0.9999988079071045,-1.192547642858699e-07,-2.914246621799066e-08,5.635876831888709e-08,-1.667324056597863e-07,-1.2606488297706164e-08
7.83822073913143e-09,1.2138954730289697e-07,-6.986432055100522e-08,1.0000009536743164,1.4792202307489788e-07,6.629169746474872e-08,-8.468873602396343e-08,-6.070533231650188e-08
