-1.0122607818630058e-07,-3.63082008902893e-08,-2.3356925282769225e-07,0.9999990463256836,1.5039339018585451e-07,6.928475215772778e-08,6.948663155981194e-08,1.6804150293481257e-09
1.734214549742319e-07,5.3307761760379435e-08,-2.9528214895435667e-07,-4.818919308036129e-08,-6.841590050044033e-08,0.9999974966049194,-1.047901676543006e-07,2.2137001565170067e-08
8.797267270210796e-08,-1.1936160149161879e-07,-2.6086402371561235e-08,4.3650622671975725e-08,4.709552001713746e-07,-4.965988864569226e-08,7.914977118161914e-08,1.0000017881393433
-3.0153259444887226e-08,1.000002384185791,4.5480953758669784e-07,-2.1184557397191384e-07,8.847632670949679e-08,4.64250433651614e-08,1.4213986432309866e-08,-1.201203225775771e-08
-1.3196770964896132e-07,-5.544828596271145e-08,2.0010826773386725e-08,7.31976683709945e-08,0.9999999403953552,-1.2789305969818088e-07,7.861034845291215e-08,-4.3233331581404855e-08
0.9999980330467224,-1.0217004131618523e-07,6.819627174081688e-08,6.144587416656577e-08,2.6912685413549298e-08,-5.2562743491080255e-08,-1.3501707485374936e-07,1.0200480460298422e-07
1.6428408855517773e-07,1.8750300512238027e-07,6.754289216814868e-08,-4.834881295323612e-08,-6.783816175470747e-09,7.849365601941827e-09,0.9999983906745911,3.417590050958097e-07
-6.093687687780402e-08,1.3261840514644518e-09,0.9999992847442627,-2.8350774172736237e-08,-9.723022742491594e-08,-4.5511814050769317e-07,3.8081132913703186e-08,1.264134823486529e-07
