0.2541959881782532,-0.1532115489244461,0.0966590940952301,0.018625522032380104,0.3010312020778656,0.05804857239127159,-0.09725820273160934,-0.0010270864004269242,0.09843569248914719,0.19344621896743774,0.27937230467796326,-0.5450053811073303,0.053204067051410675,-0.4752238690853119,-0.23456716537475586,-0.30477941036224365
0.24465784430503845,-0.3057013154029846,0.2843872010707855,0.018503841012716293,-0.09013095498085022,-0.31335458159446716,0.2885303497314453,-0.28713589906692505,-0.5168004035949707,0.03660314530134201,0.03243539482355118,0.07982958853244781,0.0018892487278208137,0.22976930439472198,0.000749162514694035,-0.4059712290763855
0.15663555264472961,0.23864389955997467,0.19929271936416626,-0.07955069839954376,0.018330641090869904,-0.23354345560073853,-0.17485876381397247,-0.049943700432777405,0.13890521228313446,0.18341600894927979,-0.14406868815422058,-0.17625191807746887,0.5824784636497498,0.07746242731809616,0.5779651999473572,-0.020919719710946083
-0.07476790249347687,-0.0789182111620903,-0.2730429172515869,0.053103990852832794,0.05243879556655884,-0.013543329201638699,0.6930493712425232,-0.13554027676582336,0.08124365657567978,-0.019802529364824295,-0.08560216426849365,-0.11821522563695908,-0.13905583322048187,-0.3728177547454834,0.467029869556427,0.06667324155569077
-0.008002521470189095,0.5259272456169128,-0.2207254022359848,0.2942095994949341,-0.27762317657470703,-0.09491559118032455,0.31426188349723816,0.060591280460357666,0.22887377440929413,0.012930006720125675,0.06679573655128479,-0.04837113246321678,0.1829824000597,0.1415242999792099,-0.30415603518486023,-0.4406445026397705
-0.3757798969745636,-0.0660882368683815,0.28555044531822205,-0.5541133880615234,-0.3156547248363495,0.2593050003051758,0.0929863229393959,-0.0609099455177784,0.14540855586528778,0.04953751713037491,-0.36266443133354187,-0.16634544730186462,-0.006764980964362621,-0.0632224753499031,-0.09534624963998795,-0.30113485455513
0.05333564430475235,0.03167160972952843,-0.4180087149143219,-0.032440170645713806,-0.001476765493862331,-0.2555004060268402,-0.25117573142051697,-0.19237235188484192,-0.2671668529510498,-0.4293275773525238,-0.5131257176399231,-0.2162143439054489,0.11797203868627548,-0.21397309005260468,-0.16849790513515472,-0.03390343487262726
0.005486843176186085,0.21539993584156036,-0.16236409544944763,-0.543283998966217,0.49156272411346436,-0.07514909654855728,0.26119497418403625,-0.2525027394294739,0.009716379456222057,-0.00825192779302597,0.17200005054473877,-0.0885736495256424,0.11178237944841385,0.33588024973869324,-0.2326512336730957,0.18910808861255646
-0.33879348635673523,0.23344916105270386,0.1836477518081665,0.20951063930988312,0.42531028389930725,0.21126440167427063,0.09051563590765,0.014919447712600231,-0.38046225905418396,0.19820979237556458,-0.2099463790655136,0.32006579637527466,0.29213428497314453,-0.2908998131752014,-0.12232241034507751,-0.06062693148851395
0.06641910970211029,0.5231585502624512,0.25963613390922546,0.0563524030148983,0.01802421174943447,0.32897138595581055,-0.06580550223588943,-0.11062318086624146,-0.3138177990913391,-0.3282955288887024,0.10925734043121338,-0.318742960691452,-0.3665377199649811,0.07610267400741577,0.2545638382434845,-0.03814511373639107
0.05806810408830643,0.10279148072004318,0.31526878476142883,0.15273702144622803,-0.04431260749697685,-0.09630700200796127,-0.06670945882797241,-0.723321259021759,0.3931678235530853,-0.111546091735363,0.0013336364645510912,0.24430593848228455,-0.0671185553073883,-0.2263169139623642,-0.14718392491340637,0.14267310500144958
-0.07898260653018951,-0.31707653403282166,-0.11338798701763153,0.3336164057254791,-0.0959508940577507,0.5289531350135803,0.06624096632003784,-0.30804991722106934,-0.03410608321428299,-0.03602183237671852,-0.0011223985347896814,-0.30016371607780457,0.3892044126987457,0.3235090970993042,-0.05406184494495392,0.1707848608493805
-0.32988351583480835,-0.060868632048368454,-0.38787925243377686,-0.12225552648305893,0.03857114911079407,0.09453762322664261,-0.3237835168838501,-0.2851565480232239,-0.02590210549533367,-0.04844208061695099,0.41431185603141785,0.22955352067947388,0.0284621249884367,-0.03675226494669914,0.3005366027355194,-0.4534875154495239
0.362876296043396,-0.039851024746894836,0.08682775497436523,-0.23803184926509857,-0.11399870365858078,0.2742880582809448,0.1630604863166809,0.19526000320911407,0.002318397630006075,-0.538421094417572,0.2085760086774826,0.31145569682121277,0.3980658948421478,-0.24506598711013794,-0.015723243355751038,-0.020414916798472404
0.5757384300231934,0.08748586475849152,-0.27055418491363525,-0.10260599851608276,0.04586503654718399,0.41233256459236145,-0.0671367347240448,-0.12886296212673187,0.03800884634256363,0.3769831955432892,-0.3399219214916229,0.24725863337516785,-0.17898507416248322,0.05155164748430252,0.050213783979415894,-0.1626296490430832
-0.02171504497528076,-0.19819985330104828,0.13992835581302643,0.1911068856716156,0.5204326510429382,0.020657803863286972,0.01964515633881092,0.1481298953294754,0.3888905346393585,-0.3808242678642273,-0.2778918743133545,0.047894008457660675,-0.10783550888299942,0.2887749671936035,0.10608623176813126,-0.35844576358795166
