-7.070930507779849e-08,1.2270712090867164e-07,2.8431349718971433e-08,4.99667294207029e-07,1.646279628175762e-07,6.696360799196555e-08,0.9999976754188538,-2.496451827482815e-07
-6.534030916327538e-08,1.191025305047333e-07,3.5520066887784196e-08,8.079967983576353e-08,3.685507863337989e-07,1.0000020265579224,-3.9391468931171403e-07,-2.9261235567901167e-07
-1.8279615687788464e-07,1.0000009536743164,2.716124356538785e-07,-9.322511118625698e-08,7.243277622137612e-08,-7.668310786357324e-08,2.6726336699312014e-09,1.3564087453232787e-07
1.000002145767212,1.319111362363401e-07,-6.462873614054843e-08,-9.053429295136084e-08,-2.05073593662064e-08,-4.8618353787333035e-08,1.0237653924605183e-07,1.8165374982004323e-08
-1.8329861006805004e-07,7.113035138672785e-08,0.9999993443489075,1.859135068116302e-08,-3.993616530806321e-07,-4.7990500462447017e-08,-4.1580182852385406e-08,4.714787227300121e-09
-1.547538630575218e-07,1.8016014280419768e-07,6.224887982853033e-08,-7.89854794902567e-08,8.605769608038827e-08,-5.0389203920531145e-08,6.300489729937908e-08,1.0000003576278687
-6.716120992678043e-08,2.197716355567536e-07,-7.478821828499349e-08,-6.174336419917381e-08,0.9999983310699463,1.1633217411599617e-07,-7.497558129898607e-08,-1.2426582429725386e-07
-1.567496497045795e-07,-2.3410740368490224e-07,-6.015793729829966e-08,1.0000011920928955,-2.2072626393310202e-07,-2.225768724883892e-07,5.050656781691032e-08,-7.201318652505506e-08
