-0.3252016603946686,0.11110562086105347,-0.5475530624389648,0.2524905502796173,-0.13164252042770386,0.01983579620718956,0.43864572048187256,-0.07835844159126282,0.18178606033325195,0.1343609243631363,0.2790512442588806,0.19898195564746857,0.11378177255392075,0.06457891315221786,0.31704622507095337,-0.12595821917057037
0.024979377165436745,-0.3339157700538635,-0.07823047041893005,0.03589116409420967,0.2824546992778778,0.0010641959961503744,0.1085241287946701,-0.24887262284755707,0.3198874890804291,-0.0682603195309639,-0.35886114835739136,-0.24948343634605408,0.46318888664245605,-0.3417626619338989,0.2008971869945526,0.2392796128988266
0.07601253688335419,0.12315817922353745,-0.4425429701805115,-0.05256842449307442,0.055422816425561905,-0.00033181175240315497,-0.6660385131835938,-0.03110516630113125,0.08357410877943039,0.2954420745372772,-0.17335164546966553,-0.21098747849464417,0.08806885778903961,0.21995455026626587,0.17406116425991058,-0.2784392237663269
0.22034677863121033,-0.07787779718637466,-0.33634132146835327,0.30373916029930115,-0.3126324415206909,-0.10425135493278503,0.016107166185975075,0.043259162455797195,-0.4374155104160309,-0.13797765970230103,0.031206632032990456,-0.4520587623119354,-0.23997019231319427,-0.3704708218574524,0.06957695633172989,0.11782900989055634
0.01346640009433031,-0.09097853302955627,-0.03847118839621544,-0.14516763389110565,-0.7072047591209412,-0.1267772763967514,0.0051615419797599316,0.23319204151630402,0.23891450464725494,-0.13728001713752747,-0.0892837718129158,-0.062482718378305435,0.44280168414115906,0.06064769625663757,-0.31518790125846863,-0.1071152463555336
-0.03660189360380173,-0.25640732049942017,0.08518297225236893,-0.209785595536232,0.021056117489933968,-0.3040733337402344,0.2925950288772583,0.10694956034421921,-0.20180010795593262,0.19917316734790802,-0.017513122409582138,-0.3924810588359833,0.019608190283179283,0.6053734421730042,0.24657055735588074,0.17115084826946259
-0.2873818278312683,-0.03302564471960068,-0.18181633949279785,0.2348807156085968,0.19370539486408234,0.03347018361091614,-0.02911924012005329,0.702255129814148,0.21886426210403442,-0.09398442506790161,-0.32368651032447815,-0.0002845742565114051,-0.23646464943885803,0.058813001960515976,-0.12290691584348679,0.24382977187633514
-0.499039888381958,-0.2018582671880722,0.22335456311702728,0.37080028653144836,-0.19464661180973053,-0.4515444338321686,-0.26250791549682617,-0.29165178537368774,-0.12610569596290588,0.07363467663526535,-0.23660027980804443,0.20767761766910553,-0.07422857731580734,-0.007346350699663162,0.03212661296129227,-0.0071943653747439384
0.18330985307693481,-0.26088595390319824,-0.26513221859931946,0.09097523987293243,0.35721179842948914,-0.3653371036052704,-0.021483715623617172,-0.0008023274131119251,-0.1109330803155899,-0.5609468221664429,0.13640595972537994,0.1772354692220688,0.12037720531225204,0.20655745267868042,-0.1846211850643158,-0.30000555515289307
0.000981690944172442,0.09066473692655563,-0.1951465755701065,-0.46396395564079285,-0.11730795353651047,-0.02192513644695282,0.02217717468738556,0.09075960516929626,-0.3753119111061096,-0.18495617806911469,-0.41202300786972046,0.4532049596309662,0.04214784502983093,-0.09876461327075958,0.3720320463180542,0.12369553744792938
0.018750250339508057,0.4089912176132202,0.3642534911632538,0.2896978557109833,0.12234415858983994,-0.13305248320102692,0.04251265525817871,0.3602486848831177,-0.18745888769626617,-0.045244958251714706,-0.021059347316622734,-0.12009628117084503,0.41825178265571594,-0.11663463711738586,0.3316100537776947,-0.3177339434623718
0.4474281072616577,-0.09603962302207947,0.08724170923233032,0.12709534168243408,-0.10510066151618958,-0.12540219724178314,0.30298882722854614,-0.01748109795153141,0.2894412577152252,0.15838687121868134,-0.42800790071487427,0.11149673908948898,-0.3789186477661133,0.004696819465607405,0.12037855386734009,-0.4305376708507538
-0.10671237111091614,-0.2483849972486496,-0.1232464462518692,0.010091833770275116,0.16620412468910217,0.20003291964530945,0.2029639035463333,0.08794362097978592,-0.4507480263710022,0.4697399139404297,-0.1839337795972824,0.06921917200088501,0.22018349170684814,-0.1253775954246521,-0.4339640736579895,-0.2829894423484802
0.11932846903800964,0.4335767924785614,-0.15600544214248657,-0.16216322779655457,0.15799911320209503,-0.6490329504013062,0.10673196613788605,-0.020324453711509705,0.09591518342494965,0.29453057050704956,0.015436365269124508,0.03314311429858208,0.017018813639879227,-0.21278023719787598,-0.2980663776397705,0.23965293169021606
-0.24206089973449707,0.4709763824939728,-0.0657067820429802,0.00728586595505476,0.0243130661547184,0.15332835912704468,0.22057105600833893,-0.35861581563949585,-0.0748564749956131,-0.3249608874320984,-0.4112798869609833,-0.3102928102016449,-0.059188347309827805,0.23580828309059143,-0.2580171525478363,-0.10743174701929092
0.43332600593566895,0.12157803773880005,-0.030056683346629143,0.48179420828819275,-0.07438322901725769,0.15180805325508118,-0.02733970806002617,-0.09983661770820618,-0.12099932134151459,0.09584490209817886,-0.13441984355449677,0.2870233356952667,0.24945956468582153,0.37024644017219543,-0.08375762403011322,0.4410437047481537
