-0.4605025053024292,-0.06458541750907898,-0.19403597712516785,0.5251159071922302,-0.03810051456093788,-0.3712328374385834,0.15094035863876343,0.5552668571472168
-0.32845818996429443,-0.3372340202331543,0.14100560545921326,0.5003322958946228,0.1137385368347168,0.43483132123947144,-0.4563055634498596,-0.31296101212501526
-0.11612091958522797,-0.3574589788913727,-0.5029518604278564,-0.4171912968158722,-0.2595534920692444,0.40694165229797363,-0.21126428246498108,0.39259108901023865
-0.3034782409667969,0.1273868978023529,-0.5544448494911194,-0.08052577823400497,-0.2167944610118866,-0.39571890234947205,-0.16186709702014923,-0.5899049639701843
-0.11125978827476501,0.0641690194606781,0.2818310260772705,-0.3103847801685333,0.22393165528774261,-0.4139489531517029,-0.7260185480117798,0.24317751824855804
0.3569573760032654,0.32486358284950256,0.06088569387793541,0.3245704770088196,-0.7225790619850159,0.039460066705942154,-0.34657156467437744,0.11916415393352509
0.6580860614776611,-0.42385226488113403,-0.3708294630050659,0.26952168345451355,0.28585007786750793,-0.2647468149662018,-0.1590890884399414,-0.0021387531887739897
0.039929602295160294,0.6699190735816956,-0.40180444717407227,0.13805490732192993,0.4661182463169098,0.3285001218318939,-0.16014716029167175,0.13520890474319458
