0.4161060154438019,0.11031252890825272,0.1855228990316391,0.22100403904914856,0.3357810974121094,-0.47956007719039917,0.02991463430225849,0.16598817706108093,-0.24043415486812592,-0.18717817962169647,0.5167598128318787,-0.01910826750099659
0.0008827013080008328,0.17950919270515442,-0.01328846625983715,0.27910882234573364,-0.1894867718219757,-0.1462470293045044,0.2729775905609131,-0.5081431269645691,0.28344473242759705,-0.4933553636074066,-0.08084314316511154,-0.41158345341682434
-0.5720918774604797,-0.30638957023620605,-0.13026897609233856,-0.09481091052293777,0.1707908660173416,0.15542972087860107,0.19733496010303497,0.009589271619915962,0.040303509682416916,-0.04193269461393356,0.6262853741645813,-0.2547575533390045
0.06512704491615295,0.41644608974456787,-0.045803483575582504,0.3722773492336273,0.21565885841846466,0.35261210799217224,0.4840207099914551,0.1207326278090477,-0.07564953714609146,0.45849159359931946,-0.04072309657931328,-0.21059416234493256
0.13829126954078674,0.07294031232595444,-0.04832178354263306,0.32790815830230713,-0.34648266434669495,0.057948220521211624,-0.517063558101654,-0.033671483397483826,0.4179840087890625,0.3610180616378784,0.39035847783088684,-0.12796811759471893
0.011961265467107296,0.04418130964040756,0.057451166212558746,0.22695861756801605,0.43936383724212646,0.543236255645752,-0.49503806233406067,-0.23472170531749725,-0.22839507460594177,-0.3165622055530548,-0.036218877881765366,-0.033210381865501404
-0.1230534240603447,0.465906023979187,0.189706489443779,-0.36157575249671936,-0.3473123013973236,0.00582386227324605,-0.09964955598115921,-0.32419881224632263,-0.5322266817092896,0.13128435611724854,0.22248324751853943,-0.12398418039083481
-0.011913428083062172,-0.5372507572174072,0.17967568337917328,0.2581677734851837,-0.07053384929895401,-0.19419355690479279,-0.09660477936267853,-0.06892885267734528,-0.3964214026927948,0.2815738618373871,-0.2583148777484894,-0.5023483633995056
0.35261526703834534,-0.32665905356407166,-0.015587415546178818,-0.1014796569943428,0.1398995816707611,0.09000088274478912,0.232354536652565,-0.6748942732810974,0.0412692166864872,0.294888436794281,0.16869181394577026,0.322731614112854
0.5529773235321045,-0.19272351264953613,0.07656296342611313,-0.3500729501247406,-0.23674075305461884,0.446726530790329,0.13762685656547546,0.25990575551986694,0.025816744193434715,-0.2075566053390503,0.11860956251621246,-0.3588067889213562
-0.11370501667261124,-0.1717507690191269,0.3414054214954376,0.45893654227256775,-0.4654482305049896,0.236554354429245,0.21616782248020172,0.10157153010368347,-0.20856066048145294,-0.20215541124343872,0.1324324756860733,0.44592124223709106
-0.1331232786178589,0.04447966814041138,0.8658921718597412,-0.16057650744915009,0.21146097779273987,0.01760196126997471,0.005721620284020901,-0.011686164885759354,0.3759608566761017,0.1078047901391983,-0.050513796508312225,-0.06350786238908768
