-0.10625036805868149,0.13974909484386444,0.5141133666038513,-0.02860349230468273,0.5068397521972656,0.23376229405403137,-0.15034005045890808,0.08477532863616943,-0.04350072145462036,-0.2881326377391815,-0.08199629187583923,-0.12252648919820786,-0.0918748527765274,-0.39870211482048035,0.25051602721214294,-0.16099058091640472
-0.33825597167015076,0.12372815608978271,-0.2400563508272171,-0.26210930943489075,0.568157970905304,0.11062709242105484,-0.0474429689347744,-0.07018449902534485,0.14863546192646027,-0.08217581361532211,0.11090990900993347,0.08063240349292755,0.061006683856248856,0.2087787240743637,-0.515735924243927,0.20195387303829193
-0.13972200453281403,0.12257962673902512,0.19843138754367828,-0.0513622872531414,-0.25220635533332825,0.2643773555755615,0.035637017339468,-0.15014024078845978,-0.5782288908958435,-0.329222708940506,0.0012016692198812962,-0.011816428042948246,-0.25745564699172974,0.3302537798881531,-0.01119936816394329,0.3844084143638611
-0.21682822704315186,-0.04739879444241524,0.38500869274139404,-0.10098396241664886,-0.01867758296430111,-0.006823346484452486,0.6179438233375549,0.14381694793701172,0.12572640180587769,0.2951866090297699,0.4940323233604431,0.0959153026342392,-0.1029587835073471,-0.05291856825351715,0.03468639776110649,0.1362420618534088
0.07300130277872086,-0.15839587152004242,-0.21607378125190735,0.19591495394706726,0.24947458505630493,0.40813493728637695,-0.002996819792315364,0.17767448723316193,-0.30005261301994324,0.21638460457324982,0.33525052666664124,-0.27773216366767883,0.07041843980550766,0.36002951860427856,0.17234548926353455,-0.3653167486190796
-0.07855089008808136,-0.4580836594104767,0.3239137530326843,0.1839853823184967,-0.07984127104282379,-0.23675496876239777,0.006436062511056662,-0.15488886833190918,-0.030496763065457344,-0.23995810747146606,0.09053586423397064,-0.4476032853126526,0.13382300734519958,0.02034359611570835,-0.48967868089675903,-0.18328611552715302
0.34471625089645386,0.34915900230407715,0.0813717171549797,-0.3255072832107544,-0.013170933350920677,0.14620429277420044,0.3249029219150543,-0.056130774319171906,0.04296761378645897,0.24436476826667786,-0.3677903711795807,-0.48031705617904663,-0.12469552457332611,0.0630030408501625,-0.235965758562088,-0.11699334532022476
-0.26527753472328186,-0.37291306257247925,-0.21571093797683716,-0.4540161192417145,-0.03909071534872055,0.01212415099143982,0.19814854860305786,-0.3059616982936859,0.02777429111301899,-0.1642916351556778,-0.13024921715259552,0.09262233227491379,-0.3431715667247772,0.014748821035027504,0.21604466438293457,-0.430562287569046
-0.09589973092079163,-0.18421794474124908,0.16715170443058014,-0.5424501299858093,-0.2735673487186432,0.1437695324420929,-0.5688414573669434,0.2662842273712158,-0.007162618450820446,0.31416088342666626,0.1390099823474884,-0.10071315616369247,-0.0039662146009504795,-0.07663833349943161,-0.08422759920358658,0.05898674577474594
0.2471758872270584,-0.22350665926933289,0.1112854927778244,0.1543208211660385,0.19019310176372528,0.006229985971003771,-0.027037275955080986,0.06413330137729645,-0.3396797776222229,0.3009192645549774,-0.16556578874588013,0.4648899435997009,-0.4031178057193756,-0.14237724244594574,-0.40458613634109497,-0.1255323737859726
0.29929319024086,0.04898367449641228,0.40282171964645386,-0.21442478895187378,0.08725886046886444,-0.028055347502231598,-0.09170494228601456,-0.44682419300079346,0.011097591370344162,0.06540266424417496,0.08516336232423782,0.3541637063026428,0.41420671343803406,0.3651736080646515,0.08778572082519531,-0.18332472443580627
0.36483660340309143,-0.045625586062669754,0.01640891283750534,0.007534208707511425,0.21023844182491302,-0.287162721157074,-0.2348426878452301,-0.16467852890491486,0.2529280483722687,-0.035609204322099686,0.31673339009284973,-0.2044914811849594,-0.5742592811584473,0.20495569705963135,0.1680157333612442,0.21946649253368378
0.29423680901527405,0.13870534300804138,-0.10271430015563965,-0.34945905208587646,0.031170403584837914,-0.3821185231208801,0.1255854070186615,0.48655304312705994,-0.276749849319458,-0.4190296232700348,0.22753597795963287,0.09200792759656906,0.08362144231796265,0.005339369177818298,-0.07290562242269516,-0.1930575668811798
0.18886928260326385,-0.39567050337791443,-0.1508283168077469,-0.2145470231771469,0.29171913862228394,-0.11337237060070038,0.15180858969688416,-0.1659199595451355,-0.34174925088882446,0.138266459107399,-0.08893382549285889,-0.17008066177368164,0.2868059277534485,-0.27364879846572876,0.20592434704303741,0.46708914637565613
-0.18185847997665405,0.42723149061203003,-0.14906956255435944,0.010116621851921082,-0.05396930128335953,-0.24722325801849365,-0.12929990887641907,-0.43293139338493347,-0.3541107773780823,0.22106726467609406,0.35801342129707336,-0.11289741843938828,-0.03182505443692207,-0.3613535761833191,-0.06477560847997665,-0.20718656480312347
0.3984481692314148,-0.07272709906101227,-0.16527049243450165,-0.03113890066742897,-0.18500684201717377,0.5432119369506836,0.06112303584814072,-0.19711695611476898,0.18432027101516724,-0.29193800687789917,0.3491680324077606,0.09341305494308472,0.025447724387049675,-0.3799538314342499,-0.1986141800880432,0.03822733834385872
