-0.07583039999008179,-0.2424747794866562,0.15496787428855896,0.43036261200904846,0.3095830976963043,-0.029075609520077705,0.06522911041975021,-0.009270363487303257,0.2719465494155884,0.020647145807743073,-0.1434285044670105,0.2256825715303421,0.3441104292869568,-0.3158505856990814,0.4085734784603119,0.3069363832473755
0.4321988821029663,0.25458046793937683,0.4996635317802429,0.00391798559576273,-0.0018683604430407286,-0.1543724685907364,0.39897897839546204,-0.2220863699913025,0.2626372277736664,-0.20116576552391052,-0.014196362346410751,0.06581144034862518,0.12521207332611084,0.1784658581018448,0.02822243981063366,-0.32259634137153625
-0.03901459649205208,0.5848132967948914,-0.017392626032233238,0.2531256079673767,0.15498307347297668,-0.08015294373035431,-0.19692444801330566,0.02581298165023327,0.29269468784332275,-0.14032772183418274,0.27009421586990356,-0.20397137105464935,-0.3848678171634674,-0.38605958223342896,-0.017915211617946625,0.06929390132427216
-0.21856027841567993,-0.11085449904203415,-0.027998186647892,-0.20850934088230133,0.18834719061851501,-0.18500758707523346,0.3433051109313965,0.42376792430877686,-0.0010297312401235104,-0.18922066688537598,-0.03542828559875488,-0.5912038087844849,0.040917977690696716,-0.048295531421899796,0.3186972439289093,-0.1907481700181961
0.31566280126571655,-0.2224113494157791,-0.44846612215042114,0.08341389149427414,-0.21650691330432892,0.4554697871208191,0.26369062066078186,0.15533624589443207,0.42487314343452454,-0.20691339671611786,0.2410830557346344,0.03306612744927406,-0.08862793445587158,0.03833489492535591,0.05104203149676323,0.01861097849905491
-0.03229484707117081,0.0895438864827156,-0.084742471575737,0.09699660539627075,-0.13061581552028656,0.0145029965788126,-0.27830395102500916,-0.12105342000722885,0.2211141735315323,-0.2275218516588211,-0.6255788803100586,-0.14844098687171936,-0.24853675067424774,0.43079817295074463,0.2996128499507904,0.11748848855495453
-0.3012197017669678,0.12302833050489426,-0.022166235372424126,0.5622779130935669,0.23529192805290222,0.322893351316452,0.22589892148971558,0.17573721706867218,-0.12830400466918945,0.11618559807538986,-0.15612676739692688,0.07889729738235474,-0.073494091629982,0.23093420267105103,-0.22751812636852264,-0.40606358647346497
-0.3677557706832886,-0.21390198171138763,0.18508288264274597,0.08651036769151688,-0.3899697959423065,0.11829125136137009,0.11591493338346481,-0.38600587844848633,-0.20487014949321747,-0.28882381319999695,0.13458864390850067,0.08460874855518341,-0.3003690838813782,-0.2608492076396942,0.29527658224105835,-0.22943589091300964
-0.19480593502521515,-0.35007980465888977,0.14183259010314941,-0.08732450753450394,0.45125818252563477,-0.1474207192659378,0.019576603546738625,-0.16047634184360504,0.22167085111141205,-0.019035886973142624,0.3647063970565796,0.07808613777160645,-0.39520135521888733,0.4309355318546295,-0.07668289542198181,0.15450340509414673
-0.2375922054052353,0.08787853270769119,0.3162590265274048,-0.46522822976112366,-0.01165867317467928,0.4086378812789917,0.14431732892990112,0.1262824684381485,0.3547120988368988,0.32268187403678894,-0.2765148878097534,0.1276869773864746,-0.20002983510494232,-0.2138066291809082,-0.06276500225067139,0.055677495896816254
-0.2334357351064682,0.026890061795711517,-0.09001951664686203,-0.20219255983829498,0.07428456842899323,-0.1655842810869217,-0.1476631462574005,0.2884711027145386,0.11951626092195511,-0.620247483253479,-0.10370330512523651,0.49978023767471313,0.13003751635551453,-0.07278941571712494,-0.2282320261001587,-0.15498608350753784
0.09719527512788773,-0.13676650822162628,0.4799571931362152,0.240012988448143,-0.3964272141456604,-0.08848030120134354,-0.19086822867393494,0.6251521110534668,-0.029422519728541374,0.042655158787965775,0.15437817573547363,0.05764336884021759,-0.16393762826919556,0.13975968956947327,0.03785056993365288,0.11820858716964722
0.037030771374702454,0.09334105998277664,0.2238929569721222,0.016064653173089027,0.10405206680297852,0.3323112428188324,0.2460867315530777,-0.023577092215418816,-0.3490346670150757,-0.43965548276901245,-0.06481070071458817,-0.1722855269908905,0.022750383242964745,0.01888076588511467,-0.25251075625419617,0.5861048698425293
-0.23396635055541992,0.03541999310255051,0.21580031514167786,-0.04541764035820961,-0.022230874747037888,0.3910098373889923,-0.43808016180992126,-0.1092480942606926,0.2054242491722107,-0.10767468065023422,0.2973392605781555,-0.28846976161003113,0.5074594616889954,0.18736796081066132,0.011741974391043186,-0.14128592610359192
0.45596247911453247,-0.34092363715171814,0.15629731118679047,-0.036617398262023926,0.38048768043518066,0.24634329974651337,-0.3677983582019806,0.028930960223078728,-0.15922272205352783,-0.1266220659017563,-0.17190086841583252,-0.10146448761224747,-0.2258801907300949,-0.27428215742111206,-0.025487063452601433,-0.31686097383499146
0.09564857184886932,0.3575209975242615,-0.049603577703237534,-0.20249195396900177,0.22527863085269928,0.24654553830623627,-0.03572326526045799,0.1504015475511551,-0.3225958049297333,0.013322505168616772,0.21642932295799255,0.3440936803817749,-0.042760830372571945,0.2040615677833557,0.6092358231544495,0.00330913788639009
