7.359438569665144e-08,3.6406632375474146e-08,-3.997521602627785e-08,1.795387021275019e-07,-2.960548250996453e-08,0.9999979734420776,2.5809027803802564e-08,-7.248551270322423e-08
-7.877469698769346e-08,-6.364735583019865e-08,2.3030685269986861e-07,-8.884239122153303e-08,-1.5817657583738765e-07,-1.9833450437545252e-07,-7.668492685297679e-08,0.9999997019767761
-2.1277647022088786e-07,0.9999979138374329,-1.0554062157552835e-07,1.714382058537467e-08,-2.7312640327181725e-07,-4.8290775822579235e-09,1.8207582286322577e-07,9.556796953802404e-08
-1.7819141995278898e-10,-1.7627037607326201e-07,6.578797950851367e-08,2.33947278216462e-10,1.000001311302185,-1.8628699649525515e-07,7.01249192047726e-08,1.719340048111917e-08
1.0000027418136597,-6.497698024077181e-08,3.992713359934896e-08,3.4604201459842443e-07,-2.408389718766557e-07,2.940310253052303e-07,-9.073828977079756e-08,-1.4541626569553046e-07
-3.741982723681758e-08,1.8870504447932035e-07,-7.154977765821968e-08,0.9999977350234985,9.002869205687603e-08,-5.070825981334792e-09,2.2208224947917188e-07,-2.424522449473443e-07
-1.4380457002971525e-07,-1.0124355753760028e-07,7.842250404621609e-09,3.107445536443265e-07,-1.8148639924220333e-07,-2.3504009405428405e-08,1.0000007152557373,6.74719160542736e-08
-9.28700139013472e-09,1.9591452016243238e-08,0.9999995827674866,7.326698892029526e-08,1.5216134841011808e-07,-3.81845808306025e-08,-6.752604519988381e-08,-5.404070968495489e-09
