-0.43857938051223755,-0.3937234580516815,-0.33329537510871887,0.10397794842720032,-0.11925799399614334,-0.41183775663375854,-0.18391048908233643,0.041131604462862015,0.1260708123445511,-0.09441868215799332,0.04954158887267113,0.2535121738910675,0.07534387707710266,0.06159286946058273,-0.44922590255737305,0.09262005984783173
0.15220534801483154,-0.3148188292980194,-0.29166334867477417,0.08778353780508041,0.09650644659996033,-0.10278931260108948,0.4273768961429596,-0.4032596945762634,-0.28914546966552734,0.07413875311613083,-0.27508655190467834,0.054287511855363846,0.02256973646581173,-0.4981294572353363,0.0569148063659668,-0.014087759889662266
0.18248605728149414,0.07211755216121674,-0.030158281326293945,-0.14423087239265442,-0.16352859139442444,-0.283581405878067,-0.10448389500379562,0.10346070677042007,-0.4742274880409241,0.5079624652862549,0.4698534607887268,0.040067486464977264,-0.27367162704467773,-0.07490500062704086,-0.09159016609191895,0.12969955801963806
0.07871268689632416,0.4910306930541992,0.2076314091682434,-0.25582683086395264,0.014444279484450817,-0.28928232192993164,0.03261766955256462,0.06351390480995178,0.16517560184001923,-0.057412583380937576,-0.4144722819328308,0.23218046128749847,-0.16499094665050507,-0.3176669776439667,-0.3482869565486908,0.22233393788337708
0.23112986981868744,0.2247609943151474,0.0026592130307108164,0.21335794031620026,0.029318736866116524,-0.5912970304489136,-0.06317359209060669,-0.42545682191848755,0.07496572285890579,-0.03015996515750885,-0.039227843284606934,0.07276974618434906,-0.012196936644613743,0.39508476853370667,0.19459503889083862,-0.3279731869697571
0.0825580582022667,-0.07448422163724899,0.12555383145809174,-0.38390010595321655,-0.2845296561717987,-0.21314749121665955,-0.19653895497322083,0.16150183975696564,-0.2598898112773895,-0.24299044907093048,-0.030521413311362267,0.12274587899446487,0.6108425855636597,-0.1728128343820572,0.26384103298187256,-0.1349126398563385
0.48282426595687866,-0.1259799599647522,-0.1291465014219284,0.07547101378440857,-0.5269715189933777,0.2262919545173645,-0.1634090095758438,-0.07833873480558395,-0.12701591849327087,-0.04611273482441902,-0.35413673520088196,-0.10986742377281189,-0.019621575251221657,0.29997947812080383,-0.3139699101448059,0.14898140728473663
-0.04716004058718681,-0.022212201729416847,-0.3570454716682434,-0.3015797436237335,0.19154475629329681,-0.21804703772068024,0.10424060374498367,0.4252066910266876,-0.21467351913452148,-0.17278389632701874,-0.2869794964790344,-0.4144918620586395,-0.28542202711105347,0.19406643509864807,0.048429135233163834,-0.2266691029071808
-0.12271563708782196,0.009752320125699043,0.24554669857025146,-0.10217191278934479,-0.23074409365653992,0.10460866987705231,0.5927940011024475,0.07574567943811417,-0.09667585790157318,0.07825436443090439,0.06249098479747772,0.21822737157344818,0.04861392825841904,0.20958861708641052,-0.34660911560058594,-0.5092704892158508
-0.2973783612251282,-0.14707696437835693,0.022784633561968803,-0.3381134867668152,-0.4140762686729431,-0.07146887481212616,0.1743999570608139,-0.13079321384429932,0.2843278646469116,0.33955273032188416,-0.21701836585998535,0.010663633234798908,-0.1757218986749649,0.1623089611530304,0.4461659789085388,0.22664578258991241
-0.3831246495246887,0.22517643868923187,0.03547532111406326,0.37187764048576355,0.06328185647726059,0.10630900412797928,-0.14674578607082367,0.12644623219966888,-0.4947192668914795,0.24900926649570465,-0.43265673518180847,0.24411828815937042,0.10269038379192352,0.1566716581583023,0.14024241268634796,0.04281093552708626
-0.2810298800468445,-0.10308259725570679,0.46003279089927673,-0.0880318209528923,0.06970680505037308,-0.13045093417167664,-0.10141293704509735,-0.35443833470344543,-0.18016019463539124,0.08523357659578323,-0.08253937214612961,-0.6216433644294739,0.1353670060634613,0.002354344120249152,-0.28140485286712646,0.0522744357585907
-0.22369877994060516,0.4595317542552948,-0.53014075756073,-0.32767370343208313,-0.06485376507043839,0.2737617790699005,-0.14796213805675507,-0.39152991771698,-0.010685481131076813,0.08007649332284927,0.09896963089704514,-0.05771792307496071,0.16297173500061035,-0.030522430315613747,-0.13097356259822845,-0.17813163995742798
0.11026646196842194,-0.10022294521331787,0.007163443136960268,-0.3734155595302582,0.4539746940135956,0.05598435550928116,0.17936621606349945,-0.167720764875412,-0.18386539816856384,-0.08452577143907547,0.048817045986652374,0.269802063703537,0.1660912185907364,0.47742635011672974,-0.06449662894010544,0.4392809569835663
0.13837440311908722,-0.3436730206012726,0.12079931795597076,-0.2765512466430664,0.2973516285419464,0.14966192841529846,-0.4412764608860016,-0.04837089776992798,0.12927323579788208,0.3613801598548889,-0.2326708436012268,0.23669938743114471,-0.13180847465991974,-0.042148325592279434,-0.0749291405081749,-0.42608973383903503
-0.19697830080986023,-0.0688929632306099,0.17464648187160492,-0.10767760872840881,-0.1450064331293106,0.13060635328292847,-0.17008090019226074,-0.2805238962173462,-0.30808866024017334,-0.545425295829773,0.08810456097126007,0.21705211699008942,-0.5503950715065002,-0.04977496713399887,0.10896635055541992,-0.06390717625617981
