0.023670706897974014,0.04110019654035568,-0.11234342306852341,0.31063520908355713,0.045634347945451736,0.36047807335853577,-0.32823842763900757,0.14743293821811676,-0.4086998999118805,0.2512865364551544,0.48260876536369324,0.02473635785281658,-0.02068815566599369,-0.14943744242191315,0.3724624514579773,-0.04403538256883621
0.19235332310199738,0.49839702248573303,0.16247054934501648,-0.19173555076122284,0.01642731949687004,0.01589837670326233,-0.12841135263442993,-0.20188020169734955,0.03628017008304596,0.18753358721733093,0.14026112854480743,-0.4981030523777008,0.2252693921327591,-0.09721987694501877,-0.11590643227100372,0.4645184576511383
0.07739716023206711,0.027552079409360886,-0.03557462990283966,-0.4109801948070526,0.42737165093421936,0.5885629653930664,0.27413228154182434,-0.03262246772646904,0.12179037928581238,-0.26614704728126526,0.23834948241710663,0.18050037324428558,-0.02425324358046055,0.1841346174478531,0.03156733885407448,0.08523289114236832
-0.18526850640773773,0.3017694056034088,-0.10750623047351837,-0.08703666180372238,-0.3768959045410156,0.034292105585336685,0.457206130027771,-0.3421217203140259,0.07647658884525299,0.17169028520584106,0.13765539228916168,-0.13088934123516083,-0.3944762051105499,-0.004184559918940067,0.3160102665424347,-0.243454247713089
0.35336804389953613,-0.23390106856822968,-0.3105357587337494,-0.1857701689004898,0.08581632375717163,0.04468660429120064,0.18297208845615387,0.03357139602303505,-0.29647913575172424,0.10774540901184082,-0.22961968183517456,-0.4993133544921875,0.2791411578655243,0.12954774498939514,0.11537225544452667,-0.3687163293361664
-0.07909984141588211,-0.42341485619544983,-0.15481840074062347,0.22272007167339325,-0.04494063928723335,-0.0705893486738205,0.14181186258792877,0.1935213804244995,0.4302769601345062,-0.0643073171377182,0.21235372126102448,-0.362675279378891,-0.014866810292005539,0.16727949678897858,0.3221870958805084,0.4223935604095459
0.3223244845867157,-0.24302290380001068,0.1852504163980484,-0.19253607094287872,-0.200140580534935,-0.1310611367225647,-0.04786676913499832,-0.0870586559176445,0.1842844933271408,0.501085638999939,0.38922715187072754,0.26259973645210266,0.10929641127586365,0.38171347975730896,-0.14600202441215515,-0.11867044866085052
-0.24575082957744598,0.010203183628618717,-0.4518740475177765,-0.27582234144210815,0.34279415011405945,-0.26906368136405945,0.03440440446138382,0.07913804799318314,0.23829670250415802,0.35848280787467957,0.12172862142324448,0.13974407315254211,0.15690484642982483,-0.46393057703971863,-0.004919482860714197,-0.04865703731775284
0.12966519594192505,0.12402911484241486,-0.21021436154842377,-0.30635568499565125,-0.5437637567520142,-0.06400636583566666,0.04810832440853119,0.22659344971179962,-0.12667503952980042,-0.2593896687030792,-0.006129680201411247,0.3236006498336792,0.3780551850795746,-0.07074714452028275,0.2939545512199402,0.2321649044752121
-0.1266094595193863,0.002808263758197427,0.10291413217782974,0.42050257325172424,0.1688322275876999,-0.0026946477591991425,0.4775766134262085,-0.3329896330833435,-0.17455211281776428,0.17206308245658875,-0.08499889075756073,0.238107830286026,0.5100409388542175,0.06705285608768463,0.08609995245933533,0.18174144625663757
0.5185155868530273,-0.04447466507554054,-0.012524900957942009,-0.03879151865839958,0.2929001748561859,-0.3617073595523834,0.04966827854514122,-0.17343010008335114,-0.19180916249752045,0.010287134908139706,-0.11867686361074448,0.20113272964954376,-0.4287201762199402,-0.08086296916007996,0.3290117383003235,0.29716920852661133
0.3439871072769165,-0.11619719117879868,0.45793721079826355,0.09050747752189636,-0.07967474311590195,0.13668754696846008,0.3130762279033661,0.23320963978767395,0.2130291610956192,-0.0143940644338727,0.05763553828001022,-0.04171176254749298,0.05462273955345154,-0.6218030452728271,0.018558725714683533,-0.1794975847005844
0.17437444627285004,-0.1341579407453537,-0.15946578979492188,0.09075015783309937,-0.08986604958772659,0.25921252369880676,-0.4089902341365814,-0.5833556652069092,0.4066028892993927,-0.09160997718572617,-0.2090124487876892,0.08105907589197159,0.15841922163963318,-0.1698402464389801,0.21141654253005981,-0.11167623102664948
0.02836068905889988,0.4425944685935974,0.22253234684467316,0.06968273967504501,0.25947433710098267,-0.16128407418727875,-0.1181032806634903,0.29192638397216797,0.32104402780532837,0.016775615513324738,-0.13856083154678345,0.03434484824538231,0.16907353699207306,0.29823553562164307,0.4749034345149994,-0.299378365278244
0.2484314888715744,0.2173890620470047,-0.3346802294254303,0.2469789683818817,-0.11421717703342438,0.35647743940353394,0.10759618878364563,0.3030439615249634,0.19385233521461487,0.38528236746788025,-0.38670891523361206,0.14440827071666718,-0.17589013278484344,0.08336221426725388,-0.21284747123718262,0.18673618137836456
0.33727458119392395,0.27003213763237,-0.3710031807422638,0.37220513820648193,0.035082291811704636,-0.22752630710601807,0.10412709414958954,-0.05408405885100365,0.11189118772745132,-0.3895052373409271,0.4128260314464569,0.005099655594676733,0.058730803430080414,0.03424528241157532,-0.30095309019088745,-0.2012496143579483
