0.2574411630630493,-0.1953081637620926,0.3138151168823242,-0.3699658215045929,-0.53019118309021,-0.022513145580887794,0.3644069731235504,-0.3744920790195465,-0.22326062619686127,-0.23607435822486877
0.30020326375961304,0.14035247266292572,-0.44349080324172974,0.07887239009141922,0.13737724721431732,-0.492216557264328,0.3480395972728729,0.050447989255189896,0.21250653266906738,-0.507235586643219
0.18323151767253876,0.22836165130138397,0.47399821877479553,-0.24839025735855103,-0.1793094426393509,-0.03933888301253319,-0.16506047546863556,0.4870930016040802,0.5611928701400757,-0.12151077389717102
0.5290114283561707,-0.219411239027977,-0.24835166335105896,-0.3047582805156708,0.13358958065509796,0.10936763882637024,0.2792109549045563,0.2888181209564209,-0.0030998794827610254,0.5711897015571594
0.13273657858371735,0.0249060969799757,0.5834996104240417,0.0409669503569603,0.622831404209137,-0.3677642047405243,0.13759379088878632,-0.26690447330474854,-0.04939843341708183,0.15437522530555725
0.21678662300109863,0.3551620543003082,-0.11386704444885254,0.23436301946640015,-0.2685598134994507,-0.01590513437986374,-0.06353890895843506,-0.564635157585144,0.4548295736312866,0.3960725963115692
0.17591096460819244,-0.559096097946167,-0.08438542485237122,-0.03849920257925987,-0.1184796541929245,-0.48065122961997986,-0.6267479658126831,-0.0819844976067543,0.046698350459337234,0.032900020480155945
-0.624301552772522,-0.33106616139411926,-0.06814328581094742,-0.2677477300167084,-0.009332466870546341,-0.20238818228244781,0.3563530743122101,-0.07077663391828537,0.46642979979515076,0.18360403180122375
0.21155762672424316,-0.49114781618118286,0.0667734295129776,0.2566821873188019,0.24359355866909027,0.5455303192138672,0.04379778727889061,-0.17049674689769745,0.39714646339416504,-0.31308338046073914
-0.010353184305131435,0.22734741866588593,-0.22095578908920288,-0.7118048667907715,0.3413524031639099,0.19650785624980927,-0.31013351678848267,-0.32509034872055054,0.057232268154621124,-0.180105522274971
