2.275142740870706e-08,2.765107183222426e-07,0.9999976754188538,-9.857485849806835e-08,4.765852423815886e-08,-9.377596477122552e-09,-5.427948934766391e-08,3.282351102029679e-08
-8.10945337548219e-08,-4.258390973177484e-08,-7.16715931048384e-08,7.676599977912701e-08,0.9999988675117493,-1.1391642118496748e-07,1.302972947314629e-07,4.637389494632771e-08
3.439911466784906e-08,-1.4790481372983777e-07,4.265350028731518e-08,1.0000005960464478,8.959700181776498e-08,-8.967172249185751e-08,2.463999067003897e-07,8.420505537287681e-08
8.981729848756004e-08,3.658463043620941e-08,1.17976846070178e-07,6.261279850150459e-08,-4.339592507562884e-08,0.9999997019767761,-4.180105861451011e-08,7.425966686014362e-08
2.962257639183008e-08,0.9999987483024597,7.329872886430167e-08,-7.917390121292556e-08,-5.53557377713787e-08,-1.811863086231824e-07,-1.8620782782363676e-07,1.8287245495685056e-07
8.304272824943837e-08,6.275756447848835e-08,2.9282594127266748e-08,5.739626374179352e-08,8.71415792857988e-08,-1.0462773047947849e-07,0.999997615814209,6.132941621217469e-08
1.0000011920928955,9.352895347092272e-08,-8.776586923886498e-08,1.1292461010725674e-07,2.3707675822493002e-08,8.746346225052548e-08,-6.153221931981534e-08,-1.917821634833672e-08
1.2328005993822444e-07,1.8751759256474543e-08,-1.0240459147325964e-07,-1.0265224403838147e-07,9.731913053201424e-08,-1.5860528890243586e-07,2.4996194269988337e-07,0.9999974966049194
