0.16118884086608887,0.24683016538619995,0.21452733874320984,0.4739346504211426,0.02909407764673233,-0.24926938116550446,0.5553000569343567,-0.5206893682479858
-0.6356479525566101,-0.2350846230983734,-0.21110865473747253,0.4612222909927368,0.5140395164489746,0.11482185870409012,0.05367423593997955,0.055607959628105164
-0.07062634080648422,-0.646447479724884,0.6924161314964294,0.12175721675157547,-0.24743743240833282,0.12355286628007889,0.05708190053701401,0.055695679038763046
-0.13834121823310852,0.20635643601417542,0.5242468118667603,-0.36038321256637573,0.563015341758728,-0.44712725281715393,-0.09815173596143723,0.08380328863859177
0.4618121087551117,0.23289404809474945,0.20734192430973053,0.25726813077926636,0.35460710525512695,0.509917140007019,0.11677435785531998,0.47319531440734863
-0.36254993081092834,0.13582944869995117,0.01960352249443531,-0.4934726059436798,-0.09212099760770798,0.34270942211151123,0.688788652420044,0.07643084973096848
0.003821650519967079,-0.05457330495119095,-0.1433504819869995,0.18212109804153442,-0.22392545640468597,-0.5657457709312439,0.3228952884674072,0.6847019195556641
0.44846072793006897,-0.5896313190460205,-0.30201056599617004,-0.2740240693092346,0.41512352228164673,-0.10935038328170776,0.2890358865261078,-0.13073745369911194
