1.1439951208558341e-07,-1.2031975415993656e-07,-2.0162893576980423e-08,5.65915243555537e-08,6.705757726876982e-08,0.9999984502792358,1.9139122287015198e-07,2.686309130695008e-07
1.5189473856480618e-07,-1.2319770803514984e-07,2.1943166927940183e-07,8.908062909540604e-08,2.143287503031388e-08,1.9659329097976297e-07,0.9999997019767761,-2.9038158544381076e-08
3.090765687829844e-07,6.976468114316958e-08,1.1411957601126232e-08,1.000001072883606,-8.318892241732101e-09,-8.2498608833248e-08,1.450980136041835e-07,4.81388831019558e-08
-3.124293073142326e-07,9.247494991981853e-10,-2.733643498231686e-07,6.531358565098344e-08,1.0000020265579224,-6.078742131876425e-08,5.8142237691072296e-08,5.4636760893345127e-08
-1.081899441146561e-07,0.9999979734420776,2.0188233307294468e-09,5.5892432015980376e-08,-9.598041827985071e-08,-5.544029590964783e-08,-6.664073737283616e-08,1.3194026848850626e-07
-1.1017663581469606e-07,-7.840471738518318e-08,0.9999979138374329,1.1993003923294054e-08,2.3506446567012063e-08,-6.49581792799836e-08,1.8608966456667986e-07,1.2983565511603956e-07
0.9999974966049194,-1.5356071969563345e-08,-1.1684356593377743e-07,4.3010839334556294e-08,-9.735165917845734e-08,-1.5414076415254385e-07,2.40333690726402e-07,9.466881323305643e-08
-1.5188125246368145e-07,-3.67428825143179e-08,1.1051576365161964e-07,-1.834580558579546e-07,-7.634323395677711e-08,4.056242985939207e-08,1.9894834224487568e-08,1.0000019073486328
