1.4631011424626195e-07,-2.1472592948157398e-07,9.207624884766119e-08,0.9999982714653015,9.183061422390892e-08,-1.0600412991834673e-07,-1.1306380542919214e-07,-6.298619581457388e-08
0.9999980330467224,6.86016443651738e-09,-1.4429796912907022e-08,6.019762821551922e-08,-3.4365109513601055e-07,5.76127696660933e-08,4.567789346765494e-08,-1.4152438154724223e-07
-1.7288606102283666e-07,-3.0295218778064736e-08,-8.090746916877833e-08,-1.8138963753244752e-07,-2.905908580430605e-08,1.0000019073486328,-7.18137371791272e-08,-2.6736023173157264e-08
2.3386070324704633e-07,-5.1003958390083426e-08,-2.2353894735260837e-07,8.127060624474325e-08,1.0000020265579224,-3.7202010361170323e-08,-5.677086178934587e-08,6.385467798963873e-08
-5.602427322060066e-08,0.9999974966049194,-5.163555982790058e-08,1.783310494829493e-07,-7.038853055973959e-08,-4.4585998892898715e-08,1.3145154298399575e-07,6.499004001625508e-08
1.0292935570532791e-07,-3.4392201087030116e-08,1.0000017881393433,2.063786439521209e-07,-1.0731161381727361e-07,-1.3862494085969956e-07,-6.95566058084296e-08,-6.466930813076033e-08
-6.410038366766457e-08,2.793406927992237e-08,-4.1101586134573154e-08,1.7799838758492115e-07,-1.7196923352003068e-07,1.1973064317771787e-07,-6.755394821311711e-08,0.999997615814209
-1.6252043621989287e-07,-9.936051270642565e-08,1.552133994664473e-07,6.187145373814928e-08,6.112831840709987e-08,1.382406300542982e-09,1.0000003576278687,-1.061832506366045e-07
