-1.0172008302333779e-07,1.0415635642857524e-07,7.650529454394928e-08,-7.821136449592814e-08,1.1825682122434955e-07,0.9999995231628418,-7.879252450493368e-08,-1.522595169944907e-07
7.906252363909516e-08,-1.4807733350608032e-07,0.9999978542327881,7.504538501734714e-08,3.5731481773382257e-08,-1.2326135845341923e-07,8.359629788401435e-08,-2.230540872005804e-07
4.5423838912483916e-08,1.233178750226216e-07,5.3732513549675787e-08,1.0000020265579224,-1.9522437355590228e-07,6.347692504959923e-08,-1.5035406875085755e-07,5.980818684747646e-08
3.342104193393425e-08,1.0000017881393433,2.7440316685556354e-08,5.061499663838731e-08,-3.3534164334270145e-09,-1.2512923142082855e-08,9.418069168987131e-08,-2.245250101395868e-07
2.896964446108541e-08,-1.254984205445453e-08,3.4723410635706387e-07,-7.938013624197993e-08,0.9999989867210388,2.3635196555460425e-07,6.479737635345373e-08,-4.353800164835775e-08
-2.417125415377086e-07,-2.476043903243408e-07,-2.717587506140262e-07,1.5982448076101718e-07,4.3340076416598095e-08,6.918864414728887e-08,2.2665031451651885e-07,1.0000016689300537
-1.4061122044495278e-08,-1.7600596891043097e-07,-1.1838608315883903e-07,3.1118972287913493e-08,-1.8144254099183854e-08,1.0143547513052908e-07,1.0000016689300537,-8.984533650391313e-08
0.9999976754188538,-1.1483283657298671e-07,8.016405672606197e-08,5.169313510577922e-08,-1.92670057685973e-07,-1.1041283443091743e-07,9.757407326560497e-08,-2.0236456066413666e-07
