-0.3095105290412903,-0.29268911480903625,-0.07890161871910095,-0.22839586436748505,-0.3471096158027649,0.0673876479268074,0.13070037961006165,-0.2832900285720825,-0.21918746829032898,-0.4058714509010315,-0.36926916241645813,-0.05860911309719086,0.12802395224571228,-0.12100924551486969,-0.3040946125984192,-0.24840864539146423
-0.22672851383686066,0.14243556559085846,-0.017053639516234398,-0.15538334846496582,-0.38276219367980957,0.00678936205804348,0.5094363689422607,-0.1239420548081398,0.25000956654548645,0.36682775616645813,0.07339208573102951,-0.3727112412452698,-0.026360787451267242,-0.004327121656388044,-0.01463540643453598,0.3743477463722229
-0.4230978190898895,-0.20950065553188324,0.0024859746918082237,0.07958308607339859,0.37911173701286316,-0.12069032341241837,-0.3313492238521576,-0.39793482422828674,-0.007336219307035208,0.16577903926372528,-0.20279458165168762,0.005981603171676397,-0.04106000065803528,-0.2515208125114441,0.08399345725774765,0.4512430429458618
0.12231612205505371,0.19334225356578827,-0.1910325437784195,-0.03467511758208275,0.18478462100028992,0.4437166452407837,0.07749611884355545,-0.4055868089199066,-0.4061967730522156,0.32266807556152344,0.29331305623054504,0.12087659537792206,0.03203287720680237,-0.04519958049058914,-0.36034274101257324,-0.07585295289754868
-0.16421999037265778,-0.052566178143024445,0.27111881971359253,0.07790035754442215,-0.35171398520469666,0.3406895101070404,-0.0467974953353405,-0.09621158987283707,0.17285065352916718,0.18387319147586823,0.10307101905345917,0.47124192118644714,0.1856660544872284,-0.32204970717430115,0.4108777344226837,-0.18997159600257874
0.2164030373096466,0.26265808939933777,-0.3869292140007019,-0.11583384871482849,-0.0763213112950325,-0.1946086436510086,0.09323246777057648,-0.08237309008836746,-0.1386003941297531,-0.25775203108787537,0.0825280025601387,0.004190258216112852,-0.29252704977989197,-0.6253522634506226,0.2997834086418152,0.05378855764865875
0.21143029630184174,-0.46402740478515625,-0.1546863466501236,-0.32664838433265686,-0.015806294977664948,0.17425483465194702,-0.07456241548061371,-0.3567095100879669,0.24996808171272278,-0.14282366633415222,0.27685633301734924,-0.014210725203156471,-0.3209463655948639,0.33640792965888977,0.26368287205696106,0.022208351641893387
-0.19095943868160248,0.27835002541542053,0.4061320722103119,-0.08570599555969238,-0.0967332199215889,0.1343497633934021,-0.21186017990112305,-0.0416083000600338,-0.3423401117324829,0.0707596093416214,-0.12201838195323944,-0.3026914596557617,-0.5470069646835327,0.132143035531044,0.22237780690193176,-0.2118959128856659
-0.4508548974990845,-0.29606738686561584,-0.32533499598503113,0.09148860722780228,-0.1659698337316513,-0.14738157391548157,-0.08538760989904404,0.38739272952079773,-0.1415322721004486,0.19606727361679077,0.38228458166122437,0.15133237838745117,-0.341316282749176,-0.025821980088949203,-0.17550159990787506,-0.11290454119443893
-0.1713854968547821,0.09365540742874146,0.3841422498226166,-0.48338016867637634,0.18954338133335114,-0.21345840394496918,0.2910858988761902,0.0666159987449646,-0.21471869945526123,-0.2118784636259079,0.228613942861557,0.4429318308830261,-0.006524447351694107,0.09242291003465652,-0.020486481487751007,0.24803100526332855
0.17221572995185852,-0.3014408349990845,0.009900023229420185,-0.3340381979942322,-0.09209220111370087,-0.0946081355214119,-0.17743149399757385,0.19058635830879211,-0.4672582149505615,0.26251670718193054,0.10297256708145142,-0.31148427724838257,0.4430043399333954,-0.08061333745718002,0.28543993830680847,0.05884218588471413
0.27539920806884766,0.0014578939881175756,0.1250290423631668,0.23188599944114685,-0.4370025098323822,-0.5753816962242126,-0.13193140923976898,-0.39113369584083557,-0.16563285887241364,0.17459061741828918,0.017015529796481133,0.232574462890625,-0.04915666580200195,0.17943492531776428,-0.11622190475463867,0.04366891458630562
0.05447157844901085,-0.20989751815795898,0.43109217286109924,0.04045439511537552,0.21239013969898224,-0.2305966168642044,0.09054519981145859,-0.1472248136997223,0.21335692703723907,0.0008124478626996279,0.38420459628105164,-0.3254750967025757,-0.018926629796624184,-0.3957636058330536,-0.2291383147239685,-0.35886242985725403
-0.1471417397260666,-0.15723983943462372,-0.09422682225704193,0.4121694564819336,0.2509792149066925,-0.12597128748893738,0.5558913350105286,-0.15194891393184662,-0.2716934084892273,-0.012444039806723595,-0.012556055560708046,-0.031174080446362495,0.06057179719209671,0.20396395027637482,0.44100257754325867,-0.22145991027355194
-0.18823660910129547,0.2789517939090729,-0.26977601647377014,-0.4272019863128662,0.17434218525886536,-0.3233032822608948,-0.0896294042468071,-0.1325085461139679,0.2536167502403259,0.3068891167640686,-0.13615819811820984,0.08219338953495026,0.1353837549686432,0.12226603180170059,0.09748522192239761,-0.49435028433799744
-0.3250536024570465,0.33812645077705383,-0.09086920320987701,0.14568129181861877,-0.12076099216938019,-0.027139656245708466,-0.2830403745174408,-0.17428356409072876,0.008634471334517002,-0.4079078733921051,0.49650225043296814,-0.21267500519752502,0.34694740176200867,0.18313150107860565,0.1002148687839508,0.05062323808670044
