0.6703665852546692,0.06838105618953705,0.19109664857387543,0.2559957802295685,-0.2749228775501251,-0.4461411237716675,-0.34864428639411926,0.21841444075107574
0.12824630737304688,-0.3574574887752533,-0.39126139879226685,-0.5505655407905579,0.12090184539556503,-0.5862651467323303,0.20243868231773376,-0.01628199964761734
0.1156720370054245,0.3622894585132599,-0.7773236632347107,0.2523018717765808,0.2788581848144531,0.0985645279288292,-0.10691765695810318,0.2976066768169403
-0.14007511734962463,0.6768327951431274,0.31348317861557007,-0.17085310816764832,0.46858108043670654,-0.40014779567718506,-0.023318728432059288,-0.12076792120933533
0.09020742774009705,-0.44686633348464966,0.033980585634708405,0.3376785218715668,0.6286017894744873,-0.029074938967823982,-0.35354799032211304,-0.39497891068458557
0.15955178439617157,-0.1960964947938919,0.30154502391815186,0.1515076756477356,0.41887786984443665,0.059986330568790436,0.520169198513031,0.6103872060775757
-0.682829737663269,-0.1862187385559082,-0.00024755558115430176,0.27545365691185,-0.10587645322084427,-0.42197006940841675,-0.27433350682258606,0.3983265161514282
0.03621426969766617,-0.0732959732413292,0.12572935223579407,-0.5706498622894287,0.17509721219539642,0.3239084780216217,-0.5955349206924438,0.4020354449748993
